   2.1617208870000002e+04   2.2824121019000002e+04   2.4895438480999997e+04   2.0093024539000002e+04   2.1973343697000000e+04   2.1430941772999999e+04   2.2464036055000000e+04   2.3386681034000001e+04
   2.1622189633000002e+04   2.2830598399999999e+04   2.4896763074999999e+04   2.0093707837999998e+04   2.1972667466999999e+04   2.1429173176000000e+04   2.2461191407999999e+04   2.3380671090999997e+04
   2.1627176084999999e+04   2.2837083041000002e+04   2.4898092659000002e+04   2.0094401362000001e+04   2.1971999541999998e+04   2.1427414769999999e+04   2.2458350617000000e+04   2.3374663434999999e+04
   2.1632167999000001e+04   2.2843573124999999e+04   2.4899423429999999e+04   2.0095105670000001e+04   2.1971338092000002e+04   2.1425666903999998e+04   2.2455513543000001e+04   2.3368658971999997e+04
   2.1637165357000002e+04   2.2850071028000002e+04   2.4900760309000001e+04   2.0095820447999999e+04   2.1970683953000003e+04   2.1423929682000002e+04   2.2452680151000000e+04   2.3362657703000001e+04
   2.1642168508999999e+04   2.2856575195000001e+04   2.4902098479000000e+04   2.0096545697000001e+04   2.1970036881000000e+04   2.1422202634000001e+04   2.2449851471000002e+04   2.3356658090999998e+04
   2.1647176460000002e+04   2.2863085278000002e+04   2.4903442773999999e+04   2.0097281241000001e+04   2.1969397191000000e+04   2.1420485585000002e+04   2.2447025686999998e+04   2.3350660486000001e+04
   2.1652189681000003e+04   2.2869602551000000e+04   2.4904788673999999e+04   2.0098027254999997e+04   2.1968764864999997e+04   2.1418778954000001e+04   2.2444204162000002e+04   2.3344666719999997e+04
   2.1657207613000002e+04   2.2876125738999999e+04   2.4906138675000002e+04   2.0098783146000002e+04   2.1968139117999999e+04   2.1417082723000000e+04   2.2441386090999997e+04   2.3338674839000003e+04
   2.1662231967000000e+04   2.2882655784999999e+04   2.4907492638000000e+04   2.0099549890999999e+04   2.1967521293000002e+04   2.1415396578000000e+04   2.2438573238000001e+04   2.3332684614999998e+04
   2.1667261556000001e+04   2.2889192008000002e+04   2.4908848712000003e+04   2.0100327264000000e+04   2.1966910255999999e+04   2.1413721060000000e+04   2.2435763369000000e+04   2.3326697690000001e+04
   2.1672296065999999e+04   2.2895734880000000e+04   2.4910209096000002e+04   2.0101114686999998e+04   2.1966306234000000e+04   2.1412055715999999e+04   2.2432957584000000e+04   2.3320713103000002e+04
   2.1677336037999998e+04   2.2902284418000003e+04   2.4911574000000001e+04   2.0101912057999998e+04   2.1965709489000001e+04   2.1410400353999998e+04   2.2430154990999999e+04   2.3314730399999997e+04
   2.1682381594000002e+04   2.2908840359999998e+04   2.4912942096999999e+04   2.0102720195000002e+04   2.1965119497000000e+04   2.1408756002000002e+04   2.2427357092999999e+04   2.3308750524999999e+04
   2.1687432245000000e+04   2.2915401747000000e+04   2.4914311956000001e+04   2.0103539063000000e+04   2.1964537252999999e+04   2.1407121719999999e+04   2.2424563383000001e+04   2.3302774208999999e+04
   2.1692487572999999e+04   2.2921970462000001e+04   2.4915685567000000e+04   2.0104367513000001e+04   2.1963961500999998e+04   2.1405497749999999e+04   2.2421772743999998e+04   2.3296799201999998e+04
   2.1697548695000001e+04   2.2928544848999998e+04   2.4917065007000001e+04   2.0105206554000000e+04   2.1963393601000000e+04   2.1403884302999999e+04   2.2418986765000001e+04   2.3290826969999998e+04
   2.1702614685000000e+04   2.2935125361000002e+04   2.4918446279000000e+04   2.0106055820999998e+04   2.1962832210000000e+04   2.1402280680000000e+04   2.2416203612000001e+04   2.3284858141000001e+04
   2.1707686311999998e+04   2.2941713219999998e+04   2.4919831948999999e+04   2.0106916030000000e+04   2.1962278619000001e+04   2.1400688085999998e+04   2.2413425188000001e+04   2.3278891265000002e+04
   2.1712762423000000e+04   2.2948306488000002e+04   2.4921218175999998e+04   2.0107785731000000e+04   2.1961731188000002e+04   2.1399104636000000e+04   2.2410649870999998e+04   2.3272926955999999e+04
   2.1717844938000002e+04   2.2954906718999999e+04   2.4922611192000000e+04   2.0108666793000000e+04   2.1961191853999997e+04   2.1397532877000001e+04   2.2407879719000000e+04   2.3266965175999998e+04
   2.1722932096000000e+04   2.2961513755000000e+04   2.4924005883999998e+04   2.0109557486999998e+04   2.1960659745000001e+04   2.1395971257000001e+04   2.2405112533000000e+04   2.3261006869000001e+04
   2.1728024767000003e+04   2.2968126463000001e+04   2.4925405723000000e+04   2.0110458807999999e+04   2.1960134528000002e+04   2.1394420002999999e+04   2.2402350111000000e+04   2.3255049679000000e+04
   2.1733122133000001e+04   2.2974745015999997e+04   2.4926805927999998e+04   2.0111370110000000e+04   2.1959615820999999e+04   2.1392878607999999e+04   2.2399591441000000e+04   2.3249096100999999e+04
   2.1738224785999999e+04   2.2981370043999999e+04   2.4928212467999998e+04   2.0112292249999999e+04   2.1959105296999998e+04   2.1391348328000000e+04   2.2396837028999998e+04   2.3243145925000001e+04
   2.1743333127999998e+04   2.2988000760000003e+04   2.4929621521000001e+04   2.0113224650000000e+04   2.1958601352000001e+04   2.1389828570999998e+04   2.2394086002000000e+04   2.3237197321000000e+04
   2.1748446356000000e+04   2.2994638282000000e+04   2.4931035337000001e+04   2.0114166996000000e+04   2.1958104667000000e+04   2.1388318585999998e+04   2.2391338849000000e+04   2.3231250967000000e+04
   2.1753565307000001e+04   2.3001282487000000e+04   2.4932451911000000e+04   2.0115120668000003e+04   2.1957615344999998e+04   2.1386819787000000e+04   2.2388596600000001e+04   2.3225307894000001e+04
   2.1758688552000000e+04   2.3007931805000000e+04   2.4933872375999999e+04   2.0116083484000002e+04   2.1957132480000000e+04   2.1385330480999997e+04   2.2385857072999999e+04   2.3219367037000000e+04
   2.1763817344999999e+04   2.3014587649999998e+04   2.4935296611000002e+04   2.0117057067000002e+04   2.1956657293000000e+04   2.1383852342999999e+04   2.2383122274999998e+04   2.3213429758000002e+04
   2.1768950902000000e+04   2.3021248852000001e+04   2.4936722519999999e+04   2.0118040822999999e+04   2.1956189278000002e+04   2.1382384047000000e+04   2.2380391368000001e+04   2.3207493961000000e+04
   2.1774090252999998e+04   2.3027918133000003e+04   2.4938152443999999e+04   2.0119035363000003e+04   2.1955728784999999e+04   2.1380927127999999e+04   2.2377664736000002e+04   2.3201562980999999e+04
   2.1779234089000001e+04   2.3034592404999999e+04   2.4939585909000001e+04   2.0120039902000000e+04   2.1955274817000001e+04   2.1379479649999997e+04   2.2374941770000001e+04   2.3195632646999999e+04
   2.1784383298999997e+04   2.3041273936000001e+04   2.4941021956999997e+04   2.0121054772000000e+04   2.1954827743000002e+04   2.1378043164999999e+04   2.2372222502000001e+04   2.3189705400999999e+04
   2.1789537918999999e+04   2.3047959760999998e+04   2.4942463135999998e+04   2.0122079605999999e+04   2.1954388276000001e+04   2.1376616976000001e+04   2.2369507579999998e+04   2.3183781383999998e+04
   2.1794697530000001e+04   2.3054652686999998e+04   2.4943907979000000e+04   2.0123115276000000e+04   2.1953956348000000e+04   2.1375201710999998e+04   2.2366797177000000e+04   2.3177859756999998e+04
   2.1799862480000000e+04   2.3061351476000000e+04   2.4945356765999997e+04   2.0124161172000000e+04   2.1953530999000002e+04   2.1373796462999999e+04   2.2364090631000003e+04   2.3171941272000000e+04
   2.1805031793000002e+04   2.3068055971999998e+04   2.4946808728999997e+04   2.0125217068000002e+04   2.1953112978999998e+04   2.1372401666999998e+04   2.2361387923999999e+04   2.3166025473000002e+04
   2.1810206375999998e+04   2.3074766802000002e+04   2.4948263081999998e+04   2.0126283589999999e+04   2.1952702044000001e+04   2.1371017655000000e+04   2.2358688794000002e+04   2.3160112013000002e+04
   2.1815386543000001e+04   2.3081483565999999e+04   2.4949721797999999e+04   2.0127360443000001e+04   2.1952298822000001e+04   2.1369644252999999e+04   2.2355994409999999e+04   2.3154201850999998e+04
   2.1820571193999996e+04   2.3088206349000000e+04   2.4951183445999999e+04   2.0128447295000002e+04   2.1951902004000000e+04   2.1368281077000000e+04   2.2353303725999998e+04   2.3148294255000001e+04
   2.1825760958999999e+04   2.3094935084000001e+04   2.4952649717999997e+04   2.0129544162999999e+04   2.1951512061999998e+04   2.1366927951999998e+04   2.2350616864000000e+04   2.3142389258000003e+04
   2.1830954964000000e+04   2.3101669402000000e+04   2.4954117054999999e+04   2.0130650960999999e+04   2.1951129011999998e+04   2.1365585332999999e+04   2.2347933508999999e+04   2.3136486546999997e+04
   2.1836155495000003e+04   2.3108410456000001e+04   2.4955587916000000e+04   2.0131769328000002e+04   2.1950754234000000e+04   2.1364254229999999e+04   2.2345255493999997e+04   2.3130587746000001e+04
   2.1841361453000001e+04   2.3115157809000000e+04   2.4957065513000001e+04   2.0132897798000002e+04   2.1950387307999998e+04   2.1362933370999999e+04   2.2342581789000000e+04   2.3124691159999998e+04
   2.1846570674999999e+04   2.3121910013999997e+04   2.4958544140000002e+04   2.0134035518000001e+04   2.1950025442999999e+04   2.1361622284000001e+04   2.2339911121000001e+04   2.3118797313999999e+04
   2.1851785480999999e+04   2.3128667750000001e+04   2.4960027251000000e+04   2.0135183776999998e+04   2.1949671500000000e+04   2.1360322364000000e+04   2.2337245006000001e+04   2.3112906556999998e+04
   2.1857005120000002e+04   2.3135431157999999e+04   2.4961514881999999e+04   2.0136342192000000e+04   2.1949324310000000e+04   2.1359032374999999e+04   2.2334582050999998e+04   2.3107018731000000e+04
   2.1862230307999998e+04   2.3142202000000001e+04   2.4963004311000001e+04   2.0137511269999999e+04   2.1948984956000000e+04   2.1357753431000001e+04   2.2331924434999997e+04   2.3101133418000001e+04
   2.1867460085999999e+04   2.3148977361000001e+04   2.4964497403999998e+04   2.0138690258999999e+04   2.1948652214999998e+04   2.1356484556000003e+04   2.2329270379000001e+04   2.3095250565999999e+04
   2.1872695081999998e+04   2.3155759458000000e+04   2.4965993917000000e+04   2.0139879945000001e+04   2.1948326664000000e+04   2.1355227006000001e+04   2.2326620476000000e+04   2.3089371692000001e+04
   2.1877934614000002e+04   2.3162547557999998e+04   2.4967493973000001e+04   2.0141079454999999e+04   2.1948008424000000e+04   2.1353979315000000e+04   2.2323974831000000e+04   2.3083495261999997e+04
   2.1883179365000000e+04   2.3169341224000000e+04   2.4968996995000001e+04   2.0142289522999999e+04   2.1947697636000001e+04   2.1352742531000000e+04   2.2321333287000001e+04   2.3077621622999999e+04
   2.1888429891000000e+04   2.3176140562000001e+04   2.4970506473999998e+04   2.0143510217999999e+04   2.1947394002000001e+04   2.1351516565999998e+04   2.2318695686999999e+04   2.3071751719000000e+04
   2.1893683557999997e+04   2.3182944401999997e+04   2.4972015813000002e+04   2.0144739952000000e+04   2.1947096719999998e+04   2.1350300338000001e+04   2.2316060808999999e+04   2.3065883820999999e+04
   2.1898943157999998e+04   2.3189755449000000e+04   2.4973530143000000e+04   2.0145980557999999e+04   2.1946807011999997e+04   2.1349094947000001e+04   2.2313431479999999e+04   2.3060018767999998e+04
   2.1904207644999999e+04   2.3196571591000000e+04   2.4975048451000002e+04   2.0147231407000003e+04   2.1946524266000000e+04   2.1347900497000002e+04   2.2310806774999997e+04   2.3054155965999998e+04
   2.1909477768000001e+04   2.3203395010000000e+04   2.4976570826000003e+04   2.0148492814000001e+04   2.1946249197999998e+04   2.1346717040000000e+04   2.2308186344999998e+04   2.3048297456999997e+04
   2.1914751188999999e+04   2.3210222285000000e+04   2.4978095014999999e+04   2.0149763730999999e+04   2.1945979941000001e+04   2.1345542936999998e+04   2.2305568411000000e+04   2.3042440622999999e+04
   2.1920030524999998e+04   2.3217054831000001e+04   2.4979623897999998e+04   2.0151044821000000e+04   2.1945718816000001e+04   2.1344380002999998e+04   2.2302955241000000e+04   2.3036588116999999e+04
   2.1925314329000001e+04   2.3223894793000003e+04   2.4981155940000001e+04   2.0152336678000000e+04   2.1945464199999999e+04   2.1343227747000001e+04   2.2300346783000001e+04   2.3030737162999998e+04
   2.1930603245999999e+04   2.3230739657999999e+04   2.4982688802000001e+04   2.0153638691000000e+04   2.1945217594000002e+04   2.1342086170999999e+04   2.2297741517999999e+04   2.3024890381000001e+04
   2.1935897083000000e+04   2.3237590490999999e+04   2.4984228522000001e+04   2.0154950789999999e+04   2.1944977879999999e+04   2.1340955309999998e+04   2.2295141784000003e+04   2.3019045883999999e+04
   2.1941195684999999e+04   2.3244446943999999e+04   2.4985769795000000e+04   2.0156272749000003e+04   2.1944744954000002e+04   2.1339835024000000e+04   2.2292545557999998e+04   2.3013204841999999e+04
   2.1946498893000000e+04   2.3251308648999999e+04   2.4987317123000001e+04   2.0157605265000002e+04   2.1944518817000000e+04   2.1338724892999999e+04   2.2289953502999997e+04   2.3007366278999998e+04
   2.1951807337000002e+04   2.3258176390999997e+04   2.4988865446000000e+04   2.0158948199000002e+04   2.1944300392999998e+04   2.1337626035000001e+04   2.2287365234000001e+04   2.3001531327000001e+04
   2.1957120456999997e+04   2.3265049438999999e+04   2.4990419841999999e+04   2.0160300660999997e+04   2.1944088982999998e+04   2.1336537403999999e+04   2.2284781607000001e+04   2.2995699430000001e+04
   2.1962437171999998e+04   2.3271926988000003e+04   2.4991973870999998e+04   2.0161662859000000e+04   2.1943883769000000e+04   2.1335458456999997e+04   2.2282201104000000e+04   2.2989869260000003e+04
   2.1967760429999998e+04   2.3278811848999998e+04   2.4993532890999999e+04   2.0163036401000001e+04   2.1943686912999998e+04   2.1334391690000000e+04   2.2279625800999998e+04   2.2984043784000001e+04
   2.1973088087000000e+04   2.3285701736000003e+04   2.4995097792000000e+04   2.0164419732000002e+04   2.1943496723000000e+04   2.1333335008999999e+04   2.2277055140000000e+04   2.2978220034999998e+04
   2.1978420699000002e+04   2.3292597276999997e+04   2.4996665851000002e+04   2.0165813394000001e+04   2.1943313635000002e+04   2.1332289096000000e+04   2.2274488561999999e+04   2.2972400545000000e+04
   2.1983756660999999e+04   2.3299497197999997e+04   2.4998235078999998e+04   2.0167216374000003e+04   2.1943136812000001e+04   2.1331253076000001e+04   2.2271924513999998e+04   2.2966582939000000e+04
   2.1989098695999997e+04   2.3306403052000001e+04   2.4999808879000000e+04   2.0168630120999998e+04   2.1942968208000002e+04   2.1330228590999999e+04   2.2269365876000000e+04   2.2960769694999999e+04
   2.1994444953999999e+04   2.3313314524999998e+04   2.5001385628000000e+04   2.0170053744000001e+04   2.1942806392000002e+04   2.1329214385000003e+04   2.2266810954000000e+04   2.2954958493999999e+04
   2.1999796779000000e+04   2.3320232506000000e+04   2.5002965938000001e+04   2.0171488065000001e+04   2.1942652028000000e+04   2.1328210980000000e+04   2.2264261111000000e+04   2.2949150903999998e+04
   2.2005152548000002e+04   2.3327155374000002e+04   2.5004549125999998e+04   2.0172932158000000e+04   2.1942504102000003e+04   2.1327218062000000e+04   2.2261715037000002e+04   2.2943345949000002e+04
   2.2010513534000002e+04   2.3334083181000002e+04   2.5006136624999999e+04   2.0174386302000003e+04   2.1942363260999999e+04   2.1326236208999999e+04   2.2259173727000001e+04   2.2937544519999999e+04
   2.2015879144000002e+04   2.3341016500999998e+04   2.5007728188999998e+04   2.0175850846000001e+04   2.1942229662999998e+04   2.1325264633000003e+04   2.2256635628000000e+04   2.2931746649999997e+04
   2.2021249605999998e+04   2.3347955894000002e+04   2.5009325268000001e+04   2.0177325546999997e+04   2.1942103655000003e+04   2.1324304050999999e+04   2.2254102868000002e+04   2.2925951606999999e+04
   2.2026623714000001e+04   2.3354899579999998e+04   2.5010921405000001e+04   2.0178809635000001e+04   2.1941984260000001e+04   2.1323353449999999e+04   2.2251573057999998e+04   2.2920158589000002e+04
   2.2032003721000001e+04   2.3361849774999999e+04   2.5012524590999998e+04   2.0180304439000000e+04   2.1941872212000002e+04   2.1322414192000000e+04   2.2249048256000002e+04   2.2914369635999999e+04
   2.2037387322999999e+04   2.3368804594000001e+04   2.5014128667000001e+04   2.0181808647000002e+04   2.1941766359000001e+04   2.1321484723999998e+04   2.2246527484000002e+04   2.2908583300999999e+04
   2.2042776020000001e+04   2.3375764647999997e+04   2.5015737298000000e+04   2.0183323587999999e+04   2.1941667923000001e+04   2.1320566737000001e+04   2.2244010795999999e+04   2.2902800263999998e+04
   2.2048169289000001e+04   2.3382729990000000e+04   2.5017348686000001e+04   2.0184848737000000e+04   2.1941576989000001e+04   2.1319659239000001e+04   2.2241498715000002e+04   2.2897020507000001e+04
   2.2053567863000000e+04   2.3389700811000002e+04   2.5018965257000000e+04   2.0186383710000002e+04   2.1941492932000001e+04   2.1318762629000001e+04   2.2238990805000001e+04   2.2891244555000001e+04
   2.2058970694000000e+04   2.3396677146000002e+04   2.5020583573000000e+04   2.0187928631000002e+04   2.1941416116000000e+04   2.1317876647000001e+04   2.2236486734000002e+04   2.2885471238000002e+04
   2.2064377940999999e+04   2.3403658943999999e+04   2.5022204522999997e+04   2.0189484002999998e+04   2.1941346454999999e+04   2.1317001117000000e+04   2.2233987304000002e+04   2.2879701062000000e+04
   2.2069790999000001e+04   2.3410645679000001e+04   2.5023830342999998e+04   2.0191049899000001e+04   2.1941283896000001e+04   2.1316137103999998e+04   2.2231492673000001e+04   2.2873935440000001e+04
   2.2075207703000000e+04   2.3417638296000001e+04   2.5025462409000003e+04   2.0192625322000000e+04   2.1941228491000002e+04   2.1315283265000002e+04   2.2229002021000000e+04   2.2868171318999997e+04
   2.2080628124999999e+04   2.3424634699000002e+04   2.5027095732000002e+04   2.0194209975999998e+04   2.1941179090000001e+04   2.1314439511999997e+04   2.2226514859000003e+04   2.2862410704999998e+04
   2.2086054409000000e+04   2.3431636983000000e+04   2.5028731306000001e+04   2.0195805589000003e+04   2.1941138361000001e+04   2.1313607153999998e+04   2.2224032915000000e+04   2.2856653756000000e+04
   2.2091485807000001e+04   2.3438645880000000e+04   2.5030370841000000e+04   2.0197411776999998e+04   2.1941104054000003e+04   2.1312786068999998e+04   2.2221555594999998e+04   2.2850900978000001e+04
   2.2096920695000001e+04   2.3445658563999998e+04   2.5032014094000002e+04   2.0199027318000000e+04   2.1941076308000000e+04   2.1311974477000003e+04   2.2219081712000003e+04   2.2845149805000001e+04
   2.2102360049999999e+04   2.3452676570000000e+04   2.5033659578999999e+04   2.0200652840999999e+04   2.1941055751000000e+04   2.1311173931000001e+04   2.2216612279000001e+04   2.2839401599000001e+04
   2.2107804221000002e+04   2.3459700423000002e+04   2.5035311539000002e+04   2.0202288485000001e+04   2.1941042611000001e+04   2.1310384640000000e+04   2.2214147297000000e+04   2.2833657598000002e+04
   2.2113253313999998e+04   2.3466727451000002e+04   2.5036965907000002e+04   2.0203934109999998e+04   2.1941036241999998e+04   2.1309605802000002e+04   2.2211686589000001e+04   2.2827917296000000e+04
   2.2118706785999999e+04   2.3473762035000000e+04   2.5038623486000000e+04   2.0205590239999998e+04   2.1941037464000001e+04   2.1308837975000002e+04   2.2209230192000003e+04   2.2822179909000002e+04
   2.2124164445999999e+04   2.3480799567999999e+04   2.5040283192999999e+04   2.0207255497000002e+04   2.1941044793000001e+04   2.1308080653000001e+04   2.2206777633000002e+04   2.2816445872000000e+04
   2.2129627429000000e+04   2.3487844220999999e+04   2.5041947368000001e+04   2.0208931415999999e+04   2.1941059765000002e+04   2.1307334133000000e+04   2.2204330728999998e+04   2.2810714732000000e+04
   2.2135094041000000e+04   2.3494892835000002e+04   2.5043615557000001e+04   2.0210617090000000e+04   2.1941081595000000e+04   2.1306597943000001e+04   2.2201887052999999e+04   2.2804987588000000e+04
   2.2140565260000003e+04   2.3501946771999999e+04   2.5045286537000000e+04   2.0212312448000001e+04   2.1941110282999998e+04   2.1305872485000000e+04   2.2199447093999999e+04   2.2799262241000000e+04
   2.2146041486999999e+04   2.3509005628999999e+04   2.5046961723000000e+04   2.0214018957000000e+04   2.1941146195999998e+04   2.1305158614000000e+04   2.2197013276999998e+04   2.2793541624000001e+04
   2.2151521589000000e+04   2.3516069738999999e+04   2.5048638793999999e+04   2.0215734574999999e+04   2.1941189211000001e+04   2.1304454776999999e+04   2.2194582513999998e+04   2.2787824774999997e+04
   2.2157006541000002e+04   2.3523138508000000e+04   2.5050320855000002e+04   2.0217459912999999e+04   2.1941239031000001e+04   2.1303761549999999e+04   2.2192156096000002e+04   2.2782110248000001e+04
   2.2162495961000001e+04   2.3530212774000000e+04   2.5052006022999998e+04   2.0219195616999998e+04   2.1941296633999998e+04   2.1303079682000000e+04   2.2189734144999999e+04   2.2776399087999998e+04
   2.2167990232000000e+04   2.3537291018000000e+04   2.5053694192000003e+04   2.0220941703000000e+04   2.1941361322000001e+04   2.1302408756000001e+04   2.2187316714000001e+04   2.2770691820000000e+04
   2.2173488307000000e+04   2.3544374829999997e+04   2.5055385989999999e+04   2.0222697717999999e+04   2.1941432484000001e+04   2.1301747829000000e+04   2.2184903278999998e+04   2.2764987850000001e+04
   2.2178991302999999e+04   2.3551463946000000e+04   2.5057081105000001e+04   2.0224463103999999e+04   2.1941510801000000e+04   2.1301098035999999e+04   2.2182495079999997e+04   2.2759287893000001e+04
   2.2184498399000000e+04   2.3558557407000000e+04   2.5058779254999998e+04   2.0226238280000001e+04   2.1941596010000001e+04   2.1300458782000002e+04   2.2180090614000001e+04   2.2753590361999999e+04
   2.2190010644000002e+04   2.3565656400000000e+04   2.5060483740000000e+04   2.0228024502000000e+04   2.1941688653000001e+04   2.1299831342000001e+04   2.2177691557999999e+04   2.2747897107000001e+04
   2.2195525907000003e+04   2.3572760331000001e+04   2.5062188765999999e+04   2.0229819745000001e+04   2.1941787508999998e+04   2.1299213203000003e+04   2.2175294998000001e+04   2.2742206467999997e+04
   2.2201046388999999e+04   2.3579868136000001e+04   2.5063897858000000e+04   2.0231625039999999e+04   2.1941893467000002e+04   2.1298606476000001e+04   2.2172903636999999e+04   2.2736518971000001e+04
   2.2206570918000001e+04   2.3586981682999998e+04   2.5065610492000000e+04   2.0233440369000000e+04   2.1942007067999999e+04   2.1298010429000002e+04   2.2170516831000001e+04   2.2730835190999998e+04
   2.2212100385999998e+04   2.3594100114999997e+04   2.5067328640000000e+04   2.0235265871000000e+04   2.1942127282000001e+04   2.1297425514999999e+04   2.2168134614999999e+04   2.2725155546999998e+04
   2.2217633797999999e+04   2.3601223537999998e+04   2.5069048323999999e+04   2.0237100953000001e+04   2.1942254512000000e+04   2.1296850949000000e+04   2.2165756674000000e+04   2.2719478380000000e+04
   2.2223171921000001e+04   2.3608351061999998e+04   2.5070770415999999e+04   2.0238946104999999e+04   2.1942388704000001e+04   2.1296287219999998e+04   2.2163382920000000e+04   2.2713804388999997e+04
   2.2228714756000001e+04   2.3615484640999999e+04   2.5072496662000001e+04   2.0240801953000002e+04   2.1942531010000002e+04   2.1295735304000002e+04   2.2161014454999997e+04   2.2708136418999999e+04
   2.2234261429999999e+04   2.3622621850000003e+04   2.5074227025000000e+04   2.0242667118999998e+04   2.1942679232000002e+04   2.1295193493000002e+04   2.2158649060000000e+04   2.2702469477999999e+04
   2.2239813076999999e+04   2.3629763892999999e+04   2.5075961088000000e+04   2.0244541866000000e+04   2.1942834679000000e+04   2.1294662692000002e+04   2.2156288831000002e+04   2.2696806969999998e+04
   2.2245368057000000e+04   2.3636910926000000e+04   2.5077697874000001e+04   2.0246426420000003e+04   2.1942996844000001e+04   2.1294141995000002e+04   2.2153932633000000e+04   2.2691147969000001e+04
   2.2250927731000000e+04   2.3644062706000001e+04   2.5079438934000002e+04   2.0248321024999997e+04   2.1943166146000003e+04   2.1293632309000001e+04   2.2151580989000002e+04   2.2685491829999999e+04
   2.2256491837999998e+04   2.3651219721000001e+04   2.5081182175999998e+04   2.0250225402000000e+04   2.1943342515000000e+04   2.1293133633999998e+04   2.2149233969999997e+04   2.2679839703999998e+04
   2.2262060813000000e+04   2.3658380470000000e+04   2.5082930984999999e+04   2.0252140563000001e+04   2.1943526684999997e+04   2.1292646353999997e+04   2.2146891888999999e+04   2.2674191522999998e+04
   2.2267633662000000e+04   2.3665546943000001e+04   2.5084681590000000e+04   2.0254065026000000e+04   2.1943716927000001e+04   2.1292169213000001e+04   2.2144553612000000e+04   2.2668546969999999e+04
   2.2273210332999999e+04   2.3672717534000003e+04   2.5086437030000001e+04   2.0255999068000001e+04   2.1943914219000002e+04   2.1291703047999999e+04   2.2142220098999998e+04   2.2662904861000003e+04
   2.2278791017000000e+04   2.3679893028999999e+04   2.5088194318999998e+04   2.0257942899999998e+04   2.1944118684000001e+04   2.1291247074000003e+04   2.2139890443000000e+04   2.2657266747999998e+04
   2.2284376274000002e+04   2.3687074160000000e+04   2.5089953894000002e+04   2.0259896784000000e+04   2.1944329814000001e+04   2.1290802582000000e+04   2.2137565061999998e+04   2.2651632386999998e+04
   2.2289966434000002e+04   2.3694258256999998e+04   2.5091719874000002e+04   2.0261860631000000e+04   2.1944548238000003e+04   2.1290368682000000e+04   2.2135244881000002e+04   2.2646001324000001e+04
   2.2295560136000000e+04   2.3701448147999999e+04   2.5093487686000000e+04   2.0263833954000002e+04   2.1944773363000000e+04   2.1289945689000000e+04   2.2132928609000002e+04   2.2640373995000002e+04
   2.2301158532000001e+04   2.3708641285000002e+04   2.5095258098000002e+04   2.0265817782000002e+04   2.1945005660999999e+04   2.1289533740999999e+04   2.2130617118000002e+04   2.2634751028999999e+04
   2.2306761605000000e+04   2.3715840181000003e+04   2.5097033412999997e+04   2.0267811626999999e+04   2.1945245374000002e+04   2.1289133083999997e+04   2.2128310827000001e+04   2.2629131500000000e+04
   2.2312368708999998e+04   2.3723044293999999e+04   2.5098813736000000e+04   2.0269815156000001e+04   2.1945492138000001e+04   2.1288743298999998e+04   2.2126008899000000e+04   2.2623515392000001e+04
   2.2317978605000000e+04   2.3730250710000000e+04   2.5100596521000003e+04   2.0271827515000001e+04   2.1945744886999997e+04   2.1288362814000000e+04   2.2123709780999998e+04   2.2617902076000002e+04
   2.2323593806000001e+04   2.3737461697999999e+04   2.5102381067000002e+04   2.0273849524000001e+04   2.1946004563000002e+04   2.1287993480000001e+04   2.2121415601000001e+04   2.2612292162999998e+04
   2.2329214120000001e+04   2.3744679667000000e+04   2.5104169383000000e+04   2.0275882754000002e+04   2.1946272127999997e+04   2.1287636256999998e+04   2.2119127038999999e+04   2.2606687170000001e+04
   2.2334838062999999e+04   2.3751901491999997e+04   2.5105962829000000e+04   2.0277925284000001e+04   2.1946546567000001e+04   2.1287289381999999e+04   2.2116842806000001e+04   2.2601085196000000e+04
   2.2340465286999999e+04   2.3759127364999997e+04   2.5107758420999999e+04   2.0279976888999998e+04   2.1946827585999999e+04   2.1286952679999999e+04   2.2114561852999999e+04   2.2595487026999999e+04
   2.2346097467000000e+04   2.3766356816000000e+04   2.5109556440000000e+04   2.0282039138000000e+04   2.1947116282000003e+04   2.1286627443000001e+04   2.2112286624000000e+04   2.2589892835999999e+04
   2.2351733172000000e+04   2.3773592129999997e+04   2.5111359866999999e+04   2.0284110984999999e+04   2.1947410684999999e+04   2.1286313076999999e+04   2.2110016001000000e+04   2.2584302239999997e+04
   2.2357373640999998e+04   2.3780831160999998e+04   2.5113165510999999e+04   2.0286192620999998e+04   2.1947712853000001e+04   2.1286009600000001e+04   2.2107749236000000e+04   2.2578715046999998e+04
   2.2363018385000003e+04   2.3788076160000001e+04   2.5114975134000000e+04   2.0288284500999998e+04   2.1948022158000000e+04   2.1285717344000001e+04   2.2105487513000000e+04   2.2573132007000000e+04
   2.2368666793000000e+04   2.3795324108000001e+04   2.5116788543000002e+04   2.0290385559999999e+04   2.1948338129000000e+04   2.1285435400999999e+04   2.2103230414999998e+04   2.2567552403999998e+04
   2.2374319982999998e+04   2.3802577029000000e+04   2.5118607292000001e+04   2.0292496704999998e+04   2.1948661289000000e+04   2.1285164590999997e+04   2.2100977800999997e+04   2.2561976500999997e+04
   2.2379977221999998e+04   2.3809834591999999e+04   2.5120426442000000e+04   2.0294617149999998e+04   2.1948990854000000e+04   2.1284904267999998e+04   2.2098729323000000e+04   2.2556404368000000e+04
   2.2385637706000001e+04   2.3817096674000000e+04   2.5122250146999999e+04   2.0296747489999998e+04   2.1949327835000000e+04   2.1284654852000003e+04   2.2096485068000002e+04   2.2550835916000000e+04
   2.2391301959000000e+04   2.3824362595999999e+04   2.5124075248000001e+04   2.0298887411000000e+04   2.1949671413000000e+04   2.1284416272999999e+04   2.2094244809000000e+04   2.2545271670000002e+04
   2.2396971831999999e+04   2.3831632216999998e+04   2.5125906944999999e+04   2.0301037225000000e+04   2.1950022197000002e+04   2.1284188618000000e+04   2.2092010186000000e+04   2.2539710127999999e+04
   2.2402644967000000e+04   2.3838905817000003e+04   2.5127740579000001e+04   2.0303196758999999e+04   2.1950379000999998e+04   2.1283971956000001e+04   2.2089780204999999e+04   2.2534152426000001e+04
   2.2408322953999999e+04   2.3846185907999999e+04   2.5129579535000001e+04   2.0305366642000001e+04   2.1950744531000000e+04   2.1283766618999998e+04   2.2087555057999998e+04   2.2528599923999998e+04
   2.2414003663000000e+04   2.3853468373000000e+04   2.5131418473999998e+04   2.0307545300999998e+04   2.1951115103999997e+04   2.1283571124000002e+04   2.2085333278999999e+04   2.2523049690000000e+04
   2.2419689136000001e+04   2.3860756298999997e+04   2.5133262735000000e+04   2.0309734361000003e+04   2.1951494192999999e+04   2.1283387338000000e+04   2.2083116997000001e+04   2.2517504901000000e+04
   2.2425378954000000e+04   2.3868048675000002e+04   2.5135109089999998e+04   2.0311932565000003e+04   2.1951879197000002e+04   2.1283213918000001e+04   2.2080904396999998e+04   2.2511962642000002e+04
   2.2431072629000002e+04   2.3875343965999997e+04   2.5136961465999997e+04   2.0314141116999999e+04   2.1952272070999999e+04   2.1283052223999999e+04   2.2078697729000000e+04   2.2506425285999998e+04
   2.2436769844999999e+04   2.3882645451000000e+04   2.5138816092000001e+04   2.0316358620999999e+04   2.1952671732999999e+04   2.1282900616999999e+04   2.2076494673999998e+04   2.2500890844999998e+04
   2.2442471791000000e+04   2.3889950164000002e+04   2.5140674068999997e+04   2.0318586002000000e+04   2.1953077486000002e+04   2.1282759951000000e+04   2.2074296539999999e+04   2.2495359667000001e+04
   2.2448177715999998e+04   2.3897258890999998e+04   2.5142535465999998e+04   2.0320823468999999e+04   2.1953490322999998e+04   2.1282630470000000e+04   2.2072103204999999e+04   2.2489833096000002e+04
   2.2453887513999998e+04   2.3904571614999997e+04   2.5144399377000002e+04   2.0323070603000000e+04   2.1953910629000002e+04   2.1282511739000001e+04   2.2069914319000000e+04   2.2484310572999999e+04
   2.2459601011999999e+04   2.3911889259000000e+04   2.5146268033000000e+04   2.0325327195000002e+04   2.1954337583000000e+04   2.1282404019000001e+04   2.2067729622000003e+04   2.2478791714999999e+04
   2.2465318662999998e+04   2.3919210445000001e+04   2.5148139447000001e+04   2.0327593787000002e+04   2.1954771483000000e+04   2.1282307257000000e+04   2.2065550159000002e+04   2.2473277045000003e+04
   2.2471040206000001e+04   2.3926536674999999e+04   2.5150014350999998e+04   2.0329869469000001e+04   2.1955212241000001e+04   2.1282221158000000e+04   2.2063374693000002e+04   2.2467765829999997e+04
   2.2476765710000000e+04   2.3933866447000000e+04   2.5151893390000001e+04   2.0332154680000000e+04   2.1955659576999999e+04   2.1282145913000000e+04   2.2061204200000000e+04   2.2462258384000001e+04
   2.2482495697999999e+04   2.3941200616000002e+04   2.5153774366000001e+04   2.0334450011999998e+04   2.1956114609000000e+04   2.1282082429000002e+04   2.2059038122000002e+04   2.2456755841999999e+04
   2.2488229508000000e+04   2.3948538747000002e+04   2.5155661135999999e+04   2.0336754923999997e+04   2.1956575940000002e+04   2.1282028717000001e+04   2.2056877035000001e+04   2.2451256666999998e+04
   2.2493966250000001e+04   2.3955879495000001e+04   2.5157549896000000e+04   2.0339068753000000e+04   2.1957043973000000e+04   2.1281985649999999e+04   2.2054719664000000e+04   2.2445760145000000e+04
   2.2499707493000002e+04   2.3963225861999999e+04   2.5159441429000002e+04   2.0341393017000002e+04   2.1957518705999999e+04   2.1281954116999997e+04   2.2052567423999997e+04   2.2440268946000000e+04
   2.2505453868000001e+04   2.3970576853999999e+04   2.5161335616000000e+04   2.0343726844000001e+04   2.1958000995000002e+04   2.1281933682999999e+04   2.2050419947999999e+04   2.2434780886999997e+04
   2.2511203138000001e+04   2.3977930707000000e+04   2.5163236100999999e+04   2.0346069971999998e+04   2.1958490315999999e+04   2.1281924137999998e+04   2.2048277201000001e+04   2.2429297469999998e+04
   2.2516955760000001e+04   2.3985289359000002e+04   2.5165137598999998e+04   2.0348422384000001e+04   2.1958985798000002e+04   2.1281925045000004e+04   2.2046138780999998e+04   2.2423817333999999e+04
   2.2522713075000000e+04   2.3992652391000000e+04   2.5167044245000001e+04   2.0350785300000000e+04   2.1959488677999998e+04   2.1281937190000001e+04   2.2044005440000001e+04   2.2418342363000003e+04
   2.2528473427000001e+04   2.4000018651999999e+04   2.5168953857000000e+04   2.0353157326000000e+04   2.1959998450999999e+04   2.1281959997999998e+04   2.2041876024999998e+04   2.2412870602999999e+04
   2.2534238438000000e+04   2.4007388088000000e+04   2.5170866750000001e+04   2.0355538618000002e+04   2.1960514436999998e+04   2.1281992543000000e+04   2.2039751530999998e+04   2.2407402350000000e+04
   2.2540006537999998e+04   2.4014762287999998e+04   2.5172782487000000e+04   2.0357929244999999e+04   2.1961037559999997e+04   2.1282036900999999e+04   2.2037631696000000e+04   2.2401938285999997e+04
   2.2545778965000001e+04   2.4022140485000000e+04   2.5174701313000001e+04   2.0360329366000002e+04   2.1961567453000003e+04   2.1282092322999997e+04   2.2035516345000000e+04   2.2396478340000001e+04
   2.2551555720000000e+04   2.4029523567000000e+04   2.5176623978000000e+04   2.0362739798999999e+04   2.1962104518000000e+04   2.1282159122000001e+04   2.2033406317000001e+04   2.2391022703999999e+04
   2.2557335651000001e+04   2.4036909772999999e+04   2.5178550744000000e+04   2.0365159429000003e+04   2.1962648546000000e+04   2.1282236741000001e+04   2.2031300600000002e+04   2.2385570993999998e+04
   2.2563119978999999e+04   2.4044298981000000e+04   2.5180481383999999e+04   2.0367588620999999e+04   2.1963198978000000e+04   2.1282325317999999e+04   2.2029199488999999e+04   2.2380122809000000e+04
   2.2568907553000001e+04   2.4051693911999999e+04   2.5182414362000000e+04   2.0370027725000000e+04   2.1963757263000000e+04   2.1282425116000002e+04   2.2027103298999999e+04   2.2374679649999998e+04
   2.2574698914000001e+04   2.4059092769000003e+04   2.5184349940000000e+04   2.0372476096000002e+04   2.1964321480999999e+04   2.1282535261999998e+04   2.2025011611000002e+04   2.2369239980999999e+04
   2.2580494690000000e+04   2.4066494680000000e+04   2.5186291677999998e+04   2.0374933837000000e+04   2.1964892644000000e+04   2.1282656138999999e+04   2.2022924791999998e+04   2.2363804517000000e+04
   2.2586294357000002e+04   2.4073899522999996e+04   2.5188233940000002e+04   2.0377400914000002e+04   2.1965470421000002e+04   2.1282787800999999e+04   2.2020842456999999e+04   2.2358372735000001e+04
   2.2592096659000003e+04   2.4081309583999999e+04   2.5190180982999998e+04   2.0379877605000001e+04   2.1966055248000001e+04   2.1282930335000001e+04   2.2018764136000002e+04   2.2352945316000001e+04
   2.2597903864999997e+04   2.4088723640000000e+04   2.5192131201000000e+04   2.0382364138999998e+04   2.1966647489999999e+04   2.1283084368000000e+04   2.2016691730999999e+04   2.2347521998000000e+04
   2.2603715101000002e+04   2.4096140785000000e+04   2.5194085800000001e+04   2.0384860306000002e+04   2.1967246399000000e+04   2.1283249133000001e+04   2.2014623879999999e+04   2.2342103443999997e+04
   2.2609529741000002e+04   2.4103561280999998e+04   2.5196043226000002e+04   2.0387365633999998e+04   2.1967851660000000e+04   2.1283424943999999e+04   2.2012560793000001e+04   2.2336688797999999e+04
   2.2615347154999999e+04   2.4110986627999999e+04   2.5198001576999999e+04   2.0389880227000001e+04   2.1968463587000002e+04   2.1283610945999997e+04   2.2010501947000001e+04   2.2331277241000000e+04
   2.2621169366999999e+04   2.4118414923999997e+04   2.5199966559000000e+04   2.0392404576000001e+04   2.1969083173999999e+04   2.1283808568999997e+04   2.2008447742000000e+04   2.2325870866999998e+04
   2.2626995052999999e+04   2.4125847250999999e+04   2.5201935030000001e+04   2.0394938451999999e+04   2.1969709637000000e+04   2.1284017308999999e+04   2.2006399034000002e+04   2.2320467861000001e+04
   2.2632825083000000e+04   2.4133284341999999e+04   2.5203903344999999e+04   2.0397481926000000e+04   2.1970342765999998e+04   2.1284236623000001e+04   2.2004354252999998e+04   2.2315069513999999e+04
   2.2638657870999999e+04   2.4140724539000003e+04   2.5205876860000000e+04   2.0400034143000001e+04   2.1970981549000000e+04   2.1284466703999999e+04   2.2002314392000000e+04   2.2309674447999998e+04
   2.2644494934000002e+04   2.4148167353000001e+04   2.5207854877000002e+04   2.0402596497999999e+04   2.1971628357999998e+04   2.1284707988000002e+04   2.2000278824000001e+04   2.2304284598999999e+04
   2.2650335155000001e+04   2.4155615403000000e+04   2.5209835931000001e+04   2.0405167559999998e+04   2.1972281066000000e+04   2.1284959306000001e+04   2.1998248491000002e+04   2.2298898537000001e+04
   2.2656179408000000e+04   2.4163065633999999e+04   2.5211820997999999e+04   2.0407748394999999e+04   2.1972940981000000e+04   2.1285221949999999e+04   2.1996223254000000e+04   2.2293516103999998e+04
   2.2662027220000000e+04   2.4170520611000000e+04   2.5213811142999999e+04   2.0410338758000002e+04   2.1973607964000003e+04   2.1285496074999999e+04   2.1994201925000001e+04   2.2288139221000001e+04
   2.2667877964000003e+04   2.4177978589999999e+04   2.5215800502000002e+04   2.0412937653999998e+04   2.1974281000999999e+04   2.1285780076999999e+04   2.1992185291000002e+04   2.2282764693999998e+04
   2.2673733646000001e+04   2.4185440947999999e+04   2.5217793910000000e+04   2.0415546774999999e+04   2.1974961839000003e+04   2.1286076051000000e+04   2.1990174223000002e+04   2.2277395332000000e+04
   2.2679593133000002e+04   2.4192906256000002e+04   2.5219792501000000e+04   2.0418166122999999e+04   2.1975649674000000e+04   2.1286383349000000e+04   2.1988168267999998e+04   2.2272031622999999e+04
   2.2685455881999998e+04   2.4200375943999999e+04   2.5221794094000001e+04   2.0420794160999998e+04   2.1976343896000002e+04   2.1286701204999998e+04   2.1986166501000000e+04   2.2266671386999999e+04
   2.2691321494000000e+04   2.4207849105000001e+04   2.5223796837999998e+04   2.0423431237000001e+04   2.1977044207999999e+04   2.1287029181000002e+04   2.1984169743000002e+04   2.2261314728999998e+04
   2.2697191886999997e+04   2.4215325510999999e+04   2.5225806073000000e+04   2.0426078052000001e+04   2.1977752355000001e+04   2.1287368762999999e+04   2.1982177782999999e+04   2.2255962467999998e+04
   2.2703065909000001e+04   2.4222806192000000e+04   2.5227818851000000e+04   2.0428734882000001e+04   2.1978467238000001e+04   2.1287719687000001e+04   2.1980191163000000e+04   2.2250614936000002e+04
   2.2708942567000002e+04   2.4230289073000000e+04   2.5229832100000003e+04   2.0431399705000000e+04   2.1979188089000003e+04   2.1288080469999997e+04   2.1978208032999999e+04   2.2245270667000001e+04
   2.2714823673999999e+04   2.4237775914000002e+04   2.5231851456999997e+04   2.0434074719000000e+04   2.1979916357000002e+04   2.1288452892000001e+04   2.1976230329999999e+04   2.2239932105000000e+04
   2.2720708167000001e+04   2.4245267082999999e+04   2.5233873954999999e+04   2.0436758701999999e+04   2.1980650697000001e+04   2.1288835505999999e+04   2.1974256901999997e+04   2.2234596420999998e+04
   2.2726595416000000e+04   2.4252760416000001e+04   2.5235897813000000e+04   2.0439451794000001e+04   2.1981391947000000e+04   2.1289229287000002e+04   2.1972288657000001e+04   2.2229265188000001e+04
   2.2732486923999997e+04   2.4260258495000002e+04   2.5237926576000002e+04   2.0442154361000001e+04   2.1982140386999999e+04   2.1289634411999999e+04   2.1970324967000000e+04   2.2223938979999999e+04
   2.2738382306000003e+04   2.4267761269000002e+04   2.5239958635999999e+04   2.0444866840999999e+04   2.1982896226000001e+04   2.1290050686999999e+04   2.1968366912999998e+04   2.2218617291999999e+04
   2.2744280828000003e+04   2.4275264217000000e+04   2.5241991464000002e+04   2.0447587260000000e+04   2.1983656932999998e+04   2.1290477048000001e+04   2.1966412052000000e+04   2.2213298988999999e+04
   2.2750183277000000e+04   2.4282772486999998e+04   2.5244032302000000e+04   2.0450318480999998e+04   2.1984425929000001e+04   2.1290914855999999e+04   2.1964463107000000e+04   2.2207985921000000e+04
   2.2756088152000000e+04   2.4290284021000003e+04   2.5246072390000001e+04   2.0453057885999999e+04   2.1985200561999998e+04   2.1291362664000000e+04   2.1962518734000001e+04   2.2202675749999999e+04
   2.2761997947000000e+04   2.4297799340999998e+04   2.5248120172999999e+04   2.0455807585999999e+04   2.1985983344000000e+04   2.1291822861000001e+04   2.1960579771000001e+04   2.2197372157999998e+04
   2.2767910184999997e+04   2.4305316824999998e+04   2.5250167415000000e+04   2.0458565732999999e+04   2.1986772024000002e+04   2.1292292726000000e+04   2.1958645257000000e+04   2.2192070852000001e+04
   2.2773826193000001e+04   2.4312837693999998e+04   2.5252219333999998e+04   2.0461333302000003e+04   2.1987567318000001e+04   2.1292773863000002e+04   2.1956715000999997e+04   2.2186774204000001e+04
   2.2779746563000001e+04   2.4320363466999999e+04   2.5254275405000000e+04   2.0464110505000001e+04   2.1988369748000001e+04   2.1293266640000002e+04   2.1954790660999999e+04   2.2181483281000001e+04
   2.2785669934999998e+04   2.4327892328000002e+04   2.5256332506999999e+04   2.0466896780999999e+04   2.1989178705999999e+04   2.1293769554999999e+04   2.1952870578000002e+04   2.2176196214000003e+04
   2.2791596063999998e+04   2.4335423232000001e+04   2.5258395122999998e+04   2.0469691939000000e+04   2.1989994136999998e+04   2.1294283551000000e+04   2.1950955138000001e+04   2.2170913230000002e+04
   2.2797526416000001e+04   2.4342960120000000e+04   2.5260462013999997e+04   2.0472496835000002e+04   2.1990816635000003e+04   2.1294808173999998e+04   2.1949044582999999e+04   2.2165634714000000e+04
   2.2803459890999999e+04   2.4350496782000002e+04   2.5262529706999998e+04   2.0475310402999999e+04   2.1991645293999998e+04   2.1295343634000001e+04   2.1947138547999999e+04   2.2160360263999999e+04
   2.2809397013999998e+04   2.4358039342000000e+04   2.5264600961000000e+04   2.0478133657000002e+04   2.1992481334000000e+04   2.1295891170000003e+04   2.1945238271999999e+04   2.2155090752000000e+04
   2.2815338045000000e+04   2.4365583263000000e+04   2.5266677013000000e+04   2.0480966193000000e+04   2.1993324004999999e+04   2.1296448826000000e+04   2.1943342236000000e+04   2.2149825967999997e+04
   2.2821281153000000e+04   2.4373131442000002e+04   2.5268755508999999e+04   2.0483807577000000e+04   2.1994172975000001e+04   2.1297017266999999e+04   2.1941451295999999e+04   2.2144565391000000e+04
   2.2827229356000000e+04   2.4380684366999998e+04   2.5270840496000001e+04   2.0486658664000002e+04   2.1995029415000001e+04   2.1297596929000003e+04   2.1939565102000000e+04   2.2139309315999999e+04
   2.2833179793000003e+04   2.4388238479000000e+04   2.5272926076000000e+04   2.0489518090999998e+04   2.1995891368000001e+04   2.1298186763000002e+04   2.1937684054999998e+04   2.2134057149000000e+04
   2.2839134103999997e+04   2.4395797198000000e+04   2.5275014535999999e+04   2.0492387169000001e+04   2.1996760754999999e+04   2.1298787923000000e+04   2.1935807144999999e+04   2.2128809519999999e+04
   2.2845090998000000e+04   2.4403357975999999e+04   2.5277104966999999e+04   2.0495264500000001e+04   2.1997636041000002e+04   2.1299399135000003e+04   2.1933935277000000e+04   2.2123566026000000e+04
   2.2851052410999997e+04   2.4410922140000002e+04   2.5279200267000000e+04   2.0498152564000000e+04   2.1998519057000001e+04   2.1300022752999997e+04   2.1932068662999998e+04   2.2118327889000000e+04
   2.2857017296999999e+04   2.4418489723000002e+04   2.5281300469999998e+04   2.0501049352000002e+04   2.1999408965999999e+04   2.1300657225999999e+04   2.1930207300000002e+04   2.2113094202000000e+04
   2.2862985497999998e+04   2.4426061059000000e+04   2.5283403100000003e+04   2.0503955214999998e+04   2.2000305366000001e+04   2.1301302744000001e+04   2.1928351103000001e+04   2.2107865261999999e+04
   2.2868956212000001e+04   2.4433634296000000e+04   2.5285510283000000e+04   2.0506870274000001e+04   2.2001208223000001e+04   2.1301958384000001e+04   2.1926499268000000e+04   2.2102641329999999e+04
   2.2874931010000000e+04   2.4441212559000000e+04   2.5287618793000001e+04   2.0509794318999997e+04   2.2002117622999998e+04   2.1302625051999999e+04   2.1924652355000002e+04   2.2097420556000001e+04
   2.2880909245000003e+04   2.4448792515000001e+04   2.5289730443999997e+04   2.0512727159999999e+04   2.2003033742000000e+04   2.1303302625999997e+04   2.1922809577000000e+04   2.2092204877999997e+04
   2.2886890899999999e+04   2.4456375175000001e+04   2.5291847103000000e+04   2.0515669859999998e+04   2.2003957068000000e+04   2.1303991282000003e+04   2.1920972504999998e+04   2.2086994156000001e+04
   2.2892875818999997e+04   2.4463961850000000e+04   2.5293966484000000e+04   2.0518621146000001e+04   2.2004886431999999e+04   2.1304690773999999e+04   2.1919140267000002e+04   2.2081787517000001e+04
   2.2898863982999999e+04   2.4471552782000002e+04   2.5296088378000000e+04   2.0521581837000002e+04   2.2005822636000001e+04   2.1305401572999999e+04   2.1917313473999999e+04   2.2076586113000001e+04
   2.2904855690000000e+04   2.4479145249000001e+04   2.5298215594999998e+04   2.0524551114000002e+04   2.2006765471000002e+04   2.1306122546999999e+04   2.1915490903000002e+04   2.2071388566000001e+04
   2.2910850294000000e+04   2.4486739635999998e+04   2.5300345324000002e+04   2.0527530197000000e+04   2.2007715059999999e+04   2.1306855072000002e+04   2.1913673830000000e+04   2.2066196427999999e+04
   2.2916848213000001e+04   2.4494338159000003e+04   2.5302478002000000e+04   2.0530518477000001e+04   2.2008671803000001e+04   2.1307598572999999e+04   2.1911861363000000e+04   2.2061008426000000e+04
   2.2922849254999997e+04   2.4501940294000000e+04   2.5304614049000000e+04   2.0533514941000001e+04   2.2009634322000002e+04   2.1308352387999999e+04   2.1910053660000001e+04   2.2055825047999999e+04
   2.2928853840000000e+04   2.4509546006000000e+04   2.5306752956999997e+04   2.0536520166000002e+04   2.2010603175000000e+04   2.1309117039000001e+04   2.1908249918000001e+04   2.2050645840999998e+04
   2.2934861374000000e+04   2.4517154511000001e+04   2.5308894988000000e+04   2.0539535126999999e+04   2.2011579620000000e+04   2.1309892335000000e+04   2.1906452127000000e+04   2.2045471223000000e+04
   2.2940872556000002e+04   2.4524764829999996e+04   2.5311041662000000e+04   2.0542559756000002e+04   2.2012563061999997e+04   2.1310679409000000e+04   2.1904660093999999e+04   2.2040302155000001e+04
   2.2946886930000001e+04   2.4532380140000001e+04   2.5313190045000003e+04   2.0545592481000000e+04   2.2013552315000001e+04   2.1311476517999999e+04   2.1902872039999998e+04   2.2035137291999999e+04
   2.2952904323999999e+04   2.4539995170999999e+04   2.5315342355000001e+04   2.0548634089000003e+04   2.2014547710000003e+04   2.1312284916000001e+04   2.1901089239000001e+04   2.2029976198000000e+04
   2.2958925347000000e+04   2.4547614180000000e+04   2.5317499673000002e+04   2.0551684980999999e+04   2.2015550208000001e+04   2.1313104553000001e+04   2.1899310765000002e+04   2.2024820460999999e+04
   2.2964949494000000e+04   2.4555236836000000e+04   2.5319657358000000e+04   2.0554744859000002e+04   2.2016559092000000e+04   2.1313934224000001e+04   2.1897537526000000e+04   2.2019669506000002e+04
   2.2970976677000002e+04   2.4562862739000000e+04   2.5321821341999999e+04   2.0557813986000001e+04   2.2017574869000000e+04   2.1314775743000002e+04   2.1895770028000003e+04   2.2014524257000001e+04
   2.2977006495000001e+04   2.4570489513000000e+04   2.5323986774000001e+04   2.0560891802999999e+04   2.2018596771000000e+04   2.1315627173999997e+04   2.1894006473999998e+04   2.2009382584999999e+04
   2.2983040831999999e+04   2.4578123303000000e+04   2.5326154737000001e+04   2.0563978746000001e+04   2.2019626456000002e+04   2.1316489842999999e+04   2.1892248539000000e+04   2.2004245695000001e+04
   2.2989077821999999e+04   2.4585756133000003e+04   2.5328326486000002e+04   2.0567074624000001e+04   2.2020662144000002e+04   2.1317363942000000e+04   2.1890495229000000e+04   2.1999113324000002e+04
   2.2995117779000000e+04   2.4593393064000000e+04   2.5330503732999998e+04   2.0570179366999997e+04   2.2021703748000000e+04   2.1318248144000001e+04   2.1888747223000002e+04   2.1993986223000000e+04
   2.3001161050999999e+04   2.4601031670000000e+04   2.5332683492000000e+04   2.0573292572999999e+04   2.2022752173999997e+04   2.1319143410000001e+04   2.1887003230999999e+04   2.1988863031000001e+04
   2.3007207639000000e+04   2.4608673660999997e+04   2.5334865502000001e+04   2.0576415237000001e+04   2.2023807335999998e+04   2.1320049635000003e+04   2.1885264980000000e+04   2.1983745387999999e+04
   2.3013257071000000e+04   2.4616319387000000e+04   2.5337052920999999e+04   2.0579547639000000e+04   2.2024869793000002e+04   2.1320967359999999e+04   2.1883531981000000e+04   2.1978632491999997e+04
   2.3019310796000002e+04   2.4623969177999999e+04   2.5339242941000000e+04   2.0582688451000002e+04   2.2025939107000002e+04   2.1321895729000000e+04   2.1881804235000000e+04   2.1973524342000001e+04
   2.3025365986000001e+04   2.4631620174000000e+04   2.5341433362000000e+04   2.0585837151000000e+04   2.2027013813999998e+04   2.1322833852000003e+04   2.1880080624999999e+04   2.1968420642000001e+04
   2.3031425137999999e+04   2.4639274694000000e+04   2.5343630362000000e+04   2.0588995885000000e+04   2.2028095831999999e+04   2.1323783668000000e+04   2.1878362581000001e+04   2.1963322037000002e+04
   2.3037485896000002e+04   2.4646930332000000e+04   2.5345827728999997e+04   2.0592162609999999e+04   2.2029183173000001e+04   2.1324743831000000e+04   2.1876648359000003e+04   2.1958227254000001e+04
   2.3043552272000001e+04   2.4654589057999998e+04   2.5348030975999998e+04   2.0595339561999997e+04   2.2030278575000000e+04   2.1325715913000000e+04   2.1874941535999998e+04   2.1953138403999998e+04
   2.3049621090999997e+04   2.4662252530000002e+04   2.5350237014999999e+04   2.0598524960000002e+04   2.2031379508999999e+04   2.1326698568999996e+04   2.1873238219999999e+04   2.1948054754999997e+04
   2.3055691846999998e+04   2.4669916544000000e+04   2.5352445008000002e+04   2.0601718611000000e+04   2.2032487319000000e+04   2.1327691469000001e+04   2.1871539563000002e+04   2.1942974227999999e+04
   2.3061766774000000e+04   2.4677582686000002e+04   2.5354657311999999e+04   2.0604921232000001e+04   2.2033601690000003e+04   2.1328695747000002e+04   2.1869846839999998e+04   2.1937899879999997e+04
   2.3067845243000000e+04   2.4685253488000002e+04   2.5356874727999999e+04   2.0608133451000002e+04   2.2034723721999999e+04   2.1329711175000000e+04   2.1868159491000002e+04   2.1932830695999997e+04
   2.3073925702000000e+04   2.4692926296000001e+04   2.5359092756000002e+04   2.0611353679000000e+04   2.2035851057999997e+04   2.1330736741999997e+04   2.1866476208000000e+04   2.1927765491000002e+04
   2.3080009074999998e+04   2.4700601565000001e+04   2.5361314447999997e+04   2.0614582579999998e+04   2.2036984659000002e+04   2.1331773005999999e+04   2.1864797340000001e+04   2.1922704561999999e+04
   2.3086095484000001e+04   2.4708278509000000e+04   2.5363540816000001e+04   2.0617821131000001e+04   2.2038125624000000e+04   2.1332820699000000e+04   2.1863124561999997e+04   2.1917650035999999e+04
   2.3092186307999997e+04   2.4715959833000001e+04   2.5365769714999999e+04   2.0621068511999998e+04   2.2039273149999997e+04   2.1333878949999998e+04   2.1861456897000000e+04   2.1912599821000000e+04
   2.3098278842000000e+04   2.4723643164000001e+04   2.5368000359000001e+04   2.0624324129999997e+04   2.2040425982000001e+04   2.1334947984999999e+04   2.1859793699999998e+04   2.1907553567000003e+04
   2.3104375302000000e+04   2.4731328572000002e+04   2.5370235295999999e+04   2.0627588646000000e+04   2.2041586629999998e+04   2.1336028294000000e+04   2.1858135912000002e+04   2.1902513943999998e+04
   2.3110474241000000e+04   2.4739017190000002e+04   2.5372474699999999e+04   2.0630862621000000e+04   2.2042753456999999e+04   2.1337119298999998e+04   2.1856483638000002e+04   2.1897478282000000e+04
   2.3116576774000001e+04   2.4746708076999999e+04   2.5374718344000001e+04   2.0634145006999999e+04   2.2043926965999999e+04   2.1338221734000002e+04   2.1854835813999998e+04   2.1892447646000001e+04
   2.3122682256000000e+04   2.4754402349000000e+04   2.5376962057999997e+04   2.0637436153000002e+04   2.2045107282000001e+04   2.1339334219999997e+04   2.1853192997999999e+04   2.1887421914000002e+04
   2.3128790111000002e+04   2.4762097981999999e+04   2.5379212072000002e+04   2.0640736147000000e+04   2.2046293808999999e+04   2.1340457403000000e+04   2.1851555731000000e+04   2.1882401451000002e+04
   2.3134901194999999e+04   2.4769795324999999e+04   2.5381462905000000e+04   2.0644044131999999e+04   2.2047486095000000e+04   2.1341591493000000e+04   2.1849922810000000e+04   2.1877385351000001e+04
   2.3141015141000000e+04   2.4777498078000001e+04   2.5383718956999997e+04   2.0647361977000000e+04   2.2048686164000002e+04   2.1342737169000000e+04   2.1848295978000002e+04   2.1872374782999999e+04
   2.3147133116999998e+04   2.4785201563999999e+04   2.5385978411000000e+04   2.0650688581999999e+04   2.2049892148999999e+04   2.1343893752000000e+04   2.1846674136999998e+04   2.1867369449999998e+04
   2.3153252594000001e+04   2.4792907126999999e+04   2.5388239923999998e+04   2.0654023493000001e+04   2.2051105095999999e+04   2.1345060421999999e+04   2.1845056729000000e+04   2.1862368322000002e+04
   2.3159375596999998e+04   2.4800617628000000e+04   2.5390503670999999e+04   2.0657366693000000e+04   2.2052323818999997e+04   2.1346237491000000e+04   2.1843443875000001e+04   2.1857372098000000e+04
   2.3165501199000002e+04   2.4808328373000000e+04   2.5392772583000002e+04   2.0660718565000003e+04   2.2053548387999999e+04   2.1347425764000000e+04   2.1841836693000001e+04   2.1852381353000001e+04
   2.3171630605000002e+04   2.4816041036999999e+04   2.5395043537000001e+04   2.0664080071000000e+04   2.2054780320999998e+04   2.1348625308999999e+04   2.1840235565000003e+04   2.1847395756000002e+04
   2.3177762909000001e+04   2.4823757890000001e+04   2.5397318906000000e+04   2.0667449690000001e+04   2.2056018763000000e+04   2.1349835708000002e+04   2.1838639132000000e+04   2.1842415027999999e+04
   2.3183896956999997e+04   2.4831474620999998e+04   2.5399595758000003e+04   2.0670827493999997e+04   2.2057262771999998e+04   2.1351055828000000e+04   2.1837046521000000e+04   2.1837437980999999e+04
   2.3190035000999997e+04   2.4839195469999999e+04   2.5401877409000001e+04   2.0674214826000003e+04   2.2058514074999999e+04   2.1352287377000001e+04   2.1835460190999998e+04   2.1832467409000001e+04
   2.3196175557999999e+04   2.4846917976000001e+04   2.5404163177999999e+04   2.0677610969000001e+04   2.2059772444999999e+04   2.1353530513000002e+04   2.1833879026999999e+04   2.1827502386000000e+04
   2.3202318925000000e+04   2.4854644967999997e+04   2.5406452420000001e+04   2.0681015786000000e+04   2.2061036886999998e+04   2.1354784294000001e+04   2.1832302679000000e+04   2.1822541952000000e+04
   2.3208464909000002e+04   2.4862374611000003e+04   2.5408741278000001e+04   2.0684428228999997e+04   2.2062306896999999e+04   2.1356047846000001e+04   2.1830730920000002e+04   2.1817585916000000e+04
   2.3214613300999998e+04   2.4870103749000002e+04   2.5411034498000001e+04   2.0687848925000002e+04   2.2063583309999998e+04   2.1357321833999998e+04   2.1829164291999998e+04   2.1812634085000002e+04
   2.3220766388000000e+04   2.4877835749000002e+04   2.5413332883999999e+04   2.0691280475000003e+04   2.2064867559000002e+04   2.1358608474000001e+04   2.1827603702000000e+04   2.1807689635000002e+04
   2.3226922597000001e+04   2.4885571517000000e+04   2.5415637760999998e+04   2.0694720716000000e+04   2.2066158352000002e+04   2.1359906403999998e+04   2.1826049289000002e+04   2.1802750350999999e+04
   2.3233079802000000e+04   2.4893306221999999e+04   2.5417941032999999e+04   2.0698167169000000e+04   2.2067454083000001e+04   2.1361212884000000e+04   2.1824497649999998e+04   2.1797814732000003e+04
   2.3239239834000000e+04   2.4901047348000000e+04   2.5420247323000000e+04   2.0701622905000000e+04   2.2068756706999997e+04   2.1362530741999999e+04   2.1822952067000002e+04   2.1792884504000001e+04
   2.3245404105999998e+04   2.4908789206999998e+04   2.5422559721000001e+04   2.0705088030000003e+04   2.2070066484999999e+04   2.1363860011999997e+04   2.1821411701000001e+04   2.1787959460000002e+04
   2.3251570140000000e+04   2.4916533090000001e+04   2.5424872329000002e+04   2.0708561478000000e+04   2.2071381883000002e+04   2.1365199682999999e+04   2.1819876448999999e+04   2.1783039563000002e+04
   2.3257739124000003e+04   2.4924278090000000e+04   2.5427190677999999e+04   2.0712043197999999e+04   2.2072703876000000e+04   2.1366549928000000e+04   2.1818346133999999e+04   2.1778124883000000e+04
   2.3263911301000000e+04   2.4932026684000000e+04   2.5429510684000001e+04   2.0715533660999998e+04   2.2074032152000000e+04   2.1367910940999998e+04   2.1816820758999998e+04   2.1773215352000003e+04
   2.3270085640999998e+04   2.4939778298000001e+04   2.5431834529000000e+04   2.0719032585999998e+04   2.2075366657000002e+04   2.1369282877000001e+04   2.1815300862000000e+04   2.1768310810999999e+04
   2.3276263454999997e+04   2.4947530487000000e+04   2.5434161150000000e+04   2.0722539783000000e+04   2.2076707759000001e+04   2.1370665300000001e+04   2.1813785712000001e+04   2.1763410563000001e+04
   2.3282443292000000e+04   2.4955285713000001e+04   2.5436490491999997e+04   2.0726056159000003e+04   2.2078055474000001e+04   2.1372058699999998e+04   2.1812276250999999e+04   2.1758516684000002e+04
   2.3288626898999999e+04   2.4963043171999998e+04   2.5438823359000002e+04   2.0729580632000001e+04   2.2079409470999999e+04   2.1373463093999999e+04   2.1810771989999997e+04   2.1753627988000000e+04
   2.3294812302999999e+04   2.4970801243000002e+04   2.5441159542000001e+04   2.0733113218999999e+04   2.2080769523999999e+04   2.1374877887999999e+04   2.1809272074000000e+04   2.1748743671999997e+04
   2.3301001546000000e+04   2.4978563396000001e+04   2.5443500889999999e+04   2.0736655682999997e+04   2.2082137045000003e+04   2.1376304512999999e+04   2.1807778875999997e+04   2.1743865761000001e+04
   2.3307192342999999e+04   2.4986328184999998e+04   2.5445843599000000e+04   2.0740205930000000e+04   2.2083510464000003e+04   2.1377740717999997e+04   2.1806290372000003e+04   2.1738992630000001e+04
   2.3313386961000000e+04   2.4994092973000003e+04   2.5448190758000001e+04   2.0743764587999998e+04   2.2084890044000000e+04   2.1379188179000001e+04   2.1804806266000000e+04   2.1734124734999998e+04
   2.3319583585000000e+04   2.5001859280000001e+04   2.5450540570000001e+04   2.0747331429999998e+04   2.2086275293999999e+04   2.1380645394000003e+04   2.1803327517000002e+04   2.1729261236999999e+04
   2.3325782739999999e+04   2.5009629199000003e+04   2.5452893208000001e+04   2.0750907328000001e+04   2.2087667646999998e+04   2.1382114633000001e+04   2.1801854143000000e+04   2.1724404039000001e+04
   2.3331985664000000e+04   2.5017401594999999e+04   2.5455252197999998e+04   2.0754491934999998e+04   2.2089067207000000e+04   2.1383594811999999e+04   2.1800386178000001e+04   2.1719552390000001e+04
   2.3338190193999999e+04   2.5025176261000001e+04   2.5457610175999998e+04   2.0758084340999998e+04   2.2090471861999999e+04   2.1385084782000002e+04   2.1798923343999999e+04   2.1714705225000002e+04
   2.3344398598000000e+04   2.5032952548999998e+04   2.5459973424000000e+04   2.0761685089000002e+04   2.2091883375999998e+04   2.1386585901999999e+04   2.1797465762000000e+04   2.1709863278999997e+04
   2.3350609164999998e+04   2.5040730530000001e+04   2.5462337301000000e+04   2.0765294194999999e+04   2.2093300891999999e+04   2.1388097370000000e+04   2.1796013118999999e+04   2.1705026706000001e+04
   2.3356821634000000e+04   2.5048511983000000e+04   2.5464705714000003e+04   2.0768912898999999e+04   2.2094725631999998e+04   2.1389620354999999e+04   2.1794566269000003e+04   2.1700196136999999e+04
   2.3363037960000001e+04   2.5056294100000003e+04   2.5467078909000003e+04   2.0772539299000000e+04   2.2096155886999997e+04   2.1391153600999998e+04   2.1793124323000000e+04   2.1695370558999999e+04
   2.3369257043000001e+04   2.5064077890999997e+04   2.5469456885000003e+04   2.0776174005000001e+04   2.2097592302000001e+04   2.1392697596000002e+04   2.1791687087999999e+04   2.1690549988000002e+04
   2.3375476842000000e+04   2.5071863114000000e+04   2.5471834006000001e+04   2.0779816039999998e+04   2.2099034718999999e+04   2.1394251032000000e+04   2.1790254652000000e+04   2.1685733326999998e+04
   2.3381700375000000e+04   2.5079651792000001e+04   2.5474214547000000e+04   2.0783467829000001e+04   2.2100484361000003e+04   2.1395816962000001e+04   2.1788828322999998e+04   2.1680924046999997e+04
   2.3387927346000000e+04   2.5087442285000001e+04   2.5476600620000001e+04   2.0787128396000000e+04   2.2101940826000002e+04   2.1397393485000001e+04   2.1787407944999999e+04   2.1676120002000000e+04
   2.3394155974000001e+04   2.5095232846999999e+04   2.5478989379999999e+04   2.0790796293000003e+04   2.2103402352000001e+04   2.1398979971000001e+04   2.1785991162000002e+04   2.1671320738000002e+04
   2.3400387394000001e+04   2.5103027579999998e+04   2.5481379466999999e+04   2.0794472425000000e+04   2.2104870002000000e+04   2.1400576980000002e+04   2.1784580190000001e+04   2.1666526570000002e+04
   2.3406621677000003e+04   2.5110821352999999e+04   2.5483774544000000e+04   2.0798157196000000e+04   2.2106344563000002e+04   2.1402184774000001e+04   2.1783174348000000e+04   2.1661738178000000e+04
   2.3412859587999999e+04   2.5118620640999998e+04   2.5486173024000000e+04   2.0801851197000000e+04   2.2107826470000000e+04   2.1403804677000000e+04   2.1781774945000001e+04   2.1656955876000000e+04
   2.3419098460000001e+04   2.5126417835000000e+04   2.5488573406000000e+04   2.0805552162000000e+04   2.2109312618000000e+04   2.1405433673000000e+04   2.1780378806000001e+04   2.1652177412999998e+04
   2.3425340839000000e+04   2.5134221363000001e+04   2.5490979111000001e+04   2.0809263386999999e+04   2.2110807596000002e+04   2.1407074690999998e+04   2.1778990309000001e+04   2.1647405999999999e+04
   2.3431585644000003e+04   2.5142024280000001e+04   2.5493385984000000e+04   2.0812980771999999e+04   2.2112306814000000e+04   2.1408725254999998e+04   2.1777605181000003e+04   2.1642638513000002e+04
   2.3437832822000000e+04   2.5149830965999998e+04   2.5495797761999998e+04   2.0816707528000003e+04   2.2113813553000000e+04   2.1410387144000000e+04   2.1776226159999998e+04   2.1637877483000000e+04
   2.3444082460000001e+04   2.5157638263000001e+04   2.5498211911999999e+04   2.0820442258000003e+04   2.2115325648999999e+04   2.1412058978999998e+04   2.1774852460999999e+04   2.1633121252000001e+04
   2.3450333931000001e+04   2.5165445979000000e+04   2.5500627318999999e+04   2.0824185138000001e+04   2.2116843399000001e+04   2.1413741302999999e+04   2.1773482916000001e+04   2.1628370186000000e+04
   2.3456589625000001e+04   2.5173255510000003e+04   2.5503049043000003e+04   2.0827936708000001e+04   2.2118369037000000e+04   2.1415435561999999e+04   2.1772119897000000e+04   2.1623625523999999e+04
   2.3462846051000000e+04   2.5181066594000000e+04   2.5505473122000003e+04   2.0831696130000000e+04   2.2119899491000000e+04   2.1417139471000002e+04   2.1770761188000000e+04   2.1618885382000000e+04
   2.3469107434000001e+04   2.5188881430000001e+04   2.5507900814000001e+04   2.0835464888999999e+04   2.2121437815000001e+04   2.1418855124000002e+04   2.1769409127999999e+04   2.1614152184999999e+04
   2.3475369269999999e+04   2.5196699337000002e+04   2.5510330146000000e+04   2.0839240557999998e+04   2.2122980937000000e+04   2.1420580304999999e+04   2.1768060853999999e+04   2.1609422931000001e+04
   2.3481634230000000e+04   2.5204514522000001e+04   2.5512761763999999e+04   2.0843024375000001e+04   2.2124530063000002e+04   2.1422316129999999e+04   2.1766717554000003e+04   2.1604699000000001e+04
   2.3487901614999999e+04   2.5212335412999997e+04   2.5515198844000002e+04   2.0846817110000000e+04   2.2126086186000000e+04   2.1424063508000003e+04   2.1765380831999999e+04   2.1599981543000002e+04
   2.3494170030000001e+04   2.5220156303000000e+04   2.5517637372000001e+04   2.0850617559000002e+04   2.2127648800999999e+04   2.1425820361000002e+04   2.1764048559999999e+04   2.1595269339000002e+04
   2.3500442230999997e+04   2.5227978765000000e+04   2.5520080489999997e+04   2.0854426103000002e+04   2.2129217313999998e+04   2.1427588225000003e+04   2.1762721732999998e+04   2.1590562300000001e+04
   2.3506718149999997e+04   2.5235803635000000e+04   2.5522527045000003e+04   2.0858243653000001e+04   2.2130792003999999e+04   2.1429367012999999e+04   2.1761400193000001e+04   2.1585860774999997e+04
   2.3512995114999998e+04   2.5243627492000000e+04   2.5524975747000000e+04   2.0862069281000000e+04   2.2132373151000000e+04   2.1431156079000000e+04   2.1760084289999999e+04   2.1581165166000003e+04
   2.3519275396000001e+04   2.5251457945999999e+04   2.5527428515000000e+04   2.0865903041999998e+04   2.2133960388000000e+04   2.1432956399999999e+04   2.1758773883000002e+04   2.1576474947999999e+04
   2.3525557405000000e+04   2.5259288120000001e+04   2.5529884300999998e+04   2.0869744899000001e+04   2.2135554272999998e+04   2.1434767227000000e+04   2.1757468624000001e+04   2.1571790681999999e+04
   2.3531842693999999e+04   2.5267119708000002e+04   2.5532340488999998e+04   2.0873594714000003e+04   2.2137153673000001e+04   2.1436588401999998e+04   2.1756168582999999e+04   2.1567111772000000e+04
   2.3538129432000002e+04   2.5274950912000000e+04   2.5534802227000000e+04   2.0877452276000000e+04   2.2138759074999998e+04   2.1438419818999999e+04   2.1754873550000000e+04   2.1562437941000000e+04
   2.3544419886000000e+04   2.5282785500999998e+04   2.5537266826000003e+04   2.0881318791000002e+04   2.2140372085999999e+04   2.1440263121000000e+04   2.1753584467999997e+04   2.1557770339000002e+04
   2.3550711997999999e+04   2.5290621556999999e+04   2.5539736153000002e+04   2.0885193647000000e+04   2.2141990489000000e+04   2.1442116892000002e+04   2.1752300933999999e+04   2.1553109159000003e+04
   2.3557006239999999e+04   2.5298458170000002e+04   2.5542208848999999e+04   2.0889075918999999e+04   2.2143615313999999e+04   2.1443980261000001e+04   2.1751021640999999e+04   2.1548451852999999e+04
