  -3.7288060989030641e-04   1.6289595550504084e-05   1.0500565683878761e-04   1.6541455448672315e-04  -6.2346100962693246e-05  -1.2610165657087923e-04  -6.1635171212990659e-04   3.3765472186780940e-05
  -3.7288061610150783e-04   1.6289593860384377e-05   1.0500566149558766e-04   1.6541456134620472e-04  -6.2346106240381092e-05  -1.2610165916286558e-04  -6.1635171491676794e-04   3.3765477362418528e-05
  -3.7288062231218781e-04   1.6289592170423167e-05   1.0500566615229297e-04   1.6541456820559186e-04  -6.2346111518278514e-05  -1.2610166175533222e-04  -6.1635171770382552e-04   3.3765482537907471e-05
  -3.7288062852234677e-04   1.6289590480620233e-05   1.0500567080890338e-04   1.6541457506488445e-04  -6.2346116796385635e-05  -1.2610166434827639e-04  -6.1635172049107902e-04   3.3765487713247771e-05
  -3.7288063473198309e-04   1.6289588790975366e-05   1.0500567546541926e-04   1.6541458192408253e-04  -6.2346122074702481e-05  -1.2610166694169601e-04  -6.1635172327852952e-04   3.3765492888439101e-05
  -3.7288064094109758e-04   1.6289587101488345e-05   1.0500568012184059e-04   1.6541458878318590e-04  -6.2346127353229391e-05  -1.2610166953558834e-04  -6.1635172606617583e-04   3.3765498063481462e-05
  -3.7288064714968916e-04   1.6289585412158954e-05   1.0500568477816762e-04   1.6541459564219471e-04  -6.2346132631966244e-05  -1.2610167212995108e-04  -6.1635172885401849e-04   3.3765503238374853e-05
  -3.7288065335775778e-04   1.6289583722986982e-05   1.0500568943440045e-04   1.6541460250110867e-04  -6.2346137910913242e-05  -1.2610167472478171e-04  -6.1635173164205717e-04   3.3765508413119059e-05
  -3.7288065956530279e-04   1.6289582033972192e-05   1.0500569409053922e-04   1.6541460935992774e-04  -6.2346143190070453e-05  -1.2610167732007786e-04  -6.1635173443029220e-04   3.3765513587714078e-05
  -3.7288066577232401e-04   1.6289580345114375e-05   1.0500569874658407e-04   1.6541461621865196e-04  -6.2346148469437972e-05  -1.2610167991583687e-04  -6.1635173721872314e-04   3.3765518762159802e-05
  -3.7288067197882092e-04   1.6289578656413319e-05   1.0500570340253517e-04   1.6541462307728122e-04  -6.2346153749015935e-05  -1.2610168251205649e-04  -6.1635174000735033e-04   3.3765523936455906e-05
  -3.7288067818479356e-04   1.6289576967868775e-05   1.0500570805839263e-04   1.6541462993581538e-04  -6.2346159028804356e-05  -1.2610168510873403e-04  -6.1635174279617343e-04   3.3765529110602716e-05
  -3.7288068439024117e-04   1.6289575279480543e-05   1.0500571271415666e-04   1.6541463679425441e-04  -6.2346164308803409e-05  -1.2610168770586704e-04  -6.1635174558519277e-04   3.3765534284600014e-05
  -3.7288069059516354e-04   1.6289573591248401e-05   1.0500571736982737e-04   1.6541464365259814e-04  -6.2346169589013177e-05  -1.2610169030345317e-04  -6.1635174837440759e-04   3.3765539458447584e-05
  -3.7288069679956040e-04   1.6289571903172110e-05   1.0500572202540489e-04   1.6541465051084678e-04  -6.2346174869433606e-05  -1.2610169290148984e-04  -6.1635175116381865e-04   3.3765544632145209e-05
  -3.7288070300343110e-04   1.6289570215251454e-05   1.0500572668088944e-04   1.6541465736899996e-04  -6.2346180150064885e-05  -1.2610169549997458e-04  -6.1635175395342563e-04   3.3765549805693106e-05
  -3.7288070920677574e-04   1.6289568527486200e-05   1.0500573133628106e-04   1.6541466422705775e-04  -6.2346185430907095e-05  -1.2610169809890485e-04  -6.1635175674322809e-04   3.3765554979091057e-05
  -3.7288071540959335e-04   1.6289566839876109e-05   1.0500573599158005e-04   1.6541467108502019e-04  -6.2346190711960265e-05  -1.2610170069827823e-04  -6.1635175953322669e-04   3.3765560152338846e-05
  -3.7288072161188431e-04   1.6289565152420978e-05   1.0500574064678643e-04   1.6541467794288701e-04  -6.2346195993224487e-05  -1.2610170329809206e-04  -6.1635176232342043e-04   3.3765565325436582e-05
  -3.7288072781364770e-04   1.6289563465120566e-05   1.0500574530190038e-04   1.6541468480065822e-04  -6.2346201274699804e-05  -1.2610170589834403e-04  -6.1635176511380977e-04   3.3765570498384264e-05
  -3.7288073401488356e-04   1.6289561777974633e-05   1.0500574995692207e-04   1.6541469165833389e-04  -6.2346206556386296e-05  -1.2610170849903143e-04  -6.1635176790439492e-04   3.3765575671181459e-05
  -3.7288074021559137e-04   1.6289560090982971e-05   1.0500575461185166e-04   1.6541469851591377e-04  -6.2346211838284018e-05  -1.2610171110015179e-04  -6.1635177069517587e-04   3.3765580843828492e-05
  -3.7288074641577052e-04   1.6289558404145317e-05   1.0500575926668939e-04   1.6541470537339783e-04  -6.2346217120392970e-05  -1.2610171370170274e-04  -6.1635177348615220e-04   3.3765586016325038e-05
  -3.7288075261542139e-04   1.6289556717461464e-05   1.0500576392143524e-04   1.6541471223078603e-04  -6.2346222402713300e-05  -1.2610171630368167e-04  -6.1635177627732368e-04   3.3765591188670988e-05
  -3.7288075881454301e-04   1.6289555030931164e-05   1.0500576857608948e-04   1.6541471908807843e-04  -6.2346227685244941e-05  -1.2610171890608594e-04  -6.1635177906868999e-04   3.3765596360866342e-05
  -3.7288076501313538e-04   1.6289553344554187e-05   1.0500577323065228e-04   1.6541472594527483e-04  -6.2346232967988124e-05  -1.2610172150891323e-04  -6.1635178186025222e-04   3.3765601532911101e-05
  -3.7288077121119795e-04   1.6289551658330300e-05   1.0500577788512379e-04   1.6541473280237511e-04  -6.2346238250942659e-05  -1.2610172411216079e-04  -6.1635178465200950e-04   3.3765606704804830e-05
  -3.7288077740873046e-04   1.6289549972259245e-05   1.0500578253950402e-04   1.6541473965937933e-04  -6.2346243534108721e-05  -1.2610172671582615e-04  -6.1635178744396150e-04   3.3765611876547855e-05
  -3.7288078360573273e-04   1.6289548286340808e-05   1.0500578719379335e-04   1.6541474651628738e-04  -6.2346248817486325e-05  -1.2610172931990676e-04  -6.1635179023610887e-04   3.3765617048140068e-05
  -3.7288078980220424e-04   1.6289546600574742e-05   1.0500579184799179e-04   1.6541475337309935e-04  -6.2346254101075470e-05  -1.2610173192440015e-04  -6.1635179302845097e-04   3.3765622219581143e-05
  -3.7288079599814481e-04   1.6289544914960820e-05   1.0500579650209966e-04   1.6541476022981496e-04  -6.2346259384876305e-05  -1.2610173452930380e-04  -6.1635179582098789e-04   3.3765627390871297e-05
  -3.7288080219355412e-04   1.6289543229498781e-05   1.0500580115611690e-04   1.6541476708643421e-04  -6.2346264668888655e-05  -1.2610173713461489e-04  -6.1635179861371998e-04   3.3765632562010204e-05
  -3.7288080838843174e-04   1.6289541544188385e-05   1.0500580581004387e-04   1.6541477394295712e-04  -6.2346269953112709e-05  -1.2610173974033105e-04  -6.1635180140664667e-04   3.3765637732997866e-05
  -3.7288081458277745e-04   1.6289539859029401e-05   1.0500581046388058e-04   1.6541478079938358e-04  -6.2346275237548426e-05  -1.2610174234644982e-04  -6.1635180419976777e-04   3.3765642903834173e-05
  -3.7288082077659076e-04   1.6289538174021582e-05   1.0500581511762730e-04   1.6541478765571348e-04  -6.2346280522195820e-05  -1.2610174495296847e-04  -6.1635180699308369e-04   3.3765648074519233e-05
  -3.7288082696987205e-04   1.6289536489164690e-05   1.0500581977128420e-04   1.6541479451194700e-04  -6.2346285807054892e-05  -1.2610174755988443e-04  -6.1635180978659347e-04   3.3765653245052939e-05
  -3.7288083316262013e-04   1.6289534804458469e-05   1.0500582442485139e-04   1.6541480136808383e-04  -6.2346291092125667e-05  -1.2610175016719525e-04  -6.1635181258029830e-04   3.3765658415435182e-05
  -3.7288083935483522e-04   1.6289533119902675e-05   1.0500582907832905e-04   1.6541480822412403e-04  -6.2346296377408159e-05  -1.2610175277489821e-04  -6.1635181537419753e-04   3.3765663585665637e-05
  -3.7288084554651645e-04   1.6289531435497059e-05   1.0500583373171737e-04   1.6541481508006753e-04  -6.2346301662902370e-05  -1.2610175538299085e-04  -6.1635181816829029e-04   3.3765668755744520e-05
  -3.7288085173766431e-04   1.6289529751241385e-05   1.0500583838501650e-04   1.6541482193591412e-04  -6.2346306948608284e-05  -1.2610175799147053e-04  -6.1635182096257722e-04   3.3765673925671724e-05
  -3.7288085792827797e-04   1.6289528067135391e-05   1.0500584303822663e-04   1.6541482879166403e-04  -6.2346312234525943e-05  -1.2610176060033458e-04  -6.1635182375705845e-04   3.3765679095447139e-05
  -3.7288086411835735e-04   1.6289526383178832e-05   1.0500584769134784e-04   1.6541483564731704e-04  -6.2346317520655306e-05  -1.2610176320958054e-04  -6.1635182655173332e-04   3.3765684265070765e-05
  -3.7288087030790221e-04   1.6289524699371472e-05   1.0500585234438041e-04   1.6541484250287312e-04  -6.2346322806996346e-05  -1.2610176581920584e-04  -6.1635182934660225e-04   3.3765689434542496e-05
  -3.7288087649691191e-04   1.6289523015713034e-05   1.0500585699732445e-04   1.6541484935833219e-04  -6.2346328093549063e-05  -1.2610176842920782e-04  -6.1635183214166472e-04   3.3765694603862004e-05
  -3.7288088268538683e-04   1.6289521332203277e-05   1.0500586165018023e-04   1.6541485621369433e-04  -6.2346333380313416e-05  -1.2610177103958373e-04  -6.1635183493692083e-04   3.3765699773029723e-05
  -3.7288088887332561e-04   1.6289519648841958e-05   1.0500586630294778e-04   1.6541486306895930e-04  -6.2346338667289514e-05  -1.2610177365033115e-04  -6.1635183773237057e-04   3.3765704942045438e-05
  -3.7288089506072917e-04   1.6289517965628805e-05   1.0500587095562734e-04   1.6541486992412721e-04  -6.2346343954477180e-05  -1.2610177626144747e-04  -6.1635184052801330e-04   3.3765710110908714e-05
  -3.7288090124759638e-04   1.6289516282563585e-05   1.0500587560821917e-04   1.6541487677919795e-04  -6.2346349241876469e-05  -1.2610177887292996e-04  -6.1635184332384956e-04   3.3765715279619876e-05
  -3.7288090743392734e-04   1.6289514599646020e-05   1.0500588026072326e-04   1.6541488363417146e-04  -6.2346354529487326e-05  -1.2610178148477608e-04  -6.1635184611987914e-04   3.3765720448178708e-05
  -3.7288091361972162e-04   1.6289512916875852e-05   1.0500588491313995e-04   1.6541489048904777e-04  -6.2346359817309752e-05  -1.2610178409698319e-04  -6.1635184891610159e-04   3.3765725616585317e-05
  -3.7288091980497900e-04   1.6289511234252864e-05   1.0500588956546928e-04   1.6541489734382667e-04  -6.2346365105343666e-05  -1.2610178670954873e-04  -6.1635185171251671e-04   3.3765730784839380e-05
  -3.7288092598969938e-04   1.6289509551776732e-05   1.0500589421771152e-04   1.6541490419850832e-04  -6.2346370393589025e-05  -1.2610178932247006e-04  -6.1635185450912525e-04   3.3765735952941112e-05
  -3.7288093217388216e-04   1.6289507869447255e-05   1.0500589886986683e-04   1.6541491105309252e-04  -6.2346375682045913e-05  -1.2610179193574440e-04  -6.1635185730592634e-04   3.3765741120890405e-05
  -3.7288093835752744e-04   1.6289506187264145e-05   1.0500590352193541e-04   1.6541491790757925e-04  -6.2346380970714166e-05  -1.2610179454936938e-04  -6.1635186010291978e-04   3.3765746288687043e-05
  -3.7288094454063464e-04   1.6289504505227148e-05   1.0500590817391740e-04   1.6541492476196843e-04  -6.2346386259593730e-05  -1.2610179716334211e-04  -6.1635186290010576e-04   3.3765751456331025e-05
  -3.7288095072320358e-04   1.6289502823336000e-05   1.0500591282581296e-04   1.6541493161626022e-04  -6.2346391548684618e-05  -1.2610179977766008e-04  -6.1635186569748441e-04   3.3765756623822460e-05
  -3.7288095690523427e-04   1.6289501141590437e-05   1.0500591747762236e-04   1.6541493847045444e-04  -6.2346396837986722e-05  -1.2610180239232065e-04  -6.1635186849505507e-04   3.3765761791160914e-05
  -3.7288096308672590e-04   1.6289499459990205e-05   1.0500592212934568e-04   1.6541494532455105e-04  -6.2346402127500002e-05  -1.2610180500732110e-04  -6.1635187129281763e-04   3.3765766958346712e-05
  -3.7288096926767884e-04   1.6289497778535018e-05   1.0500592678098314e-04   1.6541495217854989e-04  -6.2346407417224444e-05  -1.2610180762265890e-04  -6.1635187409077243e-04   3.3765772125379638e-05
  -3.7288097544809228e-04   1.6289496097224637e-05   1.0500593143253496e-04   1.6541495903245109e-04  -6.2346412707159953e-05  -1.2610181023833123e-04  -6.1635187688891902e-04   3.3765777292259691e-05
  -3.7288098162796643e-04   1.6289494416058786e-05   1.0500593608400126e-04   1.6541496588625454e-04  -6.2346417997306421e-05  -1.2610181285433559e-04  -6.1635187968725729e-04   3.3765782458986980e-05
  -3.7288098780730044e-04   1.6289492735037172e-05   1.0500594073538230e-04   1.6541497273996021e-04  -6.2346423287663847e-05  -1.2610181547066928e-04  -6.1635188248578715e-04   3.3765787625560963e-05
  -3.7288099398609479e-04   1.6289491054159574e-05   1.0500594538667818e-04   1.6541497959356811e-04  -6.2346428578232218e-05  -1.2610181808732959e-04  -6.1635188528450836e-04   3.3765792791982073e-05
  -3.7288100016434904e-04   1.6289489373425683e-05   1.0500595003788913e-04   1.6541498644707811e-04  -6.2346433869011304e-05  -1.2610182070431385e-04  -6.1635188808342116e-04   3.3765797958250094e-05
  -3.7288100634206255e-04   1.6289487692835266e-05   1.0500595468901534e-04   1.6541499330049016e-04  -6.2346439160001105e-05  -1.2610182332161940e-04  -6.1635189088252509e-04   3.3765803124364917e-05
  -3.7288101251923536e-04   1.6289486012388028e-05   1.0500595934005699e-04   1.6541500015380435e-04  -6.2346444451201512e-05  -1.2610182593924364e-04  -6.1635189368181985e-04   3.3765808290326651e-05
  -3.7288101869586727e-04   1.6289484332083685e-05   1.0500596399101429e-04   1.6541500700702056e-04  -6.2346449742612498e-05  -1.2610182855718387e-04  -6.1635189648130565e-04   3.3765813456134970e-05
  -3.7288102487195799e-04   1.6289482651921989e-05   1.0500596864188736e-04   1.6541501386013884e-04  -6.2346455034233928e-05  -1.2610183117543733e-04  -6.1635189928098226e-04   3.3765818621790309e-05
  -3.7288103104750721e-04   1.6289480971902672e-05   1.0500597329267648e-04   1.6541502071315897e-04  -6.2346460326065747e-05  -1.2610183379400147e-04  -6.1635190208084937e-04   3.3765823787292233e-05
  -3.7288103722251493e-04   1.6289479292025433e-05   1.0500597794338175e-04   1.6541502756608104e-04  -6.2346465618107820e-05  -1.2610183641287344e-04  -6.1635190488090708e-04   3.3765828952640742e-05
  -3.7288104339698071e-04   1.6289477612290022e-05   1.0500598259400347e-04   1.6541503441890506e-04  -6.2346470910360120e-05  -1.2610183903205072e-04  -6.1635190768115475e-04   3.3765834117835945e-05
  -3.7288104957090428e-04   1.6289475932696146e-05   1.0500598724454172e-04   1.6541504127163089e-04  -6.2346476202822484e-05  -1.2610184165153058e-04  -6.1635191048159269e-04   3.3765839282877625e-05
  -3.7288105574428564e-04   1.6289474253243545e-05   1.0500599189499678e-04   1.6541504812425854e-04  -6.2346481495494763e-05  -1.2610184427131016e-04  -6.1635191328222102e-04   3.3765844447765782e-05
  -3.7288106191712424e-04   1.6289472573931928e-05   1.0500599654536873e-04   1.6541505497678804e-04  -6.2346486788376998e-05  -1.2610184689138701e-04  -6.1635191608303865e-04   3.3765849612500416e-05
  -3.7288106808942032e-04   1.6289470894761016e-05   1.0500600119565782e-04   1.6541506182921926e-04  -6.2346492081468959e-05  -1.2610184951175824e-04  -6.1635191888404644e-04   3.3765854777081526e-05
  -3.7288107426117315e-04   1.6289469215730556e-05   1.0500600584586431e-04   1.6541506868155220e-04  -6.2346497374770671e-05  -1.2610185213242126e-04  -6.1635192168524365e-04   3.3765859941509114e-05
  -3.7288108043238307e-04   1.6289467536840229e-05   1.0500601049598840e-04   1.6541507553378685e-04  -6.2346502668281798e-05  -1.2610185475337332e-04  -6.1635192448663038e-04   3.3765865105782962e-05
  -3.7288108660304937e-04   1.6289465858089792e-05   1.0500601514603012e-04   1.6541508238592312e-04  -6.2346507962002433e-05  -1.2610185737461173e-04  -6.1635192728820597e-04   3.3765870269903179e-05
  -3.7288109277317194e-04   1.6289464179478938e-05   1.0500601979598983e-04   1.6541508923796104e-04  -6.2346513255932332e-05  -1.2610185999613370e-04  -6.1635193008997087e-04   3.3765875433869655e-05
  -3.7288109894275095e-04   1.6289462501007394e-05   1.0500602444586768e-04   1.6541509608990060e-04  -6.2346518550071469e-05  -1.2610186261793668e-04  -6.1635193289192496e-04   3.3765880597682501e-05
  -3.7288110511178569e-04   1.6289460822674869e-05   1.0500602909566384e-04   1.6541510294174186e-04  -6.2346523844419586e-05  -1.2610186524001775e-04  -6.1635193569406737e-04   3.3765885761341389e-05
  -3.7288111128027626e-04   1.6289459144481092e-05   1.0500603374537853e-04   1.6541510979348442e-04  -6.2346529138976683e-05  -1.2610186786237435e-04  -6.1635193849639833e-04   3.3765890924846646e-05
  -3.7288111744822257e-04   1.6289457466425770e-05   1.0500603839501196e-04   1.6541511664512864e-04  -6.2346534433742543e-05  -1.2610187048500362e-04  -6.1635194129891783e-04   3.3765896088197946e-05
  -3.7288112361562390e-04   1.6289455788508623e-05   1.0500604304456423e-04   1.6541512349667434e-04  -6.2346539728717098e-05  -1.2610187310790308e-04  -6.1635194410162566e-04   3.3765901251395398e-05
  -3.7288112978248054e-04   1.6289454110729352e-05   1.0500604769403570e-04   1.6541513034812151e-04  -6.2346545023900173e-05  -1.2610187573106966e-04  -6.1635194690452127e-04   3.3765906414438894e-05
  -3.7288113594879208e-04   1.6289452433087691e-05   1.0500605234342647e-04   1.6541513719947007e-04  -6.2346550319291590e-05  -1.2610187835450086e-04  -6.1635194970760467e-04   3.3765911577328541e-05
  -3.7288114211455855e-04   1.6289450755583330e-05   1.0500605699273677e-04   1.6541514405072014e-04  -6.2346555614891283e-05  -1.2610188097819387e-04  -6.1635195251087628e-04   3.3765916740064231e-05
  -3.7288114827977944e-04   1.6289449078215999e-05   1.0500606164196679e-04   1.6541515090187154e-04  -6.2346560910699021e-05  -1.2610188360214600e-04  -6.1635195531433492e-04   3.3765921902645965e-05
  -3.7288115444445493e-04   1.6289447400985403e-05   1.0500606629111676e-04   1.6541515775292439e-04  -6.2346566206714695e-05  -1.2610188622635447e-04  -6.1635195811798155e-04   3.3765927065073308e-05
  -3.7288116060858430e-04   1.6289445723891236e-05   1.0500607094018685e-04   1.6541516460387854e-04  -6.2346571502938197e-05  -1.2610188885081651e-04  -6.1635196092181500e-04   3.3765932227347020e-05
  -3.7288116677216794e-04   1.6289444046933232e-05   1.0500607558917727e-04   1.6541517145473409e-04  -6.2346576799369297e-05  -1.2610189147552946e-04  -6.1635196372583525e-04   3.3765937389466667e-05
  -3.7288117293520542e-04   1.6289442370111089e-05   1.0500608023808822e-04   1.6541517830549079e-04  -6.2346582096007913e-05  -1.2610189410049047e-04  -6.1635196653004242e-04   3.3765942551431923e-05
  -3.7288117909769645e-04   1.6289440693424498e-05   1.0500608488692005e-04   1.6541518515614890e-04  -6.2346587392853747e-05  -1.2610189672569686e-04  -6.1635196933443629e-04   3.3765947713243222e-05
  -3.7288118525964084e-04   1.6289439016873191e-05   1.0500608953567265e-04   1.6541519200670822e-04  -6.2346592689906759e-05  -1.2610189935114585e-04  -6.1635197213901654e-04   3.3765952874900240e-05
  -3.7288119142103889e-04   1.6289437340456858e-05   1.0500609418434651e-04   1.6541519885716874e-04  -6.2346597987166758e-05  -1.2610190197683466e-04  -6.1635197494378327e-04   3.3765958036403301e-05
  -3.7288119758188985e-04   1.6289435664175206e-05   1.0500609883294174e-04   1.6541520570753052e-04  -6.2346603284633596e-05  -1.2610190460276058e-04  -6.1635197774873572e-04   3.3765963197752080e-05
  -3.7288120374219373e-04   1.6289433988027948e-05   1.0500610348145853e-04   1.6541521255779361e-04  -6.2346608582307015e-05  -1.2610190722892078e-04  -6.1635198055387422e-04   3.3765968358946468e-05
  -3.7288120990195057e-04   1.6289432312014782e-05   1.0500610812989710e-04   1.6541521940795773e-04  -6.2346613880186921e-05  -1.2610190985531261e-04  -6.1635198335919822e-04   3.3765973519986792e-05
  -3.7288121606116010e-04   1.6289430636135397e-05   1.0500611277825767e-04   1.6541522625802309e-04  -6.2346619178273041e-05  -1.2610191248193316e-04  -6.1635198616470752e-04   3.3765978680873050e-05
  -3.7288122221982190e-04   1.6289428960389513e-05   1.0500611742654041e-04   1.6541523310798954e-04  -6.2346624476565255e-05  -1.2610191510877968e-04  -6.1635198897040243e-04   3.3765983841604701e-05
  -3.7288122837793634e-04   1.6289427284776814e-05   1.0500612207474569e-04   1.6541523995785716e-04  -6.2346629775063386e-05  -1.2610191773584963e-04  -6.1635199177628242e-04   3.3765989002182070e-05
  -3.7288123453550266e-04   1.6289425609297029e-05   1.0500612672287350e-04   1.6541524680762596e-04  -6.2346635073767204e-05  -1.2610192036313986e-04  -6.1635199458234715e-04   3.3765994162605483e-05
  -3.7288124069252118e-04   1.6289423933949834e-05   1.0500613137092417e-04   1.6541525365729583e-04  -6.2346640372676600e-05  -1.2610192299064782e-04  -6.1635199738859663e-04   3.3765999322874071e-05
  -3.7288124684899126e-04   1.6289422258734928e-05   1.0500613601889784e-04   1.6541526050686673e-04  -6.2346645671791250e-05  -1.2610192561837073e-04  -6.1635200019503054e-04   3.3766004482988702e-05
  -3.7288125300491334e-04   1.6289420583652011e-05   1.0500614066679484e-04   1.6541526735633878e-04  -6.2346650971111057e-05  -1.2610192824630571e-04  -6.1635200300164876e-04   3.3766009642948944e-05
  -3.7288125916028669e-04   1.6289418908700794e-05   1.0500614531461533e-04   1.6541527420571182e-04  -6.2346656270635806e-05  -1.2610193087445016e-04  -6.1635200580845075e-04   3.3766014802754578e-05
  -3.7288126531511155e-04   1.6289417233880949e-05   1.0500614996235951e-04   1.6541528105498590e-04  -6.2346661570365238e-05  -1.2610193350280096e-04  -6.1635200861543662e-04   3.3766019962405930e-05
  -3.7288127146938791e-04   1.6289415559192183e-05   1.0500615461002756e-04   1.6541528790416110e-04  -6.2346666870299246e-05  -1.2610193613135569e-04  -6.1635201142260648e-04   3.3766025121903000e-05
  -3.7288127762311529e-04   1.6289413884634206e-05   1.0500615925761978e-04   1.6541529475323723e-04  -6.2346672170437490e-05  -1.2610193876011133e-04  -6.1635201422995936e-04   3.3766030281245571e-05
  -3.7288128377629357e-04   1.6289412210206689e-05   1.0500616390513629e-04   1.6541530160221442e-04  -6.2346677470779863e-05  -1.2610194138906508e-04  -6.1635201703749579e-04   3.3766035440433643e-05
  -3.7288128992892254e-04   1.6289410535909341e-05   1.0500616855257740e-04   1.6541530845109258e-04  -6.2346682771326079e-05  -1.2610194401821420e-04  -6.1635201984521501e-04   3.3766040599467325e-05
  -3.7288129608100253e-04   1.6289408861741832e-05   1.0500617319994331e-04   1.6541531529987174e-04  -6.2346688072076003e-05  -1.2610194664755599e-04  -6.1635202265311704e-04   3.3766045758346617e-05
  -3.7288130223253282e-04   1.6289407187703866e-05   1.0500617784723424e-04   1.6541532214855187e-04  -6.2346693373029310e-05  -1.2610194927708746e-04  -6.1635202546120142e-04   3.3766050917071518e-05
  -3.7288130838351391e-04   1.6289405513795150e-05   1.0500618249445023e-04   1.6541532899713303e-04  -6.2346698674185891e-05  -1.2610195190680600e-04  -6.1635202826946817e-04   3.3766056075641921e-05
  -3.7288131453394483e-04   1.6289403840015366e-05   1.0500618714159187e-04   1.6541533584561518e-04  -6.2346703975545422e-05  -1.2610195453670856e-04  -6.1635203107791750e-04   3.3766061234057716e-05
  -3.7288132068382626e-04   1.6289402166364185e-05   1.0500619178865900e-04   1.6541534269399813e-04  -6.2346709277107698e-05  -1.2610195716679254e-04  -6.1635203388654832e-04   3.3766066392319229e-05
  -3.7288132683315785e-04   1.6289400492841316e-05   1.0500619643565208e-04   1.6541534954228206e-04  -6.2346714578872517e-05  -1.2610195979705503e-04  -6.1635203669536075e-04   3.3766071550426027e-05
  -3.7288133298193915e-04   1.6289398819446431e-05   1.0500620108257128e-04   1.6541535639046702e-04  -6.2346719880839620e-05  -1.2610196242749321e-04  -6.1635203950435446e-04   3.3766076708378651e-05
  -3.7288133913017038e-04   1.6289397146179247e-05   1.0500620572941677e-04   1.6541536323855293e-04  -6.2346725183008779e-05  -1.2610196505810425e-04  -6.1635204231352977e-04   3.3766081866176668e-05
  -3.7288134527785149e-04   1.6289395473039417e-05   1.0500621037618878e-04   1.6541537008653965e-04  -6.2346730485379734e-05  -1.2610196768888539e-04  -6.1635204512288570e-04   3.3766087023820186e-05
  -3.7288135142498187e-04   1.6289393800026625e-05   1.0500621502288759e-04   1.6541537693442741e-04  -6.2346735787952189e-05  -1.2610197031983383e-04  -6.1635204793242292e-04   3.3766092181309205e-05
  -3.7288135757156186e-04   1.6289392127140575e-05   1.0500621966951339e-04   1.6541538378221597e-04  -6.2346741090726047e-05  -1.2610197295094666e-04  -6.1635205074213979e-04   3.3766097338643617e-05
  -3.7288136371759124e-04   1.6289390454380965e-05   1.0500622431606642e-04   1.6541539062990554e-04  -6.2346746393700917e-05  -1.2610197558222106e-04  -6.1635205355203750e-04   3.3766102495823747e-05
  -3.7288136986306984e-04   1.6289388781747443e-05   1.0500622896254687e-04   1.6541539747749596e-04  -6.2346751696876608e-05  -1.2610197821365428e-04  -6.1635205636211509e-04   3.3766107652849161e-05
  -3.7288137600799778e-04   1.6289387109239706e-05   1.0500623360895502e-04   1.6541540432498736e-04  -6.2346757000252904e-05  -1.2610198084524342e-04  -6.1635205917237254e-04   3.3766112809720185e-05
  -3.7288138215237451e-04   1.6289385436857442e-05   1.0500623825529107e-04   1.6541541117237962e-04  -6.2346762303829424e-05  -1.2610198347698563e-04  -6.1635206198280943e-04   3.3766117966436927e-05
  -3.7288138829620062e-04   1.6289383764600318e-05   1.0500624290155524e-04   1.6541541801967281e-04  -6.2346767607606007e-05  -1.2610198610887819e-04  -6.1635206479342586e-04   3.3766123122998845e-05
  -3.7288139443947521e-04   1.6289382092468030e-05   1.0500624754774774e-04   1.6541542486686684e-04  -6.2346772911582368e-05  -1.2610198874091818e-04  -6.1635206760422096e-04   3.3766128279406481e-05
  -3.7288140058219863e-04   1.6289380420460256e-05   1.0500625219386882e-04   1.6541543171396184e-04  -6.2346778215758195e-05  -1.2610199137310269e-04  -6.1635207041519507e-04   3.3766133435659618e-05
  -3.7288140672437075e-04   1.6289378748576660e-05   1.0500625683991872e-04   1.6541543856095776e-04  -6.2346783520133311e-05  -1.2610199400542904e-04  -6.1635207322634764e-04   3.3766138591758256e-05
  -3.7288141286599143e-04   1.6289377076816941e-05   1.0500626148589768e-04   1.6541544540785453e-04  -6.2346788824707339e-05  -1.2610199663789422e-04  -6.1635207603767835e-04   3.3766143747702396e-05
  -3.7288141900706053e-04   1.6289375405180767e-05   1.0500626613180590e-04   1.6541545225465227e-04  -6.2346794129480100e-05  -1.2610199927049542e-04  -6.1635207884918795e-04   3.3766148903492145e-05
  -3.7288142514757820e-04   1.6289373733667792e-05   1.0500627077764357e-04   1.6541545910135082e-04  -6.2346799434451176e-05  -1.2610200190322983e-04  -6.1635208166087438e-04   3.3766154059127395e-05
  -3.7288143128754407e-04   1.6289372062277742e-05   1.0500627542341109e-04   1.6541546594795031e-04  -6.2346804739620430e-05  -1.2610200453609476e-04  -6.1635208447273883e-04   3.3766159214608255e-05
  -3.7288143742695819e-04   1.6289370391010258e-05   1.0500628006910853e-04   1.6541547279445089e-04  -6.2346810044987524e-05  -1.2610200716908695e-04  -6.1635208728478056e-04   3.3766164369934400e-05
  -3.7288144356582045e-04   1.6289368719865000e-05   1.0500628471473606e-04   1.6541547964085218e-04  -6.2346815350552146e-05  -1.2610200980220400e-04  -6.1635209009699955e-04   3.3766169525106479e-05
  -3.7288144970413096e-04   1.6289367048841698e-05   1.0500628936029421e-04   1.6541548648715460e-04  -6.2346820656314066e-05  -1.2610201243544276e-04  -6.1635209290939483e-04   3.3766174680123842e-05
  -3.7288145584188917e-04   1.6289365377939956e-05   1.0500629400578290e-04   1.6541549333335773e-04  -6.2346825962272917e-05  -1.2610201506880046e-04  -6.1635209572196694e-04   3.3766179834986924e-05
  -3.7288146197909553e-04   1.6289363707159502e-05   1.0500629865120251e-04   1.6541550017946195e-04  -6.2346831268428430e-05  -1.2610201770227425e-04  -6.1635209853471524e-04   3.3766184989695615e-05
  -3.7288146811574960e-04   1.6289362036499991e-05   1.0500630329655330e-04   1.6541550702546705e-04  -6.2346836574780372e-05  -1.2610202033586118e-04  -6.1635210134763972e-04   3.3766190144249807e-05
  -3.7288147425185159e-04   1.6289360365961070e-05   1.0500630794183543e-04   1.6541551387137311e-04  -6.2346841881328338e-05  -1.2610202296955853e-04  -6.1635210416073984e-04   3.3766195298649826e-05
  -3.7288148038740128e-04   1.6289358695542431e-05   1.0500631258704917e-04   1.6541552071718018e-04  -6.2346847188072071e-05  -1.2610202560336332e-04  -6.1635210697401517e-04   3.3766200452895454e-05
  -3.7288148652239847e-04   1.6289357025243756e-05   1.0500631723219475e-04   1.6541552756288804e-04  -6.2346852495011299e-05  -1.2610202823727274e-04  -6.1635210978746571e-04   3.3766205606986584e-05
  -3.7288149265684353e-04   1.6289355355064686e-05   1.0500632187727241e-04   1.6541553440849703e-04  -6.2346857802145656e-05  -1.2610203087128389e-04  -6.1635211260109134e-04   3.3766210760923432e-05
  -3.7288149879073575e-04   1.6289353685004914e-05   1.0500632652228247e-04   1.6541554125400700e-04  -6.2346863109474831e-05  -1.2610203350539389e-04  -6.1635211541489164e-04   3.3766215914705997e-05
  -3.7288150492407573e-04   1.6289352015064087e-05   1.0500633116722502e-04   1.6541554809941788e-04  -6.2346868416998579e-05  -1.2610203613959992e-04  -6.1635211822886661e-04   3.3766221068334281e-05
  -3.7288151105686304e-04   1.6289350345241871e-05   1.0500633581210035e-04   1.6541555494472985e-04  -6.2346873724716481e-05  -1.2610203877389897e-04  -6.1635212104301548e-04   3.3766226221808283e-05
  -3.7288151718909774e-04   1.6289348675537955e-05   1.0500634045690878e-04   1.6541556178994275e-04  -6.2346879032628292e-05  -1.2610204140828834e-04  -6.1635212385733826e-04   3.3766231375128002e-05
  -3.7288152332077987e-04   1.6289347005951997e-05   1.0500634510165049e-04   1.6541556863505674e-04  -6.2346884340733620e-05  -1.2610204404276505e-04  -6.1635212667183429e-04   3.3766236528293548e-05
  -3.7288152945190906e-04   1.6289345336483645e-05   1.0500634974632570e-04   1.6541557548007175e-04  -6.2346889649032275e-05  -1.2610204667732624e-04  -6.1635212948650401e-04   3.3766241681304813e-05
  -3.7288153558248552e-04   1.6289343667132586e-05   1.0500635439093469e-04   1.6541558232498776e-04  -6.2346894957523782e-05  -1.2610204931196904e-04  -6.1635213230134655e-04   3.3766246834161903e-05
  -3.7288154171250925e-04   1.6289341997898459e-05   1.0500635903547770e-04   1.6541558916980488e-04  -6.2346900266207843e-05  -1.2610205194669050e-04  -6.1635213511636192e-04   3.3766251986864712e-05
  -3.7288154784197993e-04   1.6289340328780944e-05   1.0500636367995490e-04   1.6541559601452303e-04  -6.2346905575084188e-05  -1.2610205458148788e-04  -6.1635213793154934e-04   3.3766257139413456e-05
  -3.7288155397089800e-04   1.6289338659779696e-05   1.0500636832436664e-04   1.6541560285914233e-04  -6.2346910884152409e-05  -1.2610205721635801e-04  -6.1635214074690916e-04   3.3766262291808134e-05
  -3.7288156009926296e-04   1.6289336990894380e-05   1.0500637296871309e-04   1.6541560970366278e-04  -6.2346916193412196e-05  -1.2610205985129829e-04  -6.1635214356244104e-04   3.3766267444048639e-05
  -3.7288156622707481e-04   1.6289335322124664e-05   1.0500637761299453e-04   1.6541561654808421e-04  -6.2346921502863168e-05  -1.2610206248630569e-04  -6.1635214637814433e-04   3.3766272596135079e-05
  -3.7288157235433389e-04   1.6289333653470181e-05   1.0500638225721125e-04   1.6541562339240684e-04  -6.2346926812505108e-05  -1.2610206512137735e-04  -6.1635214919401882e-04   3.3766277748067345e-05
  -3.7288157848103980e-04   1.6289331984930624e-05   1.0500638690136344e-04   1.6541563023663063e-04  -6.2346932122337448e-05  -1.2610206775651032e-04  -6.1635215201006428e-04   3.3766282899845763e-05
  -3.7288158460719277e-04   1.6289330316505647e-05   1.0500639154545131e-04   1.6541563708075556e-04  -6.2346937432360052e-05  -1.2610207039170175e-04  -6.1635215482628062e-04   3.3766288051470007e-05
  -3.7288159073279236e-04   1.6289328648194880e-05   1.0500639618947515e-04   1.6541564392478172e-04  -6.2346942742572486e-05  -1.2610207302694881e-04  -6.1635215764266717e-04   3.3766293202940403e-05
  -3.7288159685783923e-04   1.6289326979997999e-05   1.0500640083343523e-04   1.6541565076870913e-04  -6.2346948052974371e-05  -1.2610207566224845e-04  -6.1635216045922373e-04   3.3766298354256626e-05
  -3.7288160298233283e-04   1.6289325311914653e-05   1.0500640547733175e-04   1.6541565761253764e-04  -6.2346953363565327e-05  -1.2610207829759788e-04  -6.1635216327595051e-04   3.3766303505419217e-05
  -3.7288160910627321e-04   1.6289323643944523e-05   1.0500641012116502e-04   1.6541566445626746e-04  -6.2346958674345057e-05  -1.2610208093299417e-04  -6.1635216609284686e-04   3.3766308656427851e-05
  -3.7288161522966039e-04   1.6289321976087237e-05   1.0500641476493522e-04   1.6541567129989859e-04  -6.2346963985313180e-05  -1.2610208356843435e-04  -6.1635216890991180e-04   3.3766313807282637e-05
  -3.7288162135249440e-04   1.6289320308342458e-05   1.0500641940864265e-04   1.6541567814343098e-04  -6.2346969296469277e-05  -1.2610208620391559e-04  -6.1635217172714577e-04   3.3766318957983467e-05
  -3.7288162747477503e-04   1.6289318640709849e-05   1.0500642405228755e-04   1.6541568498686457e-04  -6.2346974607813076e-05  -1.2610208883943489e-04  -6.1635217454454898e-04   3.3766324108530556e-05
  -3.7288163359650283e-04   1.6289316973189039e-05   1.0500642869587011e-04   1.6541569183019968e-04  -6.2346979919344089e-05  -1.2610209147498951e-04  -6.1635217736211991e-04   3.3766329258923906e-05
  -3.7288163971767725e-04   1.6289315305779701e-05   1.0500643333939070e-04   1.6541569867343597e-04  -6.2346985231061993e-05  -1.2610209411057638e-04  -6.1635218017985912e-04   3.3766334409163407e-05
  -3.7288164583829841e-04   1.6289313638481505e-05   1.0500643798284948e-04   1.6541570551657374e-04  -6.2346990542966433e-05  -1.2610209674619269e-04  -6.1635218299776594e-04   3.3766339559249386e-05
  -3.7288165195836645e-04   1.6289311971294050e-05   1.0500644262624673e-04   1.6541571235961284e-04  -6.2346995855057017e-05  -1.2610209938183548e-04  -6.1635218581584017e-04   3.3766344709181624e-05
  -3.7288165807788129e-04   1.6289310304217030e-05   1.0500644726958274e-04   1.6541571920255339e-04  -6.2347001167333392e-05  -1.2610210201750168e-04  -6.1635218863408147e-04   3.3766349858960448e-05
  -3.7288166419684280e-04   1.6289308637250091e-05   1.0500645191285766e-04   1.6541572604539536e-04  -6.2347006479795085e-05  -1.2610210465318868e-04  -6.1635219145248974e-04   3.3766355008585315e-05
  -3.7288167031525110e-04   1.6289306970392860e-05   1.0500645655607188e-04   1.6541573288813890e-04  -6.2347011792441811e-05  -1.2610210728889330e-04  -6.1635219427106399e-04   3.3766360158056985e-05
  -3.7288167643310634e-04   1.6289305303645002e-05   1.0500646119922556e-04   1.6541573973078384e-04  -6.2347017105273067e-05  -1.2610210992461271e-04  -6.1635219708980457e-04   3.3766365307374806e-05
  -3.7288168255040816e-04   1.6289303637006166e-05   1.0500646584231897e-04   1.6541574657333034e-04  -6.2347022418288557e-05  -1.2610211256034416e-04  -6.1635219990871092e-04   3.3766370456539429e-05
  -3.7288168866715676e-04   1.6289301970475998e-05   1.0500647048535238e-04   1.6541575341577839e-04  -6.2347027731487833e-05  -1.2610211519608439e-04  -6.1635220272778272e-04   3.3766375605550421e-05
  -3.7288169478335231e-04   1.6289300304054149e-05   1.0500647512832601e-04   1.6541576025812805e-04  -6.2347033044870528e-05  -1.2610211783183067e-04  -6.1635220554701964e-04   3.3766380754408107e-05
  -3.7288170089899480e-04   1.6289298637740245e-05   1.0500647977124026e-04   1.6541576710037920e-04  -6.2347038358436197e-05  -1.2610212046758009e-04  -6.1635220836642147e-04   3.3766385903112486e-05
  -3.7288170701408387e-04   1.6289296971533955e-05   1.0500648441409514e-04   1.6541577394253205e-04  -6.2347043672184485e-05  -1.2610212310332976e-04  -6.1635221118598799e-04   3.3766391051663559e-05
  -3.7288171312862005e-04   1.6289295305434924e-05   1.0500648905689110e-04   1.6541578078458654e-04  -6.2347048986114920e-05  -1.2610212573907652e-04  -6.1635221400571866e-04   3.3766396200061218e-05
  -3.7288171924260290e-04   1.6289293639442771e-05   1.0500649369962838e-04   1.6541578762654284e-04  -6.2347054300227202e-05  -1.2610212837481770e-04  -6.1635221682561283e-04   3.3766401348305788e-05
  -3.7288172535603282e-04   1.6289291973557164e-05   1.0500649834230714e-04   1.6541579446840076e-04  -6.2347059614520817e-05  -1.2610213101055032e-04  -6.1635221964567136e-04   3.3766406496397051e-05
  -3.7288173146890989e-04   1.6289290307777752e-05   1.0500650298492779e-04   1.6541580131016045e-04  -6.2347064928995399e-05  -1.2610213364627122e-04  -6.1635222246589230e-04   3.3766411644335441e-05
  -3.7288173758123370e-04   1.6289288642104158e-05   1.0500650762749045e-04   1.6541580815182191e-04  -6.2347070243650528e-05  -1.2610213628197779e-04  -6.1635222528627653e-04   3.3766416792120526e-05
  -3.7288174369300457e-04   1.6289286976536020e-05   1.0500651226999542e-04   1.6541581499338520e-04  -6.2347075558485742e-05  -1.2610213891766685e-04  -6.1635222810682317e-04   3.3766421939752738e-05
  -3.7288174980422255e-04   1.6289285311073008e-05   1.0500651691244307e-04   1.6541582183485036e-04  -6.2347080873500718e-05  -1.2610214155333552e-04  -6.1635223092753200e-04   3.3766427087231861e-05
  -3.7288175591488742e-04   1.6289283645714737e-05   1.0500652155483346e-04   1.6541582867621741e-04  -6.2347086188694885e-05  -1.2610214418898097e-04  -6.1635223374840260e-04   3.3766432234558002e-05
  -3.7288176202499956e-04   1.6289281980460838e-05   1.0500652619716695e-04   1.6541583551748633e-04  -6.2347091504067904e-05  -1.2610214682460025e-04  -6.1635223656943529e-04   3.3766437381731271e-05
  -3.7288176813455871e-04   1.6289280315310985e-05   1.0500653083944388e-04   1.6541584235865727e-04  -6.2347096819619357e-05  -1.2610214946019024e-04  -6.1635223939062855e-04   3.3766442528751668e-05
  -3.7288177424356529e-04   1.6289278650264815e-05   1.0500653548166445e-04   1.6541584919973018e-04  -6.2347102135348808e-05  -1.2610215209574811e-04  -6.1635224221198292e-04   3.3766447675619301e-05
  -3.7288178035201883e-04   1.6289276985321926e-05   1.0500654012382893e-04   1.6541585604070507e-04  -6.2347107451255783e-05  -1.2610215473127093e-04  -6.1635224503349775e-04   3.3766452822334169e-05
  -3.7288178645991969e-04   1.6289275320481988e-05   1.0500654476593748e-04   1.6541586288158202e-04  -6.2347112767339904e-05  -1.2610215736675592e-04  -6.1635224785517293e-04   3.3766457968896382e-05
  -3.7288179256726815e-04   1.6289273655744640e-05   1.0500654940799057e-04   1.6541586972236116e-04  -6.2347118083600655e-05  -1.2610216000219978e-04  -6.1635225067700793e-04   3.3766463115305939e-05
  -3.7288179867406382e-04   1.6289271991109498e-05   1.0500655404998831e-04   1.6541587656304231e-04  -6.2347123400037616e-05  -1.2610216263759982e-04  -6.1635225349900241e-04   3.3766468261562841e-05
  -3.7288180478030694e-04   1.6289270326576214e-05   1.0500655869193099e-04   1.6541588340362572e-04  -6.2347128716650407e-05  -1.2610216527295296e-04  -6.1635225632115616e-04   3.3766473407667304e-05
  -3.7288181088599755e-04   1.6289268662144421e-05   1.0500656333381891e-04   1.6541589024411123e-04  -6.2347134033438487e-05  -1.2610216790825634e-04  -6.1635225914346832e-04   3.3766478553619219e-05
  -3.7288181699113575e-04   1.6289266997813757e-05   1.0500656797565234e-04   1.6541589708449911e-04  -6.2347139350401489e-05  -1.2610217054350708e-04  -6.1635226196593909e-04   3.3766483699418804e-05
  -3.7288182309572183e-04   1.6289265333583842e-05   1.0500657261743153e-04   1.6541590392478924e-04  -6.2347144667538912e-05  -1.2610217317870204e-04  -6.1635226478856827e-04   3.3766488845065842e-05
  -3.7288182919975512e-04   1.6289263669454322e-05   1.0500657725915674e-04   1.6541591076498164e-04  -6.2347149984850255e-05  -1.2610217581383840e-04  -6.1635226761135508e-04   3.3766493990560658e-05
  -3.7288183530323628e-04   1.6289262005424832e-05   1.0500658190082821e-04   1.6541591760507648e-04  -6.2347155302335192e-05  -1.2610217844891318e-04  -6.1635227043429889e-04   3.3766499135903143e-05
  -3.7288184140616548e-04   1.6289260341494998e-05   1.0500658654244633e-04   1.6541592444507366e-04  -6.2347160619993154e-05  -1.2610218108392336e-04  -6.1635227325740002e-04   3.3766504281093515e-05
  -3.7288184750854239e-04   1.6289258677664442e-05   1.0500659118401124e-04   1.6541593128497332e-04  -6.2347165937823708e-05  -1.2610218371886608e-04  -6.1635227608065782e-04   3.3766509426131773e-05
  -3.7288185361036722e-04   1.6289257013932824e-05   1.0500659582552326e-04   1.6541593812477548e-04  -6.2347171255826392e-05  -1.2610218635373841e-04  -6.1635227890407185e-04   3.3766514571017918e-05
  -3.7288185971164019e-04   1.6289255350299749e-05   1.0500660046698263e-04   1.6541594496448017e-04  -6.2347176574000733e-05  -1.2610218898853723e-04  -6.1635228172764211e-04   3.3766519715752057e-05
  -3.7288186581236113e-04   1.6289253686764855e-05   1.0500660510838971e-04   1.6541595180408742e-04  -6.2347181892346255e-05  -1.2610219162325980e-04  -6.1635228455136795e-04   3.3766524860334084e-05
  -3.7288187191253044e-04   1.6289252023327767e-05   1.0500660974974462e-04   1.6541595864359731e-04  -6.2347187210862540e-05  -1.2610219425790301e-04  -6.1635228737524884e-04   3.3766530004764430e-05
  -3.7288187801214762e-04   1.6289250359988122e-05   1.0500661439104782e-04   1.6541596548300987e-04  -6.2347192529549071e-05  -1.2610219689246387e-04  -6.1635229019928455e-04   3.3766535149042771e-05
  -3.7288188411121348e-04   1.6289248696745556e-05   1.0500661903229944e-04   1.6541597232232511e-04  -6.2347197848405307e-05  -1.2610219952693957e-04  -6.1635229302347476e-04   3.3766540293169540e-05
  -3.7288189020972775e-04   1.6289247033599685e-05   1.0500662367349978e-04   1.6541597916154316e-04  -6.2347203167430882e-05  -1.2610220216132702e-04  -6.1635229584781968e-04   3.3766545437144413e-05
  -3.7288189630769043e-04   1.6289245370550121e-05   1.0500662831464915e-04   1.6541598600066398e-04  -6.2347208486625240e-05  -1.2610220479562336e-04  -6.1635229867231780e-04   3.3766550580967606e-05
  -3.7288190240510196e-04   1.6289243707596526e-05   1.0500663295574776e-04   1.6541599283968769e-04  -6.2347213805987906e-05  -1.2610220742982568e-04  -6.1635230149696934e-04   3.3766555724639336e-05
  -3.7288190850196190e-04   1.6289242044738510e-05   1.0500663759679598e-04   1.6541599967861417e-04  -6.2347219125518408e-05  -1.2610221006393077e-04  -6.1635230432177418e-04   3.3766560868159603e-05
  -3.7288191459827080e-04   1.6289240381975690e-05   1.0500664223779398e-04   1.6541600651744369e-04  -6.2347224445216269e-05  -1.2610221269793585e-04  -6.1635230714673158e-04   3.3766566011528406e-05
  -3.7288192069402859e-04   1.6289238719307694e-05   1.0500664687874215e-04   1.6541601335617618e-04  -6.2347229765080962e-05  -1.2610221533183798e-04  -6.1635230997184119e-04   3.3766571154745747e-05
  -3.7288192678923518e-04   1.6289237056734153e-05   1.0500665151964062e-04   1.6541602019481174e-04  -6.2347235085112040e-05  -1.2610221796563410e-04  -6.1635231279710270e-04   3.3766576297811842e-05
  -3.7288193288389121e-04   1.6289235394254696e-05   1.0500665616048982e-04   1.6541602703335032e-04  -6.2347240405308919e-05  -1.2610222059932129e-04  -6.1635231562251610e-04   3.3766581440726581e-05
  -3.7288193897799609e-04   1.6289233731868935e-05   1.0500666080128997e-04   1.6541603387179211e-04  -6.2347245725671220e-05  -1.2610222323289656e-04  -6.1635231844808032e-04   3.3766586583490292e-05
  -3.7288194507155057e-04   1.6289232069576490e-05   1.0500666544204128e-04   1.6541604071013710e-04  -6.2347251046198388e-05  -1.2610222586635701e-04  -6.1635232127379535e-04   3.3766591726102756e-05
  -3.7288195116455422e-04   1.6289230407377001e-05   1.0500667008274410e-04   1.6541604754838533e-04  -6.2347256366889839e-05  -1.2610222849969961e-04  -6.1635232409966098e-04   3.3766596868564300e-05
  -3.7288195725700748e-04   1.6289228745270077e-05   1.0500667472339870e-04   1.6541605438653674e-04  -6.2347261687745208e-05  -1.2610223113292129e-04  -6.1635232692567666e-04   3.3766602010874814e-05
  -3.7288196334891017e-04   1.6289227083255350e-05   1.0500667936400534e-04   1.6541606122459163e-04  -6.2347267008763872e-05  -1.2610223376601930e-04  -6.1635232975184174e-04   3.3766607153034515e-05
  -3.7288196944026302e-04   1.6289225421332424e-05   1.0500668400456424e-04   1.6541606806254989e-04  -6.2347272329945369e-05  -1.2610223639899056e-04  -6.1635233257815634e-04   3.3766612295043404e-05
  -3.7288197553106547e-04   1.6289223759500928e-05   1.0500668864507582e-04   1.6541607490041163e-04  -6.2347277651289199e-05  -1.2610223903183212e-04  -6.1635233540461936e-04   3.3766617436901481e-05
  -3.7288198162131774e-04   1.6289222097760487e-05   1.0500669328554034e-04   1.6541608173817674e-04  -6.2347282972794778e-05  -1.2610224166454101e-04  -6.1635233823123146e-04   3.3766622578608962e-05
  -3.7288198771102027e-04   1.6289220436110720e-05   1.0500669792595792e-04   1.6541608857584554e-04  -6.2347288294461672e-05  -1.2610224429711420e-04  -6.1635234105799112e-04   3.3766627720165847e-05
  -3.7288199380017305e-04   1.6289218774551229e-05   1.0500670256632898e-04   1.6541609541341788e-04  -6.2347293616289327e-05  -1.2610224692954886e-04  -6.1635234388489888e-04   3.3766632861572028e-05
  -3.7288199988877614e-04   1.6289217113081656e-05   1.0500670720665374e-04   1.6541610225089397e-04  -6.2347298938277213e-05  -1.2610224956184182e-04  -6.1635234671195388e-04   3.3766638002827938e-05
  -3.7288200597682987e-04   1.6289215451701604e-05   1.0500671184693252e-04   1.6541610908827364e-04  -6.2347304260424802e-05  -1.2610225219399039e-04  -6.1635234953915567e-04   3.3766643143933362e-05
  -3.7288201206433380e-04   1.6289213790410684e-05   1.0500671648716559e-04   1.6541611592555718e-04  -6.2347309582731566e-05  -1.2610225482599115e-04  -6.1635235236650395e-04   3.3766648284888623e-05
  -3.7288201815128890e-04   1.6289212129208533e-05   1.0500672112735326e-04   1.6541612276274459e-04  -6.2347314905196989e-05  -1.2610225745784157e-04  -6.1635235519399848e-04   3.3766653425693722e-05
  -3.7288202423769464e-04   1.6289210468094744e-05   1.0500672576749577e-04   1.6541612959983593e-04  -6.2347320227820543e-05  -1.2610226008953859e-04  -6.1635235802163873e-04   3.3766658566348551e-05
  -3.7288203032355156e-04   1.6289208807068966e-05   1.0500673040759345e-04   1.6541613643683117e-04  -6.2347325550601618e-05  -1.2610226272107898e-04  -6.1635236084942415e-04   3.3766663706853543e-05
  -3.7288203640885943e-04   1.6289207146130777e-05   1.0500673504764651e-04   1.6541614327373038e-04  -6.2347330873539834e-05  -1.2610226535245998e-04  -6.1635236367735507e-04   3.3766668847208373e-05
  -3.7288204249361865e-04   1.6289205485279816e-05   1.0500673968765538e-04   1.6541615011053367e-04  -6.2347336196634515e-05  -1.2610226798367849e-04  -6.1635236650542976e-04   3.3766673987413367e-05
  -3.7288204857782926e-04   1.6289203824515689e-05   1.0500674432762015e-04   1.6541615694724111e-04  -6.2347341519885144e-05  -1.2610227061473175e-04  -6.1635236933364930e-04   3.3766679127468632e-05
  -3.7288205466149153e-04   1.6289202163838004e-05   1.0500674896754118e-04   1.6541616378385279e-04  -6.2347346843291221e-05  -1.2610227324561662e-04  -6.1635237216201195e-04   3.3766684267374060e-05
  -3.7288206074460552e-04   1.6289200503246384e-05   1.0500675360741880e-04   1.6541617062036871e-04  -6.2347352166852149e-05  -1.2610227587633017e-04  -6.1635237499051826e-04   3.3766689407129760e-05
  -3.7288206682717135e-04   1.6289198842740439e-05   1.0500675824725328e-04   1.6541617745678886e-04  -6.2347357490567454e-05  -1.2610227850686929e-04  -6.1635237781916758e-04   3.3766694546736274e-05
  -3.7288207290918932e-04   1.6289197182319778e-05   1.0500676288704485e-04   1.6541618429311345e-04  -6.2347362814436512e-05  -1.2610228113723129e-04  -6.1635238064795947e-04   3.3766699686193060e-05
  -3.7288207899065934e-04   1.6289195521984016e-05   1.0500676752679397e-04   1.6541619112934268e-04  -6.2347368138458768e-05  -1.2610228376741284e-04  -6.1635238347689328e-04   3.3766704825500551e-05
  -3.7288208507158167e-04   1.6289193861732758e-05   1.0500677216650063e-04   1.6541619796547609e-04  -6.2347373462633680e-05  -1.2610228639741127e-04  -6.1635238630596879e-04   3.3766709964658747e-05
  -3.7288209115195637e-04   1.6289192201565626e-05   1.0500677680616542e-04   1.6541620480151422e-04  -6.2347378786960773e-05  -1.2610228902722355e-04  -6.1635238913518547e-04   3.3766715103667540e-05
  -3.7288209723178404e-04   1.6289190541482226e-05   1.0500678144578845e-04   1.6541621163745701e-04  -6.2347384111439370e-05  -1.2610229165684652e-04  -6.1635239196454320e-04   3.3766720242527364e-05
  -3.7288210331106445e-04   1.6289188881482157e-05   1.0500678608537002e-04   1.6541621847330432e-04  -6.2347389436068942e-05  -1.2610229428627732e-04  -6.1635239479404134e-04   3.3766725381238110e-05
  -3.7288210938979784e-04   1.6289187221565040e-05   1.0500679072491045e-04   1.6541622530905667e-04  -6.2347394760848960e-05  -1.2610229691551296e-04  -6.1635239762367956e-04   3.3766730519799995e-05
  -3.7288211546798429e-04   1.6289185561730484e-05   1.0500679536441015e-04   1.6541623214471363e-04  -6.2347400085778829e-05  -1.2610229954455052e-04  -6.1635240045345731e-04   3.3766735658213019e-05
  -3.7288212154562426e-04   1.6289183901978084e-05   1.0500680000386924e-04   1.6541623898027547e-04  -6.2347405410858006e-05  -1.2610230217338688e-04  -6.1635240328337449e-04   3.3766740796477182e-05
  -3.7288212762271751e-04   1.6289182242307470e-05   1.0500680464328802e-04   1.6541624581574243e-04  -6.2347410736085908e-05  -1.2610230480201924e-04  -6.1635240611343045e-04   3.3766745934592701e-05
  -3.7288213369926439e-04   1.6289180582718236e-05   1.0500680928266686e-04   1.6541625265111429e-04  -6.2347416061461926e-05  -1.2610230743044450e-04  -6.1635240894362476e-04   3.3766751072559684e-05
  -3.7288213977526520e-04   1.6289178923209981e-05   1.0500681392200601e-04   1.6541625948639124e-04  -6.2347421386985504e-05  -1.2610231005865969e-04  -6.1635241177395708e-04   3.3766756210378132e-05
  -3.7288214585072006e-04   1.6289177263782326e-05   1.0500681856130572e-04   1.6541626632157340e-04  -6.2347426712656073e-05  -1.2610231268666194e-04  -6.1635241460442699e-04   3.3766761348048044e-05
  -3.7288215192562919e-04   1.6289175604434886e-05   1.0500682320056639e-04   1.6541627315666077e-04  -6.2347432038473063e-05  -1.2610231531444806e-04  -6.1635241743503361e-04   3.3766766485569962e-05
  -3.7288215799999265e-04   1.6289173945167233e-05   1.0500682783978819e-04   1.6541627999165341e-04  -6.2347437364435919e-05  -1.2610231794201533e-04  -6.1635242026577750e-04   3.3766771622943453e-05
  -3.7288216407381069e-04   1.6289172285978997e-05   1.0500683247897154e-04   1.6541628682655159e-04  -6.2347442690544017e-05  -1.2610232056936056e-04  -6.1635242309665691e-04   3.3766776760169059e-05
  -3.7288217014708349e-04   1.6289170626869783e-05   1.0500683711811668e-04   1.6541629366135499e-04  -6.2347448016796748e-05  -1.2610232319648084e-04  -6.1635242592767282e-04   3.3766781897246346e-05
  -3.7288217621981126e-04   1.6289168967839177e-05   1.0500684175722382e-04   1.6541630049606403e-04  -6.2347453343193529e-05  -1.2610232582337331e-04  -6.1635242875882361e-04   3.3766787034175748e-05
  -3.7288218229199411e-04   1.6289167308886810e-05   1.0500684639629335e-04   1.6541630733067853e-04  -6.2347458669733831e-05  -1.2610232845003473e-04  -6.1635243159010992e-04   3.3766792170957481e-05
  -3.7288218836363220e-04   1.6289165650012265e-05   1.0500685103532558e-04   1.6541631416519881e-04  -6.2347463996416990e-05  -1.2610233107646229e-04  -6.1635243442153046e-04   3.3766797307591329e-05
  -3.7288219443472608e-04   1.6289163991215152e-05   1.0500685567432072e-04   1.6541632099962482e-04  -6.2347469323242478e-05  -1.2610233370265311e-04  -6.1635243725308489e-04   3.3766802444077726e-05
  -3.7288220050527558e-04   1.6289162332495064e-05   1.0500686031327906e-04   1.6541632783395653e-04  -6.2347474650209658e-05  -1.2610233632860405e-04  -6.1635244008477355e-04   3.3766807580416563e-05
  -3.7288220657528086e-04   1.6289160673851617e-05   1.0500686495220107e-04   1.6541633466819424e-04  -6.2347479977317905e-05  -1.2610233895431211e-04  -6.1635244291659535e-04   3.3766812716607840e-05
  -3.7288221264474258e-04   1.6289159015284412e-05   1.0500686959108683e-04   1.6541634150233774e-04  -6.2347485304566639e-05  -1.2610234157977437e-04  -6.1635244574854964e-04   3.3766817852651882e-05
  -3.7288221871366041e-04   1.6289157356793031e-05   1.0500687422993678e-04   1.6541634833638747e-04  -6.2347490631955302e-05  -1.2610234420498795e-04  -6.1635244858063631e-04   3.3766822988548799e-05
  -3.7288222478203484e-04   1.6289155698377093e-05   1.0500687886875112e-04   1.6541635517034319e-04  -6.2347495959483231e-05  -1.2610234682994975e-04  -6.1635245141285525e-04   3.3766828124298372e-05
  -3.7288223084986597e-04   1.6289154040036202e-05   1.0500688350753022e-04   1.6541636200420509e-04  -6.2347501287149829e-05  -1.2610234945465676e-04  -6.1635245424520517e-04   3.3766833259901144e-05
  -3.7288223691715419e-04   1.6289152381769942e-05   1.0500688814627430e-04   1.6541636883797320e-04  -6.2347506614954487e-05  -1.2610235207910616e-04  -6.1635245707768681e-04   3.3766838395356681e-05
  -3.7288224298389949e-04   1.6289150723577929e-05   1.0500689278498374e-04   1.6541637567164767e-04  -6.2347511942896635e-05  -1.2610235470329482e-04  -6.1635245991029867e-04   3.3766843530665634e-05
  -3.7288224905010221e-04   1.6289149065459736e-05   1.0500689742365884e-04   1.6541638250522860e-04  -6.2347517270975624e-05  -1.2610235732721977e-04  -6.1635246274304074e-04   3.3766848665827786e-05
  -3.7288225511576266e-04   1.6289147407414979e-05   1.0500690206229977e-04   1.6541638933871596e-04  -6.2347522599190828e-05  -1.2610235995087819e-04  -6.1635246557591227e-04   3.3766853800843355e-05
  -3.7288226118088074e-04   1.6289145749443265e-05   1.0500690670090701e-04   1.6541639617210984e-04  -6.2347527927541612e-05  -1.2610236257426692e-04  -6.1635246840891335e-04   3.3766858935712230e-05
  -3.7288226724545694e-04   1.6289144091544184e-05   1.0500691133948073e-04   1.6541640300541047e-04  -6.2347533256027420e-05  -1.2610236519738303e-04  -6.1635247124204357e-04   3.3766864070435064e-05
  -3.7288227330949168e-04   1.6289142433717323e-05   1.0500691597802123e-04   1.6541640983861762e-04  -6.2347538584647588e-05  -1.2610236782022361e-04  -6.1635247407530193e-04   3.3766869205011422e-05
  -3.7288227937298465e-04   1.6289140775962298e-05   1.0500692061652892e-04   1.6541641667173186e-04  -6.2347543913401438e-05  -1.2610237044278564e-04  -6.1635247690868813e-04   3.3766874339441629e-05
  -3.7288228543593628e-04   1.6289139118278684e-05   1.0500692525500395e-04   1.6541642350475282e-04  -6.2347549242288496e-05  -1.2610237306506618e-04  -6.1635247974220161e-04   3.3766879473725794e-05
  -3.7288229149834711e-04   1.6289137460666089e-05   1.0500692989344678e-04   1.6541643033768079e-04  -6.2347554571308002e-05  -1.2610237568706220e-04  -6.1635248257584259e-04   3.3766884607863809e-05
  -3.7288229756021719e-04   1.6289135803124110e-05   1.0500693453185760e-04   1.6541643717051573e-04  -6.2347559900459375e-05  -1.2610237830877068e-04  -6.1635248540960978e-04   3.3766889741856107e-05
  -3.7288230362154641e-04   1.6289134145652336e-05   1.0500693917023674e-04   1.6541644400325779e-04  -6.2347565229741949e-05  -1.2610238093018877e-04  -6.1635248824350327e-04   3.3766894875702580e-05
  -3.7288230968233560e-04   1.6289132488250371e-05   1.0500694380858447e-04   1.6541645083590717e-04  -6.2347570559155102e-05  -1.2610238355131346e-04  -6.1635249107752231e-04   3.3766900009403553e-05
  -3.7288231574258442e-04   1.6289130830917805e-05   1.0500694844690118e-04   1.6541645766846372e-04  -6.2347575888698211e-05  -1.2610238617214169e-04  -6.1635249391166658e-04   3.3766905142958918e-05
  -3.7288232180229358e-04   1.6289129173654228e-05   1.0500695308518710e-04   1.6541646450092773e-04  -6.2347581218370664e-05  -1.2610238879267059e-04  -6.1635249674593586e-04   3.3766910276368783e-05
  -3.7288232786146335e-04   1.6289127516459234e-05   1.0500695772344255e-04   1.6541647133329920e-04  -6.2347586548171732e-05  -1.2610239141289714e-04  -6.1635249958032949e-04   3.3766915409633473e-05
  -3.7288233392009334e-04   1.6289125859332426e-05   1.0500696236166783e-04   1.6541647816557817e-04  -6.2347591878100870e-05  -1.2610239403281837e-04  -6.1635250241484640e-04   3.3766920542752880e-05
  -3.7288233997818460e-04   1.6289124202273391e-05   1.0500696699986324e-04   1.6541648499776476e-04  -6.2347597208157389e-05  -1.2610239665243128e-04  -6.1635250524948691e-04   3.3766925675727220e-05
  -3.7288234603573674e-04   1.6289122545281705e-05   1.0500697163802909e-04   1.6541649182985919e-04  -6.2347602538340651e-05  -1.2610239927173295e-04  -6.1635250808425037e-04   3.3766930808556712e-05
  -3.7288235209275041e-04   1.6289120888356989e-05   1.0500697627616573e-04   1.6541649866186122e-04  -6.2347607868650006e-05  -1.2610240189072034e-04  -6.1635251091913667e-04   3.3766935941241245e-05
  -3.7288235814922561e-04   1.6289119231498822e-05   1.0500698091427345e-04   1.6541650549377129e-04  -6.2347613199084775e-05  -1.2610240450939062e-04  -6.1635251375414483e-04   3.3766941073781146e-05
  -3.7288236420516293e-04   1.6289117574706789e-05   1.0500698555235243e-04   1.6541651232558922e-04  -6.2347618529644350e-05  -1.2610240712774065e-04  -6.1635251658927420e-04   3.3766946206176306e-05
  -3.7288237026056223e-04   1.6289115917980495e-05   1.0500699019040312e-04   1.6541651915731527e-04  -6.2347623860328026e-05  -1.2610240974576751e-04  -6.1635251942452479e-04   3.3766951338427050e-05
  -3.7288237631542413e-04   1.6289114261319515e-05   1.0500699482842575e-04   1.6541652598894952e-04  -6.2347629191135179e-05  -1.2610241236346833e-04  -6.1635252225989573e-04   3.3766956470533487e-05
  -3.7288238236974866e-04   1.6289112604723454e-05   1.0500699946642068e-04   1.6541653282049190e-04  -6.2347634522065225e-05  -1.2610241498084001e-04  -6.1635252509538712e-04   3.3766961602495400e-05
  -3.7288238842353601e-04   1.6289110948191894e-05   1.0500700410438817e-04   1.6541653965194270e-04  -6.2347639853117367e-05  -1.2610241759787965e-04  -6.1635252793099788e-04   3.3766966734313439e-05
  -3.7288239447678701e-04   1.6289109291724423e-05   1.0500700874232851e-04   1.6541654648330188e-04  -6.2347645184290994e-05  -1.2610242021458433e-04  -6.1635253076672812e-04   3.3766971865987387e-05
  -3.7288240052950106e-04   1.6289107635320639e-05   1.0500701338024214e-04   1.6541655331456953e-04  -6.2347650515585454e-05  -1.2610242283095090e-04  -6.1635253360257708e-04   3.3766976997517462e-05
  -3.7288240658167908e-04   1.6289105978980121e-05   1.0500701801812918e-04   1.6541656014574586e-04  -6.2347655847000099e-05  -1.2610242544697659e-04  -6.1635253643854422e-04   3.3766982128903664e-05
  -3.7288241263332112e-04   1.6289104322702447e-05   1.0500702265599003e-04   1.6541656697683087e-04  -6.2347661178534250e-05  -1.2610242806265835e-04  -6.1635253927462910e-04   3.3766987260146317e-05
  -3.7288241868442757e-04   1.6289102666487236e-05   1.0500702729382499e-04   1.6541657380782465e-04  -6.2347666510187188e-05  -1.2610243067799314e-04  -6.1635254211083097e-04   3.3766992391245313e-05
  -3.7288242473499847e-04   1.6289101010334052e-05   1.0500703193163447e-04   1.6541658063872733e-04  -6.2347671841958305e-05  -1.2610243329297827e-04  -6.1635254494714960e-04   3.3766997522200978e-05
  -3.7288243078503438e-04   1.6289099354242494e-05   1.0500703656941855e-04   1.6541658746953891e-04  -6.2347677173846909e-05  -1.2610243590761044e-04  -6.1635254778358512e-04   3.3767002653013311e-05
  -3.7288243683453529e-04   1.6289097698212143e-05   1.0500704120717775e-04   1.6541659430025968e-04  -6.2347682505852308e-05  -1.2610243852188697e-04  -6.1635255062013621e-04   3.3767007783682421e-05
  -3.7288244288350163e-04   1.6289096042242582e-05   1.0500704584491229e-04   1.6541660113088949e-04  -6.2347687837973839e-05  -1.2610244113580460e-04  -6.1635255345680255e-04   3.3767012914208633e-05
  -3.7288244893193389e-04   1.6289094386333414e-05   1.0500705048262250e-04   1.6541660796142845e-04  -6.2347693170210810e-05  -1.2610244374936053e-04  -6.1635255629358381e-04   3.3767018044591731e-05
  -3.7288245497983229e-04   1.6289092730484196e-05   1.0500705512030859e-04   1.6541661479187698e-04  -6.2347698502562544e-05  -1.2610244636255196e-04  -6.1635255913047979e-04   3.3767023174832256e-05
  -3.7288246102719699e-04   1.6289091074694548e-05   1.0500705975797105e-04   1.6541662162223482e-04  -6.2347703835028364e-05  -1.2610244897537560e-04  -6.1635256196748939e-04   3.3767028304930100e-05
  -3.7288246707402811e-04   1.6289089418964027e-05   1.0500706439561004e-04   1.6541662845250221e-04  -6.2347709167607604e-05  -1.2610245158782877e-04  -6.1635256480461261e-04   3.3767033434885262e-05
  -3.7288247312032628e-04   1.6289087763292228e-05   1.0500706903322593e-04   1.6541663528267924e-04  -6.2347714500299507e-05  -1.2610245419990840e-04  -6.1635256764184859e-04   3.3767038564697961e-05
  -3.7288247916609146e-04   1.6289086107678743e-05   1.0500707367081907e-04   1.6541664211276597e-04  -6.2347719833103461e-05  -1.2610245681161155e-04  -6.1635257047919711e-04   3.3767043694368629e-05
  -3.7288248521132419e-04   1.6289084452123154e-05   1.0500707830838974e-04   1.6541664894276261e-04  -6.2347725166018750e-05  -1.2610245942293519e-04  -6.1635257331665784e-04   3.3767048823896942e-05
  -3.7288249125602490e-04   1.6289082796625045e-05   1.0500708294593813e-04   1.6541665577266904e-04  -6.2347730499044695e-05  -1.2610246203387647e-04  -6.1635257615423004e-04   3.3767053953283332e-05
  -3.7288249730019348e-04   1.6289081141183998e-05   1.0500708758346479e-04   1.6541666260248559e-04  -6.2347735832180538e-05  -1.2610246464443239e-04  -6.1635257899191303e-04   3.3767059082527801e-05
  -3.7288250334383064e-04   1.6289079485799581e-05   1.0500709222096985e-04   1.6541666943221229e-04  -6.2347741165425695e-05  -1.2610246725459995e-04  -6.1635258182970662e-04   3.3767064211630564e-05
  -3.7288250938693644e-04   1.6289077830471403e-05   1.0500709685845372e-04   1.6541667626184911e-04  -6.2347746498779368e-05  -1.2610246986437631e-04  -6.1635258466761003e-04   3.3767069340591514e-05
  -3.7288251542951135e-04   1.6289076175199032e-05   1.0500710149591658e-04   1.6541668309139629e-04  -6.2347751832240891e-05  -1.2610247247375839e-04  -6.1635258750562338e-04   3.3767074469411083e-05
  -3.7288252147155566e-04   1.6289074519982046e-05   1.0500710613335888e-04   1.6541668992085389e-04  -6.2347757165809561e-05  -1.2610247508274339e-04  -6.1635259034374548e-04   3.3767079598089273e-05
  -3.7288252751306974e-04   1.6289072864820046e-05   1.0500711077078089e-04   1.6541669675022207e-04  -6.2347762499484713e-05  -1.2610247769132823e-04  -6.1635259318197633e-04   3.3767084726626408e-05
  -3.7288253355405359e-04   1.6289071209712598e-05   1.0500711540818288e-04   1.6541670357950078e-04  -6.2347767833265588e-05  -1.2610248029950994e-04  -6.1635259602031483e-04   3.3767089855022163e-05
  -3.7288253959450769e-04   1.6289069554659286e-05   1.0500712004556521e-04   1.6541671040869031e-04  -6.2347773167151495e-05  -1.2610248290728581e-04  -6.1635259885876111e-04   3.3767094983276971e-05
  -3.7288254563443265e-04   1.6289067899659700e-05   1.0500712468292824e-04   1.6541671723779058e-04  -6.2347778501141757e-05  -1.2610248551465260e-04  -6.1635260169731515e-04   3.3767100111391050e-05
  -3.7288255167382842e-04   1.6289066244713399e-05   1.0500712932027220e-04   1.6541672406680173e-04  -6.2347783835235628e-05  -1.2610248812160748e-04  -6.1635260453597458e-04   3.3767105239364400e-05
  -3.7288255771269547e-04   1.6289064589819993e-05   1.0500713395759746e-04   1.6541673089572414e-04  -6.2347789169432362e-05  -1.2610249072814755e-04  -6.1635260737474070e-04   3.3767110367197237e-05
  -3.7288256375103419e-04   1.6289062934979042e-05   1.0500713859490424e-04   1.6541673772455748e-04  -6.2347794503731337e-05  -1.2610249333426985e-04  -6.1635261021361209e-04   3.3767115494889562e-05
  -3.7288256978884469e-04   1.6289061280190133e-05   1.0500714323219303e-04   1.6541674455330203e-04  -6.2347799838131766e-05  -1.2610249593997142e-04  -6.1635261305258875e-04   3.3767120622441699e-05
  -3.7288257582612761e-04   1.6289059625452842e-05   1.0500714786946395e-04   1.6541675138195811e-04  -6.2347805172632999e-05  -1.2610249854524936e-04  -6.1635261589167004e-04   3.3767125749853541e-05
  -3.7288258186288307e-04   1.6289057970766760e-05   1.0500715250671751e-04   1.6541675821052550e-04  -6.2347810507234209e-05  -1.2610250115010059e-04  -6.1635261873085531e-04   3.3767130877125412e-05
  -3.7288258789911144e-04   1.6289056316131448e-05   1.0500715714395381e-04   1.6541676503900455e-04  -6.2347815841934799e-05  -1.2610250375452229e-04  -6.1635262157014390e-04   3.3767136004257637e-05
  -3.7288259393481306e-04   1.6289054661546502e-05   1.0500716178117333e-04   1.6541677186739516e-04  -6.2347821176733930e-05  -1.2610250635851152e-04  -6.1635262440953539e-04   3.3767141131249893e-05
  -3.7288259996998846e-04   1.6289053007011492e-05   1.0500716641837629e-04   1.6541677869569754e-04  -6.2347826511630977e-05  -1.2610250896206534e-04  -6.1635262724903008e-04   3.3767146258102611e-05
  -3.7288260600463769e-04   1.6289051352525997e-05   1.0500717105556311e-04   1.6541678552391180e-04  -6.2347831846625183e-05  -1.2610251156518077e-04  -6.1635263008862648e-04   3.3767151384815901e-05
  -3.7288261203876093e-04   1.6289049698089590e-05   1.0500717569273401e-04   1.6541679235203816e-04  -6.2347837181715788e-05  -1.2610251416785500e-04  -6.1635263292832414e-04   3.3767156511389979e-05
  -3.7288261807235919e-04   1.6289048043701866e-05   1.0500718032988939e-04   1.6541679918007652e-04  -6.2347842516902115e-05  -1.2610251677008490e-04  -6.1635263576812318e-04   3.3767161637824738e-05
  -3.7288262410543243e-04   1.6289046389362386e-05   1.0500718496702944e-04   1.6541680600802705e-04  -6.2347847852183377e-05  -1.2610251937186770e-04  -6.1635263860802261e-04   3.3767166764120502e-05
  -3.7288263013798086e-04   1.6289044735070729e-05   1.0500718960415458e-04   1.6541681283588989e-04  -6.2347853187558869e-05  -1.2610252197320045e-04  -6.1635264144802178e-04   3.3767171890277271e-05
  -3.7288263617000491e-04   1.6289043080826480e-05   1.0500719424126513e-04   1.6541681966366522e-04  -6.2347858523027861e-05  -1.2610252457408012e-04  -6.1635264428812049e-04   3.3767177016295479e-05
  -3.7288264220150541e-04   1.6289041426629209e-05   1.0500719887836146e-04   1.6541682649135302e-04  -6.2347863858589647e-05  -1.2610252717450401e-04  -6.1635264712831840e-04   3.3767182142175017e-05
  -3.7288264823248185e-04   1.6289039772478496e-05   1.0500720351544369e-04   1.6541683331895349e-04  -6.2347869194243454e-05  -1.2610252977446885e-04  -6.1635264996861476e-04   3.3767187267916212e-05
  -3.7288265426293533e-04   1.6289038118373915e-05   1.0500720815251225e-04   1.6541684014646668e-04  -6.2347874529988524e-05  -1.2610253237397201e-04  -6.1635265280900891e-04   3.3767192393518953e-05
  -3.7288266029286568e-04   1.6289036464315036e-05   1.0500721278956760e-04   1.6541684697389278e-04  -6.2347879865824152e-05  -1.2610253497301042e-04  -6.1635265564950021e-04   3.3767197518983568e-05
  -3.7288266632227394e-04   1.6289034810301444e-05   1.0500721742660987e-04   1.6541685380123180e-04  -6.2347885201749566e-05  -1.2610253757158117e-04  -6.1635265849008865e-04   3.3767202644310163e-05
  -3.7288267235115961e-04   1.6289033156332714e-05   1.0500722206363940e-04   1.6541686062848391e-04  -6.2347890537764033e-05  -1.2610254016968140e-04  -6.1635266133077326e-04   3.3767207769498956e-05
  -3.7288267837952367e-04   1.6289031502408429e-05   1.0500722670065654e-04   1.6541686745564924e-04  -6.2347895873866835e-05  -1.2610254276730824e-04  -6.1635266417155415e-04   3.3767212894550056e-05
  -3.7288268440736645e-04   1.6289029848528145e-05   1.0500723133766168e-04   1.6541687428272794e-04  -6.2347901210057187e-05  -1.2610254536445860e-04  -6.1635266701243012e-04   3.3767218019463462e-05
