  -9.2872548892797435e-09
  -1.1457024901646699e-08
  -9.6143255822158936e-09
  -1.3261978899136819e-08
  -1.0798159030088056e-08
  -1.2468177851966082e-08
  -1.1230339096698946e-08
  -1.0908961271665685e-08
  -1.1013546138872527e-08
  -9.2713366750959432e-09
  -1.1165058508880024e-08
  -1.0993549083110068e-08
  -9.3015589408427752e-09
  -8.2437377360767214e-09
  -9.6727570582330588e-09
  -1.1527884995014355e-08
  -8.7991989278835508e-09
  -9.1820204954308833e-09
  -7.9550100514846765e-09
  -1.2025421898718041e-08
  -1.0276189440917956e-08
  -1.0272568273584811e-08
  -9.1416804432757545e-09
  -1.2455337341849500e-08
  -1.0135152256296515e-08
  -1.2106641566648247e-08
  -1.0737485553572886e-08
  -1.0376364828345940e-08
  -1.0204893054814096e-08
  -8.3248840183041499e-09
  -1.1272605926738540e-08
  -9.9308173096985696e-09
  -1.1379571817490927e-08
  -1.3909453031923813e-08
  -1.3277777384323123e-08
  -1.2292288051091005e-08
  -1.0055816751718388e-08
  -8.6413479111609490e-09
  -1.0650880410359715e-08
  -9.5748281669059855e-09
  -9.9360252669873791e-09
  -8.0891440515623863e-09
  -1.1963415303732298e-08
  -1.4237385978389231e-08
  -9.9195650858545407e-09
  -1.1451340210371317e-08
  -1.1232310211530127e-08
  -9.7736198976839803e-09
  -9.5453784680006110e-09
  -1.0701034853684361e-08
  -1.1069573986537881e-08
  -1.0306393277989301e-08
  -1.1394915346880526e-08
  -7.0704850232674894e-09
  -1.1327681495622443e-08
  -1.0814758032776617e-08
  -1.0755635291855093e-08
  -6.9130645939261339e-09
  -9.8887368513372480e-09
  -8.6068805636637810e-09
  -8.6080992774042466e-09
  -1.3245229411205734e-08
  -1.0958429661984639e-08
  -1.1979519756686025e-08
  -9.6480888221944502e-09
  -1.1653890392982408e-08
  -7.5624377126880083e-09
  -1.3228960825071943e-08
  -1.3649758193671354e-08
  -1.0610641524287285e-08
  -7.0481665349943074e-09
  -1.0718731309239088e-08
  -1.0100900847300218e-08
  -1.1619981813638733e-08
  -1.1040667748469112e-08
  -1.2923091239681083e-08
  -1.2887141562136279e-08
  -1.2251254630893643e-08
  -6.6301794990193689e-09
  -1.1427416950217279e-08
  -7.9634344432521288e-09
  -9.5099171864420984e-09
  -1.0653139415803685e-08
  -1.2405560260272164e-08
  -1.0090467333196113e-08
  -1.1544520929696344e-08
  -1.4288893909569698e-08
  -1.3822608834773988e-08
  -9.1147845201094225e-09
  -9.1845667325065868e-09
  -1.0191536981063539e-08
  -8.9832684531871356e-09
  -9.8933346487449334e-09
  -1.3270086125262306e-08
  -9.7739029229413588e-09
  -9.2998143347829788e-09
  -8.1664253788556523e-09
  -1.0996303374715347e-08
  -9.7178385746089363e-09
  -8.4186186068124114e-09
  -1.0208656398561783e-08
  -9.4111350818053476e-09
  -1.0290268947052116e-08
  -9.5767871557981104e-09
  -9.6770013350656767e-09
  -1.1406867220655858e-08
  -1.2371504771962494e-08
  -1.0980012980700881e-08
  -1.2462386274632584e-08
  -8.2794857064346746e-09
  -1.0222841318233220e-08
  -1.2117233272339707e-08
  -1.2349183268393635e-08
  -8.6187383271211746e-09
  -8.6932024716388360e-09
  -1.2145933414171968e-08
  -1.0639209618736522e-08
  -1.2626338532319522e-08
  -1.1749552171232778e-08
  -1.1920013422417883e-08
  -1.1591013652559348e-08
  -1.2255329884486723e-08
  -1.0410114742160682e-08
  -1.0203708224631403e-08
  -8.9234206968338967e-09
  -9.6540557545227394e-09
  -1.2515233750332881e-08
  -1.0963748189169865e-08
  -1.1439979061229861e-08
  -1.4463360531169250e-08
  -1.3638459869420837e-08
  -9.6368933644102759e-09
  -1.0262187922546199e-08
  -1.3598229353495068e-08
  -1.3841130077285172e-08
  -1.1666015554605516e-08
  -1.2087299652131773e-08
  -1.4865160884473259e-08
  -1.3290008085889433e-08
  -1.5248095325512326e-08
  -1.4580808901524709e-08
  -1.3869185733836754e-08
  -9.8047129064434262e-09
  -1.0597128374800920e-08
  -9.8646965060690839e-09
  -1.3304569308758462e-08
  -1.1789235918054552e-08
  -1.3832336594966029e-08
  -8.6944021441926163e-09
  -1.3579323899202710e-08
  -1.1861313069545865e-08
  -1.4046367988633520e-08
  -1.1501104805324471e-08
  -9.6607839888336377e-09
  -9.9178442531934423e-09
  -1.0043248149881860e-08
  -1.1557536938815050e-08
  -1.0708567517502405e-08
  -1.1140588620110716e-08
  -1.0812609973637160e-08
  -9.5641995552490057e-09
  -1.0754632911919370e-08
  -7.3019238741639213e-09
  -9.4399499252171976e-09
  -1.0753834881016114e-08
  -1.3366324219746725e-08
  -1.0761962610757777e-08
  -1.2450949282389446e-08
  -1.0006171831002720e-08
  -1.0104129378464587e-08
  -1.0208553095196066e-08
  -1.0904607836873455e-08
  -1.2254346122377371e-08
  -1.2171653876849362e-08
  -1.1671593987657689e-08
  -1.2193161231265565e-08
  -1.1814232468508202e-08
  -1.3289429568548499e-08
  -9.8012822592783271e-09
  -1.2842874736283150e-08
  -1.2634975175666791e-08
  -1.2018995869635798e-08
  -9.8056430094937097e-09
  -9.2621375124135156e-09
  -1.3092072944721350e-08
  -1.1302504196411582e-08
  -9.5539078448471481e-09
  -1.3197146491417754e-08
  -1.4745523303373038e-08
  -1.5175464058853471e-08
  -1.3336976791167071e-08
  -1.2893374594521701e-08
  -8.1694923570482447e-09
  -1.2175228128012435e-08
  -1.3767092168941040e-08
  -1.2150085450520258e-08
  -1.0944058202606973e-08
  -1.3647244842498991e-08
  -1.1466483380819209e-08
  -8.4876216939558126e-09
  -1.2295238005084944e-08
  -9.8307185001556457e-09
  -8.4292879226092116e-09
  -1.1416453824048376e-08
  -1.0110391687338477e-08
  -7.3195643453021795e-09
  -1.3662901840750851e-08
  -9.3723037527186130e-09
  -1.2962166706917136e-08
  -7.0672400070082266e-09
  -1.0608803131727149e-08
  -1.2668965050044397e-08
  -9.9199251343249661e-09
  -1.2063312847270524e-08
  -1.2206054097786997e-08
  -8.0582028553638504e-09
  -1.2396217467144435e-08
  -1.3630572130077967e-08
  -1.3848783470427922e-08
  -1.4541604410132973e-08
  -8.6093716736484118e-09
  -8.9998996390362684e-09
  -1.0180979392196072e-08
  -1.3685140953922907e-08
  -1.5868043193033949e-08
  -1.3984841211460706e-08
  -1.2746300317002112e-08
  -1.0120350110296006e-08
  -1.0796382560735185e-08
  -1.2950913119639387e-08
  -1.2182761563428918e-08
  -1.1817841845306806e-08
  -1.1126305862316520e-08
  -8.6758509162815117e-09
  -8.9526533251736615e-09
  -9.7298593974398495e-09
  -8.6592410025561989e-09
  -9.0905305426042214e-09
  -9.4168107889387292e-09
  -8.1865730313558779e-09
  -7.5859671883319230e-09
  -1.0590198908690331e-08
  -9.7426920617652796e-09
  -1.2297989857801094e-08
  -8.3129575807629085e-09
  -1.1200249219367853e-08
  -1.0275970466799583e-08
  -1.4010716801921338e-08
  -1.0979487819807341e-08
  -1.2041997426450181e-08
  -1.3371787535085014e-08
  -1.1172512290220102e-08
  -7.4779423716794458e-09
  -1.0179911598691097e-08
  -7.2134246658991793e-09
  -1.2698921460616053e-08
  -1.1253970245049945e-08
  -9.3554079685714193e-09
  -1.3173233631346979e-08
  -1.3706849550584227e-08
  -8.8812315559533335e-09
  -1.0526449248942704e-08
  -1.2871324164325767e-08
  -1.2068491633585646e-08
  -1.1008802427510749e-08
  -1.5043300368028474e-08
  -1.5092352390792335e-08
  -1.4128015482075816e-08
  -1.2198871806108894e-08
  -1.4297036287801159e-08
  -1.1509855214546658e-08
  -1.4865926059116258e-08
  -1.1597207485122306e-08
  -1.0037289012085129e-08
  -1.1309451253995658e-08
  -1.1745712839336226e-08
  -1.0629754331339945e-08
  -1.2373305103737793e-08
  -9.9937471073588573e-09
  -1.5309785710493711e-08
  -1.4312580503609771e-08
  -1.2594172275068830e-08
  -9.2050394675788095e-09
  -1.1434983581605441e-08
  -1.4990098658825249e-08
  -1.4831021171852742e-08
  -6.6761697403734334e-09
  -1.0369433906999241e-08
  -1.0094909877057616e-08
  -7.4433799864319752e-09
  -1.0280475118265443e-08
  -9.2195910918933549e-09
  -1.0048994347730893e-08
  -9.0092983640336003e-09
  -1.1275416805461520e-08
  -1.2581701496079060e-08
  -1.2890608127285526e-08
  -1.5934465473398504e-08
  -1.2703759598866807e-08
  -1.1480499754629031e-08
  -1.1570201425497654e-08
  -1.3223658593107395e-08
  -1.4199463571483682e-08
  -8.5428011632298451e-09
  -1.0217099681141655e-08
  -8.6183165285790635e-09
  -1.1940036437111642e-08
  -1.1889744840863439e-08
  -1.0029907210593583e-08
  -6.5725567909984490e-09
  -1.0792739491587377e-08
  -1.2712845498216729e-08
  -1.0126588542928417e-08
  -1.1390719430846343e-08
  -1.3082299407333304e-08
  -1.4441754482376825e-08
  -1.1479584807658686e-08
  -1.6809975675231470e-08
  -1.1621081498095825e-08
  -1.3460977550805114e-08
  -9.4535697891717277e-09
  -8.2955003978768853e-09
  -1.3631493084389444e-08
  -1.1752599480288196e-08
  -1.3056154878129609e-08
  -9.7732563996744696e-09
  -9.1518202071773970e-09
  -1.5556538780476814e-08
  -1.2427515420363570e-08
  -1.3515002268960097e-08
  -1.2820364468768815e-08
  -1.2283651149797992e-08
  -1.5189467404308259e-08
  -1.1631891298872930e-08
  -9.7148140811477134e-09
  -1.3156097044410705e-08
  -1.4662937011674108e-08
  -1.4953822671514892e-08
  -1.1864288609978441e-08
  -1.0708971077492473e-08
