   1.3091328180000000e+09
   1.3091328190000000e+09
   1.3091328200000000e+09
   1.3091328210000000e+09
   1.3091328220000000e+09
   1.3091328230000000e+09
   1.3091328240000000e+09
   1.3091328250000000e+09
   1.3091328260000000e+09
   1.3091328270000000e+09
   1.3091328280000000e+09
   1.3091328290000000e+09
   1.3091328300000000e+09
   1.3091328310000000e+09
   1.3091328320000000e+09
   1.3091328330000000e+09
   1.3091328340000000e+09
   1.3091328350000000e+09
   1.3091328360000000e+09
   1.3091328370000000e+09
   1.3091328380000000e+09
   1.3091328390000000e+09
   1.3091328400000000e+09
   1.3091328410000000e+09
   1.3091328420000000e+09
   1.3091328430000000e+09
   1.3091328440000000e+09
   1.3091328450000000e+09
   1.3091328460000000e+09
   1.3091328470000000e+09
   1.3091328480000000e+09
   1.3091328490000000e+09
   1.3091328500000000e+09
   1.3091328510000000e+09
   1.3091328520000000e+09
   1.3091328530000000e+09
   1.3091328540000000e+09
   1.3091328550000000e+09
   1.3091328560000000e+09
   1.3091328570000000e+09
   1.3091328580000000e+09
   1.3091328590000000e+09
   1.3091328600000000e+09
   1.3091328610000000e+09
   1.3091328620000000e+09
   1.3091328630000000e+09
   1.3091328640000000e+09
   1.3091328650000000e+09
   1.3091328660000000e+09
   1.3091328670000000e+09
   1.3091328680000000e+09
   1.3091328690000000e+09
   1.3091328700000000e+09
   1.3091328710000000e+09
   1.3091328720000000e+09
   1.3091328730000000e+09
   1.3091328740000000e+09
   1.3091328750000000e+09
   1.3091328760000000e+09
   1.3091328770000000e+09
   1.3091328780000000e+09
   1.3091328790000000e+09
   1.3091328800000000e+09
   1.3091328810000000e+09
   1.3091328820000000e+09
   1.3091328830000000e+09
   1.3091328840000000e+09
   1.3091328850000000e+09
   1.3091328860000000e+09
   1.3091328870000000e+09
   1.3091328880000000e+09
   1.3091328890000000e+09
   1.3091328900000000e+09
   1.3091328910000000e+09
   1.3091328920000000e+09
   1.3091328930000000e+09
   1.3091328940000000e+09
   1.3091328950000000e+09
   1.3091328960000000e+09
   1.3091328970000000e+09
   1.3091328980000000e+09
   1.3091328990000000e+09
   1.3091329000000000e+09
   1.3091329010000000e+09
   1.3091329020000000e+09
   1.3091329030000000e+09
   1.3091329040000000e+09
   1.3091329050000000e+09
   1.3091329060000000e+09
   1.3091329070000000e+09
   1.3091329080000000e+09
   1.3091329090000000e+09
   1.3091329100000000e+09
   1.3091329110000000e+09
   1.3091329120000000e+09
   1.3091329130000000e+09
   1.3091329140000000e+09
   1.3091329150000000e+09
   1.3091329160000000e+09
   1.3091329170000000e+09
   1.3091329180000000e+09
   1.3091329190000000e+09
   1.3091329200000000e+09
   1.3091329210000000e+09
   1.3091329220000000e+09
   1.3091329230000000e+09
   1.3091329240000000e+09
   1.3091329250000000e+09
   1.3091329260000000e+09
   1.3091329270000000e+09
   1.3091329280000000e+09
   1.3091329290000000e+09
   1.3091329300000000e+09
   1.3091329310000000e+09
   1.3091329320000000e+09
   1.3091329330000000e+09
   1.3091329340000000e+09
   1.3091329350000000e+09
   1.3091329360000000e+09
   1.3091329370000000e+09
   1.3091329380000000e+09
   1.3091329390000000e+09
   1.3091329400000000e+09
   1.3091329410000000e+09
   1.3091329420000000e+09
   1.3091329430000000e+09
   1.3091329440000000e+09
   1.3091329450000000e+09
   1.3091329460000000e+09
   1.3091329470000000e+09
   1.3091329480000000e+09
   1.3091329490000000e+09
   1.3091329500000000e+09
   1.3091329510000000e+09
   1.3091329520000000e+09
   1.3091329530000000e+09
   1.3091329540000000e+09
   1.3091329550000000e+09
   1.3091329560000000e+09
   1.3091329570000000e+09
   1.3091329580000000e+09
   1.3091329590000000e+09
   1.3091329600000000e+09
   1.3091329610000000e+09
   1.3091329620000000e+09
   1.3091329630000000e+09
   1.3091329640000000e+09
   1.3091329650000000e+09
   1.3091329660000000e+09
   1.3091329670000000e+09
   1.3091329680000000e+09
   1.3091329690000000e+09
   1.3091329700000000e+09
   1.3091329710000000e+09
   1.3091329720000000e+09
   1.3091329730000000e+09
   1.3091329740000000e+09
   1.3091329750000000e+09
   1.3091329760000000e+09
   1.3091329770000000e+09
   1.3091329780000000e+09
   1.3091329790000000e+09
   1.3091329800000000e+09
   1.3091329810000000e+09
   1.3091329820000000e+09
   1.3091329830000000e+09
   1.3091329840000000e+09
   1.3091329850000000e+09
   1.3091329860000000e+09
   1.3091329870000000e+09
   1.3091329880000000e+09
   1.3091329890000000e+09
   1.3091329900000000e+09
   1.3091329910000000e+09
   1.3091329920000000e+09
   1.3091329930000000e+09
   1.3091329940000000e+09
   1.3091329950000000e+09
   1.3091329960000000e+09
   1.3091329970000000e+09
   1.3091329980000000e+09
   1.3091329990000000e+09
   1.3091330000000000e+09
   1.3091330010000000e+09
   1.3091330020000000e+09
   1.3091330030000000e+09
   1.3091330040000000e+09
   1.3091330050000000e+09
   1.3091330060000000e+09
   1.3091330070000000e+09
   1.3091330080000000e+09
   1.3091330090000000e+09
   1.3091330100000000e+09
   1.3091330110000000e+09
   1.3091330120000000e+09
   1.3091330130000000e+09
   1.3091330140000000e+09
   1.3091330150000000e+09
   1.3091330160000000e+09
   1.3091330170000000e+09
   1.3091330180000000e+09
   1.3091330190000000e+09
   1.3091330200000000e+09
   1.3091330210000000e+09
   1.3091330220000000e+09
   1.3091330230000000e+09
   1.3091330240000000e+09
   1.3091330250000000e+09
   1.3091330260000000e+09
   1.3091330270000000e+09
   1.3091330280000000e+09
   1.3091330290000000e+09
   1.3091330300000000e+09
   1.3091330310000000e+09
   1.3091330320000000e+09
   1.3091330330000000e+09
   1.3091330340000000e+09
   1.3091330350000000e+09
   1.3091330360000000e+09
   1.3091330370000000e+09
   1.3091330380000000e+09
   1.3091330390000000e+09
   1.3091330400000000e+09
   1.3091330410000000e+09
   1.3091330420000000e+09
   1.3091330430000000e+09
   1.3091330440000000e+09
   1.3091330450000000e+09
   1.3091330460000000e+09
   1.3091330470000000e+09
   1.3091330480000000e+09
   1.3091330490000000e+09
   1.3091330500000000e+09
   1.3091330510000000e+09
   1.3091330520000000e+09
   1.3091330530000000e+09
   1.3091330540000000e+09
   1.3091330550000000e+09
   1.3091330560000000e+09
   1.3091330570000000e+09
   1.3091330580000000e+09
   1.3091330590000000e+09
   1.3091330600000000e+09
   1.3091330610000000e+09
   1.3091330620000000e+09
   1.3091330630000000e+09
   1.3091330640000000e+09
   1.3091330650000000e+09
   1.3091330660000000e+09
   1.3091330670000000e+09
   1.3091330680000000e+09
   1.3091330690000000e+09
   1.3091330700000000e+09
   1.3091330710000000e+09
   1.3091330720000000e+09
   1.3091330730000000e+09
   1.3091330740000000e+09
   1.3091330750000000e+09
   1.3091330760000000e+09
   1.3091330770000000e+09
   1.3091330780000000e+09
   1.3091330790000000e+09
   1.3091330800000000e+09
   1.3091330810000000e+09
   1.3091330820000000e+09
   1.3091330830000000e+09
   1.3091330840000000e+09
   1.3091330850000000e+09
   1.3091330860000000e+09
   1.3091330870000000e+09
   1.3091330880000000e+09
   1.3091330890000000e+09
   1.3091330900000000e+09
   1.3091330910000000e+09
   1.3091330920000000e+09
   1.3091330930000000e+09
   1.3091330940000000e+09
   1.3091330950000000e+09
   1.3091330960000000e+09
   1.3091330970000000e+09
   1.3091330980000000e+09
   1.3091330990000000e+09
   1.3091331000000000e+09
   1.3091331010000000e+09
   1.3091331020000000e+09
   1.3091331030000000e+09
   1.3091331040000000e+09
   1.3091331050000000e+09
   1.3091331060000000e+09
   1.3091331070000000e+09
   1.3091331080000000e+09
   1.3091331090000000e+09
   1.3091331100000000e+09
   1.3091331110000000e+09
   1.3091331120000000e+09
   1.3091331130000000e+09
   1.3091331140000000e+09
   1.3091331150000000e+09
   1.3091331160000000e+09
   1.3091331170000000e+09
   1.3091331180000000e+09
   1.3091331190000000e+09
   1.3091331200000000e+09
   1.3091331210000000e+09
   1.3091331220000000e+09
   1.3091331230000000e+09
   1.3091331240000000e+09
   1.3091331250000000e+09
   1.3091331260000000e+09
   1.3091331270000000e+09
   1.3091331280000000e+09
   1.3091331290000000e+09
   1.3091331300000000e+09
   1.3091331310000000e+09
   1.3091331320000000e+09
   1.3091331330000000e+09
   1.3091331340000000e+09
   1.3091331350000000e+09
   1.3091331360000000e+09
   1.3091331370000000e+09
   1.3091331380000000e+09
   1.3091331390000000e+09
   1.3091331400000000e+09
   1.3091331410000000e+09
   1.3091331420000000e+09
   1.3091331430000000e+09
   1.3091331440000000e+09
   1.3091331450000000e+09
   1.3091331460000000e+09
   1.3091331470000000e+09
   1.3091331480000000e+09
   1.3091331490000000e+09
   1.3091331500000000e+09
   1.3091331510000000e+09
   1.3091331520000000e+09
   1.3091331530000000e+09
   1.3091331540000000e+09
   1.3091331550000000e+09
   1.3091331560000000e+09
   1.3091331570000000e+09
