   6.9892543911575544e-01  -1.6298617692090450e-01   7.8403171824555540e-01   2.7162909213174844e+00   2.3193517844001748e+00   1.4720712918312253e+00  -1.0081661197044121e+00  -1.5003736858053494e+00
   6.9913733497453112e-01  -1.6286194376483532e-01   7.8438586327964177e-01   2.7162777265918550e+00   2.3191725240139158e+00   1.4719862851166101e+00  -1.0081454545178552e+00  -1.5002450622213046e+00
   6.9934926157243893e-01  -1.6273765970261833e-01   7.8473998735875561e-01   2.7162644659065287e+00   2.3189932014727987e+00   1.4719012344347429e+00  -1.0081247337867163e+00  -1.5001163958515440e+00
   6.9956121810510330e-01  -1.6261332387026631e-01   7.8509409090477134e-01   2.7162511407040397e+00   2.3188138206981446e+00   1.4718161377464096e+00  -1.0081039629430437e+00  -1.4999876875865572e+00
   6.9977320517748864e-01  -1.6248893628375358e-01   7.8544817948325041e-01   2.7162377492173899e+00   2.3186343750432652e+00   1.4717309992743068e+00  -1.0080831411132329e+00  -1.4998589383790990e+00
   6.9998522243092332e-01  -1.6236449603484171e-01   7.8580224627487794e-01   2.7162242921972601e+00   2.3184548710714661e+00   1.4716458163004016e+00  -1.0080622627772096e+00  -1.4997301484418830e+00
   7.0019726999648080e-01  -1.6224000375293943e-01   7.8615629717165258e-01   2.7162107699111417e+00   2.3182753051898355e+00   1.4715605889316230e+00  -1.0080413345055907e+00  -1.4996013147797280e+00
   7.0040934739083827e-01  -1.6211545799990573e-01   7.8651032949014010e-01   2.7161971816409345e+00   2.3180956791901681e+00   1.4714753184324831e+00  -1.0080203534320220e+00  -1.4994724420928232e+00
   7.0062145499212125e-01  -1.6199086329417853e-01   7.8686434201911171e-01   2.7161835278503763e+00   2.3179159901479922e+00   1.4713900046035726e+00  -1.0079993212849674e+00  -1.4993435272032880e+00
   7.0083359353732888e-01  -1.6186621427087894e-01   7.8721833628697557e-01   2.7161698088171979e+00   2.3177362429905459e+00   1.4713046449113765e+00  -1.0079782346209205e+00  -1.4992145695081480e+00
   7.0104576172483302e-01  -1.6174151245927870e-01   7.8757231415008522e-01   2.7161560241723901e+00   2.3175564317534612e+00   1.4712192428936275e+00  -1.0079570956567228e+00  -1.4990855723309575e+00
   7.0125796001232543e-01  -1.6161676094297472e-01   7.8792626884910166e-01   2.7161421739575373e+00   2.3173765620525053e+00   1.4711337972590952e+00  -1.0079359039164526e+00  -1.4989565320933413e+00
   7.0147018912143877e-01  -1.6149195755756859e-01   7.8828020622566053e-01   2.7161282581790585e+00   2.3171966307038954e+00   1.4710483060055852e+00  -1.0079146620292212e+00  -1.4988274515466993e+00
   7.0168244748293740e-01  -1.6136710024224168e-01   7.8863412759367335e-01   2.7161142764766359e+00   2.3170166377881376e+00   1.4709627731409101e+00  -1.0078933660496512e+00  -1.4986983282190081e+00
   7.0189473640961864e-01  -1.6124219216738883e-01   7.8898802711020544e-01   2.7161002297972354e+00   2.3168365844699133e+00   1.4708771945728900e+00  -1.0078720195803927e+00  -1.4985691642637002e+00
   7.0210705569377763e-01  -1.6111723260335681e-01   7.8934190706326934e-01   2.7160861174345761e+00   2.3166564697243870e+00   1.4707915729042531e+00  -1.0078506164959580e+00  -1.4984399584851771e+00
   7.0231940470896637e-01  -1.6099221991228355e-01   7.8969577025396398e-01   2.7160719394279420e+00   2.3164762942300712e+00   1.4707059083346408e+00  -1.0078291661026308e+00  -1.4983107126015822e+00
   7.0253178433449748e-01  -1.6086715614009109e-01   7.9004961471735180e-01   2.7160576963627152e+00   2.3162960600436340e+00   1.4706201982059899e+00  -1.0078076606017901e+00  -1.4981814234005584e+00
   7.0274419363340912e-01  -1.6074203843666490e-01   7.9040344049649414e-01   2.7160433863577365e+00   2.3161157627273119e+00   1.4705344464243009e+00  -1.0077861039738738e+00  -1.4980520946217792e+00
   7.0295663356667570e-01  -1.6061687059774443e-01   7.9075724805272818e-01   2.7160290114836907e+00   2.3159354049127305e+00   1.4704486491329825e+00  -1.0077644898679055e+00  -1.4979227227572087e+00
   7.0316910299277957e-01  -1.6049165048628253e-01   7.9111103710721120e-01   2.7160145712692172e+00   2.3157549829863897e+00   1.4703628088262988e+00  -1.0077428299560374e+00  -1.4977933106912849e+00
   7.0338160240547376e-01  -1.6036637821993405e-01   7.9146480439224165e-01   2.7160000656313881e+00   2.3155745047366563e+00   1.4702769236753819e+00  -1.0077211140018412e+00  -1.4976638570374308e+00
   7.0359413275214433e-01  -1.6024105442409478e-01   7.9181855465707573e-01   2.7159854944730677e+00   2.3153939647043154e+00   1.4701909966256055e+00  -1.0076993482787415e+00  -1.4975343625827313e+00
   7.0380669215554736e-01  -1.6011567676424851e-01   7.9217228642858850e-01   2.7159708567325844e+00   2.3152133612327979e+00   1.4701050244577061e+00  -1.0076775259289830e+00  -1.4974048258494532e+00
   7.0401928197703989e-01  -1.5999024923047700e-01   7.9252599830377213e-01   2.7159561545042599e+00   2.3150326994353851e+00   1.4700190091232108e+00  -1.0076556564291506e+00  -1.4972752489126069e+00
   7.0423190192022000e-01  -1.5986476947763564e-01   7.9287969139759962e-01   2.7159413868454227e+00   2.3148519758322395e+00   1.4699329499059262e+00  -1.0076337312299992e+00  -1.4971456287952600e+00
   7.0444455199849754e-01  -1.5973923682113741e-01   7.9323336530547861e-01   2.7159265529086309e+00   2.3146711923386083e+00   1.4698468466300969e+00  -1.0076117532173161e+00  -1.4970159677364718e+00
   7.0465723200770813e-01  -1.5961365309556075e-01   7.9358702214764687e-01   2.7159116535663901e+00   2.3144903477358088e+00   1.4697606999552231e+00  -1.0075897259933257e+00  -1.4968862665777438e+00
   7.0486994181816764e-01  -1.5948801697315493e-01   7.9394065957465942e-01   2.7158966893934839e+00   2.3143094424564126e+00   1.4696745092302990e+00  -1.0075676408995429e+00  -1.4967565235539921e+00
   7.0508268165505972e-01  -1.5936233000424221e-01   7.9429427625824611e-01   2.7158816590319876e+00   2.3141284753466138e+00   1.4695882752191660e+00  -1.0075455097064903e+00  -1.4966267388421082e+00
   7.0529545143697980e-01  -1.5923658991592102e-01   7.9464787436055773e-01   2.7158665630986336e+00   2.3139474483604610e+00   1.4695019977147550e+00  -1.0075233222617463e+00  -1.4964969133210475e+00
   7.0550825106528015e-01  -1.5911079705300010e-01   7.9500145653620757e-01   2.7158514011515344e+00   2.3137663603732768e+00   1.4694156768653257e+00  -1.0075010830028022e+00  -1.4963670466033194e+00
   7.0572108128331212e-01  -1.5898495368190751e-01   7.9535501588906543e-01   2.7158361744156845e+00   2.3135852115551732e+00   1.4693293106929977e+00  -1.0074787921045336e+00  -1.4962371391616984e+00
   7.0593394079261795e-01  -1.5885905722900853e-01   7.9570855823025521e-01   2.7158208821214314e+00   2.3134039984959180e+00   1.4692429020063378e+00  -1.0074564513116648e+00  -1.4961071895131990e+00
   7.0614683045528548e-01  -1.5873311030376816e-01   7.9606208260485412e-01   2.7158055236377114e+00   2.3132227280328297e+00   1.4691564492931153e+00  -1.0074340534718700e+00  -1.4959771986628010e+00
   7.0635975043478638e-01  -1.5860711012111178e-01   7.9641558624896214e-01   2.7157901004198584e+00   2.3130413960932574e+00   1.4690699533880531e+00  -1.0074116066056102e+00  -1.4958471672963634e+00
   7.0657269991473237e-01  -1.5848105854308964e-01   7.9676907215488835e-01   2.7157746109534631e+00   2.3128600039260365e+00   1.4689834136897131e+00  -1.0073891082185242e+00  -1.4957170941758378e+00
   7.0678567968161887e-01  -1.5835495546412232e-01   7.9712253753313000e-01   2.7157590561964242e+00   2.3126785512307264e+00   1.4688968307217385e+00  -1.0073665558930791e+00  -1.4955869798399639e+00
   7.0699868903845409e-01  -1.5822879957752700e-01   7.9747598389788210e-01   2.7157434359715831e+00   2.3124970368706235e+00   1.4688102028848540e+00  -1.0073439483942805e+00  -1.4954568242323150e+00
   7.0721172788524245e-01  -1.5810259316075853e-01   7.9782941175073996e-01   2.7157277502275781e+00   2.3123154636797403e+00   1.4687235325548404e+00  -1.0073212921099501e+00  -1.4953266270473469e+00
   7.0742479757064547e-01  -1.5797633406737191e-01   7.9818281975183070e-01   2.7157119987669023e+00   2.3121338267821336e+00   1.4686368180358516e+00  -1.0072985839006887e+00  -1.4951963893257985e+00
   7.0763789580130665e-01  -1.5785002295616665e-01   7.9853621084405646e-01   2.7156961815195158e+00   2.3119521299948271e+00   1.4685500603041519e+00  -1.0072758206114856e+00  -1.4950661109971424e+00
   7.0785102529140698e-01  -1.5772365966576690e-01   7.9888958094339280e-01   2.7156802995403013e+00   2.3117703725551388e+00   1.4684632582156334e+00  -1.0072530085597462e+00  -1.4949357914968580e+00
   7.0806418376472224e-01  -1.5759724410896489e-01   7.9924293411893577e-01   2.7156643510928333e+00   2.3115885550042043e+00   1.4683764139798694e+00  -1.0072301426666370e+00  -1.4948054302427292e+00
   7.0827737255922119e-01  -1.5747077759601694e-01   7.9959626670124817e-01   2.7156483373540805e+00   2.3114066757531062e+00   1.4682895255780375e+00  -1.0072072226186228e+00  -1.4946750275299541e+00
   7.0849059064315700e-01  -1.5734425835912885e-01   7.9994958048638098e-01   2.7156322579781493e+00   2.3112247363622291e+00   1.4682025925276929e+00  -1.0071842526231281e+00  -1.4945445844299170e+00
   7.0870383873454934e-01  -1.5721768733275243e-01   8.0030287389276245e-01   2.7156161133132004e+00   2.3110427353712026e+00   1.4681156166269620e+00  -1.0071612306571249e+00  -1.4944140996926312e+00
   7.0891711674904534e-01  -1.5709106503544892e-01   8.0065614795195994e-01   2.7155999025109994e+00   2.3108606754637231e+00   1.4680285983855341e+00  -1.0071381552589629e+00  -1.4942835751566372e+00
   7.0913042434638340e-01  -1.5696439038541024e-01   8.0100940481317118e-01   2.7155836271975207e+00   2.3106785532177225e+00   1.4679415350184195e+00  -1.0071150262101181e+00  -1.4941530083758567e+00
   7.0934376183707692e-01  -1.5683766492983633e-01   8.0136264152328374e-01   2.7155672859315056e+00   2.3104963710821584e+00   1.4678544275521550e+00  -1.0070918481665554e+00  -1.4940223996919906e+00
   7.0955712922696490e-01  -1.5671088747051010e-01   8.0171585865967632e-01   2.7155508788544269e+00   2.3103141282654378e+00   1.4677672774700119e+00  -1.0070686146218961e+00  -1.4938917496588591e+00
   7.0977052632562676e-01  -1.5658405584223087e-01   8.0206905658390604e-01   2.7155344062554452e+00   2.3101318248144125e+00   1.4676800845431881e+00  -1.0070453309306109e+00  -1.4937610615062185e+00
   7.0998395329918096e-01  -1.5645717357475444e-01   8.0242223621217568e-01   2.7155178682283632e+00   2.3099494589622864e+00   1.4675928483688780e+00  -1.0070219953199031e+00  -1.4936303303294332e+00
   7.1019740958035615e-01  -1.5633023862716189e-01   8.0277539776005424e-01   2.7155012644649172e+00   2.3097670325275943e+00   1.4675055680523810e+00  -1.0069986064727292e+00  -1.4934995582740116e+00
   7.1041089573130956e-01  -1.5620325433650481e-01   8.0312853742506496e-01   2.7154845951653748e+00   2.3095845477406107e+00   1.4674182424517153e+00  -1.0069751650564596e+00  -1.4933687443668260e+00
   7.1062441180346625e-01  -1.5607621571172198e-01   8.0348165804654892e-01   2.7154678601399027e+00   2.3094020015044001e+00   1.4673308756210437e+00  -1.0069516735616042e+00  -1.4932378919290945e+00
   7.1083795760199442e-01  -1.5594912670940020e-01   8.0383476068919557e-01   2.7154510600337582e+00   2.3092193945818140e+00   1.4672434646733032e+00  -1.0069281275906814e+00  -1.4931069960706631e+00
   7.1105153312584779e-01  -1.5582198480120374e-01   8.0418784320607573e-01   2.7154341947769218e+00   2.3090367259583315e+00   1.4671560101424839e+00  -1.0069045294036765e+00  -1.4929760602791773e+00
   7.1126513780073974e-01  -1.5569479148554219e-01   8.0454090819158730e-01   2.7154172625901487e+00   2.3088539956711043e+00   1.4670685137066999e+00  -1.0068808824071962e+00  -1.4928450838322629e+00
   7.1147877248399438e-01  -1.5556754542183751e-01   8.0489395170189337e-01   2.7154002659359002e+00   2.3086712042454356e+00   1.4669809715352375e+00  -1.0068571797134735e+00  -1.4927140646089296e+00
   7.1169243683880357e-01  -1.5544024897331249e-01   8.0524697695823666e-01   2.7153832028669256e+00   2.3084883559354750e+00   1.4668933866677218e+00  -1.0068334253820970e+00  -1.4925830060150211e+00
   7.1190613111932199e-01  -1.5531289883394298e-01   8.0559998370886599e-01   2.7153660752864148e+00   2.3083054425326979e+00   1.4668057588798533e+00  -1.0068096217317468e+00  -1.4924519068633648e+00
   7.1211985477090067e-01  -1.5518549825010525e-01   8.0595297148117651e-01   2.7153488811671092e+00   2.3081224734985284e+00   1.4667180875107775e+00  -1.0067857630047250e+00  -1.4923207656905775e+00
   7.1233360748558461e-01  -1.5505804549384730e-01   8.0630593608032608e-01   2.7153316217250030e+00   2.3079394405351383e+00   1.4666303723893768e+00  -1.0067618540359227e+00  -1.4921895849718521e+00
   7.1254739040909987e-01  -1.5493054161643618e-01   8.0665888507956451e-01   2.7153142973236575e+00   2.3077563472298936e+00   1.4665426145802050e+00  -1.0067378892924754e+00  -1.4920583616777645e+00
   7.1276120307285995e-01  -1.5480298450807703e-01   8.0701181348617967e-01   2.7152969065781094e+00   2.3075731941442839e+00   1.4664548121282905e+00  -1.0067138761934669e+00  -1.4919270977941650e+00
   7.1297504535784750e-01  -1.5467537748970270e-01   8.0736472239386259e-01   2.7152794513343510e+00   2.3073899810857066e+00   1.4663669656353915e+00  -1.0066898072974941e+00  -1.4917957930423167e+00
   7.1318891670325912e-01  -1.5454771638744230e-01   8.0771761259980812e-01   2.7152619296609792e+00   2.3072067042742872e+00   1.4662790790268165e+00  -1.0066656904811466e+00  -1.4916644492029845e+00
   7.1340281839624609e-01  -1.5442000424569499e-01   8.0807048227887246e-01   2.7152443431159501e+00   2.3070233691994466e+00   1.4661911453141154e+00  -1.0066415176250112e+00  -1.4915330622465139e+00
   7.1361674896288796e-01  -1.5429224033979719e-01   8.0842333170129199e-01   2.7152266907390632e+00   2.3068399729308315e+00   1.4661031695504423e+00  -1.0066172943660880e+00  -1.4914016357071809e+00
   7.1383070935069803e-01  -1.5416442484088791e-01   8.0877616603892022e-01   2.7152089722047346e+00   2.3066565154859928e+00   1.4660151525567471e+00  -1.0065930205436981e+00  -1.4912701672597892e+00
   7.1404469943777915e-01  -1.5403655753350562e-01   8.0912897594183075e-01   2.7151911888808558e+00   2.3064729986296699e+00   1.4659270899353296e+00  -1.0065686940808780e+00  -1.4911386582172073e+00
   7.1425871893349657e-01  -1.5390863741744590e-01   8.0948176952711870e-01   2.7151733393099460e+00   2.3062894205048221e+00   1.4658389843254775e+00  -1.0065443128565426e+00  -1.4910071094197952e+00
   7.1447276788521363e-01  -1.5378066738312093e-01   8.0983454030827440e-01   2.7151554245757228e+00   2.3061057818627084e+00   1.4657508342912458e+00  -1.0065198827934294e+00  -1.4908755181741176e+00
   7.1468684601628407e-01  -1.5365264475359161e-01   8.1018729480342244e-01   2.7151374446541325e+00   2.3059220835032339e+00   1.4656626428021358e+00  -1.0064953988582055e+00  -1.4907438875098458e+00
   7.1490095395902065e-01  -1.5352456837024434e-01   8.1054002997599672e-01   2.7151193983320461e+00   2.3057383228643040e+00   1.4655744082492301e+00  -1.0064708637455608e+00  -1.4906122159108641e+00
   7.1511509154184683e-01  -1.5339644141475528e-01   8.1089274622154650e-01   2.7151012872330247e+00   2.3055545012083551e+00   1.4654861300349331e+00  -1.0064462773418592e+00  -1.4904805029818204e+00
   7.1532925835821393e-01  -1.5326826332378113e-01   8.1124543943332195e-01   2.7150831103203807e+00   2.3053706207595179e+00   1.4653978071620510e+00  -1.0064216366865402e+00  -1.4903487497702308e+00
   7.1554345493400107e-01  -1.5314003323668743e-01   8.1159811483648825e-01   2.7150648675458293e+00   2.3051866793732820e+00   1.4653094420119275e+00  -1.0063969434482207e+00  -1.4902169549394260e+00
   7.1575768086345759e-01  -1.5301175123779298e-01   8.1195077169102203e-01   2.7150465593334703e+00   2.3050026775174421e+00   1.4652210341686265e+00  -1.0063722012523906e+00  -1.4900851197419602e+00
   7.1597193606903131e-01  -1.5288341709463907e-01   8.1230340685585845e-01   2.7150281858995076e+00   2.3048186162125823e+00   1.4651325812696347e+00  -1.0063474031752604e+00  -1.4899532430023297e+00
   7.1618622042649838e-01  -1.5275503155759929e-01   8.1265602437793560e-01   2.7150097463353617e+00   2.3046344921385646e+00   1.4650440861682177e+00  -1.0063225566356566e+00  -1.4898213274212462e+00
   7.1640053473836907e-01  -1.5262659360227093e-01   8.1300862418994391e-01   2.7149912416244173e+00   2.3044503076770826e+00   1.4649555482846564e+00  -1.0062976570363014e+00  -1.4896893702547249e+00
   7.1661487839577254e-01  -1.5249810506453873e-01   8.1336119900872483e-01   2.7149726720994214e+00   2.3042660633506298e+00   1.4648669657777962e+00  -1.0062727034493313e+00  -1.4895573717664299e+00
   7.1682925150944543e-01  -1.5236956341828389e-01   8.1371375706667892e-01   2.7149540358869779e+00   2.3040817568986269e+00   1.4647783413260471e+00  -1.0062477015380458e+00  -1.4894253333665528e+00
   7.1704365394803093e-01  -1.5224097134054856e-01   8.1406629710488931e-01   2.7149353344004648e+00   2.3038973934378242e+00   1.4646896728544754e+00  -1.0062226432608472e+00  -1.4892932529390659e+00
   7.1725808543930591e-01  -1.5211232643314404e-01   8.1441881617524181e-01   2.7149165674369717e+00   2.3037129667802700e+00   1.4646009616151401e+00  -1.0061975354930839e+00  -1.4891611330411569e+00
   7.1747254665284432e-01  -1.5198362907847829e-01   8.1477131253229451e-01   2.7148977350843335e+00   2.3035284806561918e+00   1.4645122060776006e+00  -1.0061723753049301e+00  -1.4890289718558261e+00
   7.1768703678397872e-01  -1.5185488022957258e-01   8.1512379407036695e-01   2.7148788365920673e+00   2.3033439315102884e+00   1.4644234090142796e+00  -1.0061471630988574e+00  -1.4888967713405519e+00
   7.1790155676849177e-01  -1.5172608004510516e-01   8.1547625456861972e-01   2.7148598730560374e+00   2.3031593251370674e+00   1.4643345683963471e+00  -1.0061219001003021e+00  -1.4887645287698521e+00
   7.1811610593194541e-01  -1.5159722942818543e-01   8.1582869501741739e-01   2.7148408444792946e+00   2.3029746582805757e+00   1.4642456835245652e+00  -1.0060965826030539e+00  -1.4886322460548718e+00
   7.1833068478058237e-01  -1.5146832463391630e-01   8.1618111775857105e-01   2.7148217496153673e+00   2.3027899286820519e+00   1.4641567564588007e+00  -1.0060712162599486e+00  -1.4884999224904627e+00
   7.1854529214135521e-01  -1.5133937000636694e-01   8.1653351582555800e-01   2.7148025893069860e+00   2.3026051397088967e+00   1.4640677856549003e+00  -1.0060457949972097e+00  -1.4883675579155360e+00
   7.1875992929450261e-01  -1.5121036277588057e-01   8.1688589824704971e-01   2.7147833633564189e+00   2.3024202900837212e+00   1.4639787718310255e+00  -1.0060203234342804e+00  -1.4882351536334522e+00
   7.1897459560916310e-01  -1.5108130446974008e-01   8.1723825785684912e-01   2.7147640723221094e+00   2.3022353811859473e+00   1.4638897153305301e+00  -1.0059947987848192e+00  -1.4881027079113200e+00
   7.1918929148385879e-01  -1.5095219302078827e-01   8.1759060143944173e-01   2.7147447154749229e+00   2.3020504094836869e+00   1.4638006151715532e+00  -1.0059692239004943e+00  -1.4879702225430551e+00
   7.1940401640194518e-01  -1.5082302967503708e-01   8.1794292377976108e-01   2.7147252925458156e+00   2.3018653785929444e+00   1.4637114716127360e+00  -1.0059435956407021e+00  -1.4878376963060151e+00
   7.1961877035332589e-01  -1.5069381639087237e-01   8.1829522720486525e-01   2.7147058049695261e+00   2.3016802879182428e+00   1.4636222845393196e+00  -1.0059179148037942e+00  -1.4877051282637408e+00
   7.1983355410754335e-01  -1.5056455003417241e-01   8.1864750775699768e-01   2.7146862518167945e+00   2.3014951364778957e+00   1.4635330557496964e+00  -1.0058921822021978e+00  -1.4875725216458100e+00
   7.2004836682514539e-01  -1.5043523247670901e-01   8.1899977109394062e-01   2.7146666325858075e+00   2.3013099235753760e+00   1.4634437836797889e+00  -1.0058663992531134e+00  -1.4874398735865293e+00
   7.2026320864784543e-01  -1.5030586295325007e-01   8.1935201419361925e-01   2.7146469478482156e+00   2.3011246509874677e+00   1.4633544675795995e+00  -1.0058405634168068e+00  -1.4873071843338415e+00
   7.2047808010984427e-01  -1.5017644220825727e-01   8.1970423712374652e-01   2.7146271975589489e+00   2.3009393161670539e+00   1.4632651094452174e+00  -1.0058146746991468e+00  -1.4871744555945952e+00
   7.2069298008641691e-01  -1.5004696842352960e-01   8.2005644273544231e-01   2.7146073819672800e+00   2.3007539226808222e+00   1.4631757073520113e+00  -1.0057887362564772e+00  -1.4870416864585423e+00
   7.2090790975470309e-01  -1.4991744319270206e-01   8.2040862542896698e-01   2.7145875001685837e+00   2.3005684666380817e+00   1.4630862624073513e+00  -1.0057627450453070e+00  -1.4869088760528475e+00
   7.2112286838282869e-01  -1.4978786718100209e-01   8.2076078972056965e-01   2.7145675540418841e+00   2.3003829526374004e+00   1.4629967739568970e+00  -1.0057366995079910e+00  -1.4867760249525843e+00
   7.2133785663015448e-01  -1.4965823816336993e-01   8.2111293131158059e-01   2.7145475416385025e+00   2.3001973793863479e+00   1.4629072420139453e+00  -1.0057106029404121e+00  -1.4866431327461291e+00
   7.2155287348900887e-01  -1.4952855951491620e-01   8.2146505730196329e-01   2.7145274636315571e+00   2.3000117444230019e+00   1.4628176686308438e+00  -1.0056844569847652e+00  -1.4865102016158760e+00
   7.2176791978829691e-01  -1.4939882692711678e-01   8.2181716247164671e-01   2.7145073200470855e+00   2.2998260475287409e+00   1.4627280513448049e+00  -1.0056582584530736e+00  -1.4863772301475442e+00
   7.2198299517948406e-01  -1.4926904271300562e-01   8.2216924507529987e-01   2.7144871106816035e+00   2.2996402918011096e+00   1.4626383913836360e+00  -1.0056320081863832e+00  -1.4862442167112013e+00
   7.2219809951319003e-01  -1.4913920877111339e-01   8.2252131036586518e-01   2.7144668367885201e+00   2.2994544734991362e+00   1.4625486874719029e+00  -1.0056057040663431e+00  -1.4861111633361257e+00
   7.2241323303286864e-01  -1.4900932140051942e-01   8.2287335491512204e-01   2.7144464965179700e+00   2.2992685964581310e+00   1.4624589409813571e+00  -1.0055793494474519e+00  -1.4859780698934923e+00
   7.2262839607365836e-01  -1.4887938369131415e-01   8.2322537864320666e-01   2.7144260912939244e+00   2.2990826590447342e+00   1.4623691517774939e+00  -1.0055529412471265e+00  -1.4858449362002393e+00
   7.2284358798832060e-01  -1.4874939252290617e-01   8.2357738427965932e-01   2.7144056197355191e+00   2.2988966612679604e+00   1.4622793197795139e+00  -1.0055264840734277e+00  -1.4857117621873954e+00
   7.2305880851606408e-01  -1.4861935113891742e-01   8.2392936630014535e-01   2.7143850828943856e+00   2.2987106044870096e+00   1.4621894442575223e+00  -1.0054999740878789e+00  -1.4855785470965843e+00
   7.2327405841834047e-01  -1.4848925644532782e-01   8.2428133265785541e-01   2.7143644806150404e+00   2.2985244860932066e+00   1.4620995262696246e+00  -1.0054734118581723e+00  -1.4854452918647729e+00
   7.2348933751295508e-01  -1.4835911203478441e-01   8.2463327872904835e-01   2.7143438128899429e+00   2.2983383059696649e+00   1.4620095645670883e+00  -1.0054467960946325e+00  -1.4853119960258117e+00
   7.2370464562484249e-01  -1.4822891477271261e-01   8.2498520187861901e-01   2.7143230794638153e+00   2.2981520673753812e+00   1.4619195606945929e+00  -1.0054201302608063e+00  -1.4851786605053667e+00
   7.2391998297911675e-01  -1.4809866482010584e-01   8.2533710702436847e-01   2.7143022805615504e+00   2.2979657682357755e+00   1.4618295120557290e+00  -1.0053934134663540e+00  -1.4850452841075747e+00
   7.2413534941316193e-01  -1.4796836432787816e-01   8.2568899189285372e-01   2.7142814160693995e+00   2.2977794071446849e+00   1.4617394234484660e+00  -1.0053666436270130e+00  -1.4849118677620208e+00
   7.2435074429477486e-01  -1.4783801247972386e-01   8.2604085750886957e-01   2.7142604858588260e+00   2.2975929859525133e+00   1.4616492893872846e+00  -1.0053398214023397e+00  -1.4847784099201244e+00
   7.2456616868541490e-01  -1.4770760744991387e-01   8.2639270319699365e-01   2.7142394901987417e+00   2.2974065054155530e+00   1.4615591129100438e+00  -1.0053129491103374e+00  -1.4846449134901700e+00
   7.2478162219592057e-01  -1.4757715215788736e-01   8.2674452737803650e-01   2.7142184295293683e+00   2.2972199651354077e+00   1.4614688945067758e+00  -1.0052860243675541e+00  -1.4845113758259636e+00
   7.2499710400245565e-01  -1.4744664434096758e-01   8.2709633258859205e-01   2.7141973027004900e+00   2.2970333614931095e+00   1.4613786332913037e+00  -1.0052590476789984e+00  -1.4843777971560639e+00
   7.2521261542178117e-01  -1.4731608658951156e-01   8.2744811531546936e-01   2.7141761108862834e+00   2.2968467016111513e+00   1.4612883268385641e+00  -1.0052320168906337e+00  -1.4842441789203480e+00
   7.2542815592197729e-01  -1.4718547613307925e-01   8.2779987816587552e-01   2.7141548535420221e+00   2.2966599795312237e+00   1.4611979785847362e+00  -1.0052049348399814e+00  -1.4841105195413413e+00
   7.2564372477785566e-01  -1.4705481262460385e-01   8.2815162346853866e-01   2.7141335300395353e+00   2.2964731980533095e+00   1.4611075886739946e+00  -1.0051778043015760e+00  -1.4839768216593738e+00
   7.2585932304031164e-01  -1.4692409885430735e-01   8.2850334813753967e-01   2.7141121417479375e+00   2.2962863560343472e+00   1.4610171536587420e+00  -1.0051506184953485e+00  -1.4838430824163180e+00
   7.2607495006062772e-01  -1.4679333334185096e-01   8.2885505264227133e-01   2.7140906871551382e+00   2.2960994517041207e+00   1.4609266773344403e+00  -1.0051233827460595e+00  -1.4837093021324526e+00
   7.2629060556196345e-01  -1.4666251482268072e-01   8.2920673802716627e-01   2.7140691667628030e+00   2.2959124892452283e+00   1.4608361593474117e+00  -1.0050960963892839e+00  -1.4835754841580375e+00
   7.2650629108923159e-01  -1.4653164729324780e-01   8.2955840103963441e-01   2.7140475816330905e+00   2.2957254659839821e+00   1.4607455961688820e+00  -1.0050687565580250e+00  -1.4834416236519201e+00
   7.2672200406660126e-01  -1.4640072589280917e-01   8.2991004401669899e-01   2.7140259301296150e+00   2.2955383812261334e+00   1.4606549912728262e+00  -1.0050413659702280e+00  -1.4833077233165570e+00
   7.2693774719520643e-01  -1.4626975328929379e-01   8.3026166765376286e-01   2.7140042140607381e+00   2.2953512349557852e+00   1.4605643434551983e+00  -1.0050139217099681e+00  -1.4831737838534209e+00
   7.2715351862074673e-01  -1.4613872867546648e-01   8.3061327289817166e-01   2.7139824318044474e+00   2.2951640307127801e+00   1.4604736535217173e+00  -1.0049864284007120e+00  -1.4830398027922491e+00
   7.2736931910318436e-01  -1.4600765345329883e-01   8.3096485607815551e-01   2.7139605840049414e+00   2.2949767681755593e+00   1.4603829194713196e+00  -1.0049588817932968e+00  -1.4829057819928992e+00
   7.2758514857877510e-01  -1.4587652610317928e-01   8.3131641812511925e-01   2.7139386714870586e+00   2.2947894429732312e+00   1.4602921420506279e+00  -1.0049312817350093e+00  -1.4827717218144469e+00
   7.2780100664831093e-01  -1.4574534669571643e-01   8.3166796336743798e-01   2.7139166926396321e+00   2.2946020565135190e+00   1.4602013248615588e+00  -1.0049036334176493e+00  -1.4826376211203773e+00
   7.2801689358512600e-01  -1.4561411663058746e-01   8.3201948458310360e-01   2.7138946489287794e+00   2.2944146130151144e+00   1.4601104611764073e+00  -1.0048759306154154e+00  -1.4825034788315110e+00
   7.2823280893567544e-01  -1.4548283401723242e-01   8.3237098761184525e-01   2.7138725385913989e+00   2.2942271062042692e+00   1.4600195570556789e+00  -1.0048481785788406e+00  -1.4823692984350383e+00
   7.2844875385108310e-01  -1.4535149990048504e-01   8.3272246811754258e-01   2.7138503639197551e+00   2.2940395411019456e+00   1.4599286084775320e+00  -1.0048203712497568e+00  -1.4822350758454339e+00
   7.2866472737442622e-01  -1.4522011307947011e-01   8.3307393301100030e-01   2.7138281224442200e+00   2.2938519134333313e+00   1.4598376191509410e+00  -1.0047925174531918e+00  -1.4821008148217334e+00
   7.2888072971529883e-01  -1.4508867738254425e-01   8.3342537207758227e-01   2.7138058163966678e+00   2.2936642286525526e+00   1.4597465853158293e+00  -1.0047646073982182e+00  -1.4819665127725843e+00
   7.2909676067578466e-01  -1.4495718864092738e-01   8.3377679484372824e-01   2.7137834446793918e+00   2.2934764810713255e+00   1.4596555090117285e+00  -1.0047366476345860e+00  -1.4818321703363300e+00
   7.2931282032493805e-01  -1.4482564732219444e-01   8.3412819526846804e-01   2.7137610072442491e+00   2.2932886748680281e+00   1.4595643909356582e+00  -1.0047086345937559e+00  -1.4816977894190873e+00
   7.2952890895340938e-01  -1.4469405538485094e-01   8.3447957719518229e-01   2.7137385046119999e+00   2.2931008075227894e+00   1.4594732297264610e+00  -1.0046805702096204e+00  -1.4815633672499435e+00
   7.2974502640108163e-01  -1.4456241183201415e-01   8.3483093544317222e-01   2.7137159357838865e+00   2.2929128809547241e+00   1.4593820239590254e+00  -1.0046524556026259e+00  -1.4814289047254348e+00
   7.2996117183899778e-01  -1.4443071604941876e-01   8.3518227669390666e-01   2.7136933019386360e+00   2.2927248925997463e+00   1.4592907774427020e+00  -1.0046242893909663e+00  -1.4812944019870260e+00
   7.3017734690763270e-01  -1.4429896919426266e-01   8.3553359692729878e-01   2.7136706026618351e+00   2.2925368460897171e+00   1.4591994884223884e+00  -1.0045960699898746e+00  -1.4811598606591865e+00
   7.3039355025239028e-01  -1.4416717065173185e-01   8.3588489649018749e-01   2.7136478373449591e+00   2.2923487361154273e+00   1.4591081553003717e+00  -1.0045677993576769e+00  -1.4810252789520468e+00
   7.3060978254756836e-01  -1.4403532051584825e-01   8.3623617473809841e-01   2.7136250067703696e+00   2.2921605705873120e+00   1.4590167798345246e+00  -1.0045394765194038e+00  -1.4808906547835918e+00
   7.3082604355307057e-01  -1.4390341934387668e-01   8.3658743276187841e-01   2.7136021106197985e+00   2.2919723423494305e+00   1.4589253622290650e+00  -1.0045111036957426e+00  -1.4807559932613816e+00
   7.3104233320431844e-01  -1.4377146514086112e-01   8.3693867208342099e-01   2.7135791491681678e+00   2.2917840542702139e+00   1.4588339019969940e+00  -1.0044826790982453e+00  -1.4806212903478204e+00
   7.3125865169837212e-01  -1.4363946002152803e-01   8.3728988893147394e-01   2.7135561218266422e+00   2.2915957048787488e+00   1.4587423984144647e+00  -1.0044542001634000e+00  -1.4804865476533182e+00
   7.3147499848741582e-01  -1.4350740322005570e-01   8.3764108682924709e-01   2.7135330290229072e+00   2.2914072961700871e+00   1.4586508530818374e+00  -1.0044256732722199e+00  -1.4803517648114981e+00
   7.3169137394863626e-01  -1.4337529461210713e-01   8.3799226490007295e-01   2.7135098707342538e+00   2.2912188281100248e+00   1.4585592650710897e+00  -1.0043970935646955e+00  -1.4802169428957823e+00
   7.3190777819287134e-01  -1.4324313604719410e-01   8.3834341938525192e-01   2.7134866471603716e+00   2.2910303009349713e+00   1.4584676330270236e+00  -1.0043684600875418e+00  -1.4800820800801722e+00
   7.3212421093678492e-01  -1.4311092386231059e-01   8.3869455791763936e-01   2.7134633578866745e+00   2.2908417104000525e+00   1.4583759594922561e+00  -1.0043397774735034e+00  -1.4799471797381720e+00
   7.3234067303496786e-01  -1.4297866149320301e-01   8.3904567193648394e-01   2.7134400031982819e+00   2.2906530613407177e+00   1.4582842419849749e+00  -1.0043110421472579e+00  -1.4798122354928083e+00
   7.3255716303982343e-01  -1.4284634592730361e-01   8.3939676804797059e-01   2.7134165820149980e+00   2.2904643508815581e+00   1.4581924840269864e+00  -1.0042822578797956e+00  -1.4796772543113672e+00
   7.3277368159499512e-01  -1.4271398103938598e-01   8.3974784274406911e-01   2.7133930966399884e+00   2.2902755814433373e+00   1.4581006825272371e+00  -1.0042534175597941e+00  -1.4795422326491403e+00
   7.3299022860910690e-01  -1.4258156364994845e-01   8.4009889544488237e-01   2.7133695451426378e+00   2.2900867528197684e+00   1.4580088373529738e+00  -1.0042245269289403e+00  -1.4794071697671165e+00
   7.3320680488023204e-01  -1.4244909350670665e-01   8.4044993043732752e-01   2.7133459284994768e+00   2.2898978630505424e+00   1.4579169509427508e+00  -1.0041955847586834e+00  -1.4792720670785540e+00
   7.3342340915581417e-01  -1.4231657336211384e-01   8.4080094225645086e-01   2.7133222457158763e+00   2.2897089123022498e+00   1.4578250211707116e+00  -1.0041665933533928e+00  -1.4791369263299547e+00
   7.3364004186016019e-01  -1.4218400060384295e-01   8.4115193645895858e-01   2.7132984974610848e+00   2.2895199043513985e+00   1.4577330495282697e+00  -1.0041375483595367e+00  -1.4790017437305514e+00
   7.3385670309696893e-01  -1.4205137616863708e-01   8.4150290924556903e-01   2.7132746836917092e+00   2.2893308329545108e+00   1.4576410347039734e+00  -1.0041084547307786e+00  -1.4788665225404507e+00
   7.3407339383587444e-01  -1.4191870054574754e-01   8.4185385972048388e-01   2.7132508055448774e+00   2.2891417048373741e+00   1.4575489776584243e+00  -1.0040793037388718e+00  -1.4787312601016402e+00
   7.3429011235691410e-01  -1.4178597475067173e-01   8.4220479062212295e-01   2.7132268604905625e+00   2.2889525134688857e+00   1.4574568769105471e+00  -1.0040501061421045e+00  -1.4785959590336968e+00
   7.3450685943205585e-01  -1.4165319426767264e-01   8.4255570081308340e-01   2.7132028499132685e+00   2.2887632616568072e+00   1.4573647356847814e+00  -1.0040208566469928e+00  -1.4784606189448501e+00
   7.3472363461337498e-01  -1.4152036510965263e-01   8.4290659121342881e-01   2.7131787743580054e+00   2.2885739539063565e+00   1.4572725497848147e+00  -1.0039915510757724e+00  -1.4783252362988466e+00
   7.3494043887927485e-01  -1.4138748354842837e-01   8.4325745978974298e-01   2.7131546339995065e+00   2.2883845822881081e+00   1.4571803218431105e+00  -1.0039621972460480e+00  -1.4781898156099291e+00
   7.3515727160706223e-01  -1.4125454905535798e-01   8.4360830835222189e-01   2.7131304272941903e+00   2.2881951535288998e+00   1.4570880519779492e+00  -1.0039327935716900e+00  -1.4780543549179990e+00
   7.3537413285855258e-01  -1.4112156369611778e-01   8.4395913685964652e-01   2.7131061543113462e+00   2.2880056608704655e+00   1.4569957397670470e+00  -1.0039033375199453e+00  -1.4779188556997280e+00
   7.3559102224709827e-01  -1.4098852897086062e-01   8.4430994309752727e-01   2.7130818168137592e+00   2.2878161113456659e+00   1.4569033852345790e+00  -1.0038738271364289e+00  -1.4777833143700982e+00
   7.3580794028514840e-01  -1.4085544020074081e-01   8.4466073234737526e-01   2.7130574132616818e+00   2.2876265015248678e+00   1.4568109879712776e+00  -1.0038442662263949e+00  -1.4776477344460519e+00
   7.3602488677625255e-01  -1.4072230072566555e-01   8.4501149798288855e-01   2.7130329449962689e+00   2.2874368303327404e+00   1.4567185478350140e+00  -1.0038146555549743e+00  -1.4775121146778760e+00
   7.3624186137747127e-01  -1.4058910941811584e-01   8.4536224250848424e-01   2.7130084102094942e+00   2.2872470998910193e+00   1.4566260648473490e+00  -1.0037849948438977e+00  -1.4773764555198008e+00
   7.3645886492733270e-01  -1.4045586728734896e-01   8.4571296525552508e-01   2.7129838105205009e+00   2.2870573083134849e+00   1.4565335398153392e+00  -1.0037552772996408e+00  -1.4772407556554745e+00
   7.3667589645830478e-01  -1.4032257346525479e-01   8.4606366946792089e-01   2.7129591450609807e+00   2.2868674602214125e+00   1.4564409722315124e+00  -1.0037255112742147e+00  -1.4771050160604551e+00
   7.3689295603140070e-01  -1.4018922851746515e-01   8.4641435350298100e-01   2.7129344138453448e+00   2.2866775472354783e+00   1.4563483630103782e+00  -1.0036956933599981e+00  -1.4769692370309782e+00
   7.3711004470096630e-01  -1.4005583148917494e-01   8.4676501574173879e-01   2.7129096178934136e+00   2.2864875792808901e+00   1.4562557095709947e+00  -1.0036658253171284e+00  -1.4768334185682281e+00
   7.3732716129473952e-01  -1.3992238175542818e-01   8.4711565810605671e-01   2.7128847551284152e+00   2.2862975465901747e+00   1.4561630168209985e+00  -1.0036359068243019e+00  -1.4766975616397504e+00
   7.3754430665934134e-01  -1.3978888201805742e-01   8.4746627899688576e-01   2.7128598286023431e+00   2.2861074556660599e+00   1.4560702780233288e+00  -1.0036059339945682e+00  -1.4765616619125812e+00
   7.3776148006222164e-01  -1.3965533110625797e-01   8.4781687917596082e-01   2.7128348356157934e+00   2.2859173064242961e+00   1.4559774981322977e+00  -1.0035759101806450e+00  -1.4764257252113315e+00
   7.3797868221267982e-01  -1.3952172653344333e-01   8.4816745949372785e-01   2.7128097770572621e+00   2.2857270940512366e+00   1.4558846767627480e+00  -1.0035458359182894e+00  -1.4762897486798692e+00
   7.3819591198476131e-01  -1.3938807232271538e-01   8.4851801781017333e-01   2.7127846525048507e+00   2.2855368240308778e+00   1.4557918120820317e+00  -1.0035157082933237e+00  -1.4761537309852260e+00
   7.3841317063938072e-01  -1.3925436616672082e-01   8.4886855574173725e-01   2.7127594634598595e+00   2.2853464956924654e+00   1.4556989054886176e+00  -1.0034855309314650e+00  -1.4760176733197581e+00
   7.3863045735790733e-01  -1.3912060917017732e-01   8.4921907271702524e-01   2.7127342081844095e+00   2.2851561044381143e+00   1.4556059554401719e+00  -1.0034553015932557e+00  -1.4758815771478961e+00
   7.3884777224539921e-01  -1.3898680034249200e-01   8.4956956758740398e-01   2.7127088871416429e+00   2.2849656548302404e+00   1.4555129639182385e+00  -1.0034250220303684e+00  -1.4757454413940931e+00
   7.3906511580851897e-01  -1.3885293957062134e-01   8.4992004162468771e-01   2.7126835010820076e+00   2.2847751435978365e+00   1.4554199305594002e+00  -1.0033946891984695e+00  -1.4756092661815647e+00
   7.3928248735314961e-01  -1.3871902707801761e-01   8.5027049725904591e-01   2.7126580497882462e+00   2.2845845735088690e+00   1.4553268543611784e+00  -1.0033643061024422e+00  -1.4754730507750335e+00
   7.3949988743615269e-01  -1.3858506382397764e-01   8.5062093057935506e-01   2.7126325331064849e+00   2.2843939445837145e+00   1.4552337336739001e+00  -1.0033338688083975e+00  -1.4753367961987582e+00
   7.3971731574110611e-01  -1.3845104851847667e-01   8.5097134379178019e-01   2.7126069505410340e+00   2.2842032513763999e+00   1.4551405741808261e+00  -1.0033033851155500e+00  -1.4752005010539875e+00
   7.3993477185890233e-01  -1.3831698344583859e-01   8.5132173503040209e-01   2.7125813022069614e+00   2.2840125032989498e+00   1.4550473696181732e+00  -1.0032728452543171e+00  -1.4750641673101466e+00
   7.4015225651827488e-01  -1.3818286420608752e-01   8.5167210773380864e-01   2.7125555875623317e+00   2.2838216923980852e+00   1.4549541251638967e+00  -1.0032422594765800e+00  -1.4749277945868393e+00
   7.4036976951371269e-01  -1.3804869517532467e-01   8.5202245729999970e-01   2.7125298092401988e+00   2.2836308220278996e+00   1.4548608360485500e+00  -1.0032116174702188e+00  -1.4747913805710364e+00
   7.4058730999817857e-01  -1.3791447445300234e-01   8.5237278794376237e-01   2.7125039639727548e+00   2.2834398925356982e+00   1.4547675068254347e+00  -1.0031809264619520e+00  -1.4746549283236090e+00
   7.4080487960340979e-01  -1.3778020166274074e-01   8.5272309576819394e-01   2.7124780540777107e+00   2.2832489019506705e+00   1.4546741336394593e+00  -1.0031501841410058e+00  -1.4745184358620540e+00
   7.4102247698541768e-01  -1.3764587702292247e-01   8.5307338505472741e-01   2.7124520784773440e+00   2.2830578532772794e+00   1.4545807187949811e+00  -1.0031193879720661e+00  -1.4743819049400100e+00
   7.4124010265142359e-01  -1.3751150166553741e-01   8.5342365038039003e-01   2.7124260372699647e+00   2.2828667443332025e+00   1.4544872619465878e+00  -1.0030885421120037e+00  -1.4742453342573769e+00
   7.4145775641630851e-01  -1.3737707533996396e-01   8.5377389400076154e-01   2.7123999302081776e+00   2.2826755755163930e+00   1.4543937619745049e+00  -1.0030576464054619e+00  -1.4741087229727432e+00
   7.4167543835599326e-01  -1.3724259660924246e-01   8.5412411822383816e-01   2.7123737576844822e+00   2.2824843437239846e+00   1.4543002205196791e+00  -1.0030266960947058e+00  -1.4739720724637888e+00
   7.4189314830872710e-01  -1.3710806748671836e-01   8.5447432207676710e-01   2.7123475202020648e+00   2.2822930566606114e+00   1.4542066351420082e+00  -1.0029956975019789e+00  -1.4738353826789266e+00
   7.4211088677827952e-01  -1.3697348654586325e-01   8.5482450379389197e-01   2.7123212169950897e+00   2.2821017066089739e+00   1.4541130089983232e+00  -1.0029646446965439e+00  -1.4736986532653513e+00
   7.4232865311644236e-01  -1.3683885422188768e-01   8.5517466428883215e-01   2.7122948486370047e+00   2.2819102995983864e+00   1.4540193402388772e+00  -1.0029335404626454e+00  -1.4735618849307752e+00
   7.4254644735579822e-01  -1.3670416932913057e-01   8.5552480531668174e-01   2.7122684140015219e+00   2.2817188303867981e+00   1.4539256304304811e+00  -1.0029023875622272e+00  -1.4734250763925656e+00
   7.4276426969137199e-01  -1.3656943385127693e-01   8.5587492466790283e-01   2.7122419143787599e+00   2.2815273020789588e+00   1.4538318768012040e+00  -1.0028711835054538e+00  -1.4732882295507501e+00
   7.4298212049148016e-01  -1.3643464727744195e-01   8.5622502464401007e-01   2.7122153484727067e+00   2.2813357126064777e+00   1.4537380818930890e+00  -1.0028399274082027e+00  -1.4731513428748531e+00
   7.4319999923859226e-01  -1.3629980959720764e-01   8.5657510129510783e-01   2.7121887183167850e+00   2.2811440641406060e+00   1.4536442441342381e+00  -1.0028086182377871e+00  -1.4730144157834613e+00
   7.4341790582627709e-01  -1.3616491970438296e-01   8.5692515761177734e-01   2.7121620218948577e+00   2.2809523547470230e+00   1.4535503649838404e+00  -1.0027772611965007e+00  -1.4728774500838786e+00
   7.4363584042763275e-01  -1.3602997801402444e-01   8.5727519258435603e-01   2.7121352594047257e+00   2.2807605893082252e+00   1.4534564429570691e+00  -1.0027458480192333e+00  -1.4727404449341974e+00
   7.4385380350821162e-01  -1.3589498635890868e-01   8.5762520645616624e-01   2.7121084326026184e+00   2.2805687597782924e+00   1.4533624777523906e+00  -1.0027143864082129e+00  -1.4726033997486583e+00
   7.4407179441041793e-01  -1.3575994181790679e-01   8.5797519796194155e-01   2.7120815399334162e+00   2.2803768721166255e+00   1.4532684715201658e+00  -1.0026828743692100e+00  -1.4724663161815870e+00
   7.4428981306467001e-01  -1.3562484622958518e-01   8.5832517178487078e-01   2.7120545809244248e+00   2.2801849256069908e+00   1.4531744235463349e+00  -1.0026513106877988e+00  -1.4723291927859468e+00
   7.4450786012802561e-01  -1.3548969931064059e-01   8.5867512164447413e-01   2.7120275571712229e+00   2.2799929179467457e+00   1.4530803334561297e+00  -1.0026196932454214e+00  -1.4721920294126802e+00
   7.4472593533799369e-01  -1.3535450188155823e-01   8.5902505057738454e-01   2.7120004678569360e+00   2.2798008524459852e+00   1.4529861995962574e+00  -1.0025880267631464e+00  -1.4720548274556569e+00
   7.4494403798837505e-01  -1.3521925166052437e-01   8.5937495917264017e-01   2.7119733128258487e+00   2.2796087251976398e+00   1.4528920253067890e+00  -1.0025563083279125e+00  -1.4719175856760440e+00
   7.4516216884831110e-01  -1.3508395132112086e-01   8.5972484712008379e-01   2.7119460926233194e+00   2.2794165380551670e+00   1.4527978082545927e+00  -1.0025245385797898e+00  -1.4717803056048346e+00
   7.4538032777146446e-01  -1.3494860001696260e-01   8.6007471073140429e-01   2.7119188069799485e+00   2.2792242935638147e+00   1.4527035486543098e+00  -1.0024927192006394e+00  -1.4716429849288104e+00
   7.4559851433953761e-01  -1.3481319565030830e-01   8.6042455568687348e-01   2.7118914550060702e+00   2.2790319861741235e+00   1.4526092477842918e+00  -1.0024608482681956e+00  -1.4715056255606642e+00
   7.4581672886785078e-01  -1.3467773934938346e-01   8.6077438038622411e-01   2.7118640386763326e+00   2.2788396189555069e+00   1.4525149045285335e+00  -1.0024289227069791e+00  -1.4713682272633157e+00
   7.4603497167386568e-01  -1.3454223407614338e-01   8.6112418200783591e-01   2.7118365559363307e+00   2.2786471959985373e+00   1.4524205177503751e+00  -1.0023969478296113e+00  -1.4712307878114521e+00
   7.4625324241342605e-01  -1.3440667524199582e-01   8.6147396468266324e-01   2.7118090080918105e+00   2.2784547086937414e+00   1.4523260922863437e+00  -1.0023649245130288e+00  -1.4710933113377496e+00
   7.4647154084496981e-01  -1.3427106481823642e-01   8.6182372539572527e-01   2.7117813947084799e+00   2.2782621627174593e+00   1.4522316227572369e+00  -1.0023328477369486e+00  -1.4709557963315716e+00
   7.4668986736011000e-01  -1.3413540500915208e-01   8.6217346342455514e-01   2.7117537157718163e+00   2.2780695581946984e+00   1.4521371102855996e+00  -1.0023007196603226e+00  -1.4708182405885730e+00
   7.4690822188219075e-01  -1.3399969327715885e-01   8.6252317978007542e-01   2.7117259714048787e+00   2.2778768942872003e+00   1.4520425567915036e+00  -1.0022685393469366e+00  -1.4706806442835680e+00
   7.4712660384386587e-01  -1.3386393040657799e-01   8.6287287372594945e-01   2.7116981621426919e+00   2.2776841714333456e+00   1.4519479597649398e+00  -1.0022363098469742e+00  -1.4705430091776115e+00
   7.4734501392589625e-01  -1.3372811450674554e-01   8.6322255022073247e-01   2.7116702870551999e+00   2.2774913863037618e+00   1.4518533215971168e+00  -1.0022040284316101e+00  -1.4704053370587020e+00
   7.4756345156677917e-01  -1.3359224794099253e-01   8.6357220450233330e-01   2.7116423453450920e+00   2.2772985431857453e+00   1.4517586427092892e+00  -1.0021716966333420e+00  -1.4702676251376550e+00
   7.4778191728731092e-01  -1.3345633112104752e-01   8.6392183526801891e-01   2.7116143391360006e+00   2.2771056400309369e+00   1.4516639207984505e+00  -1.0021393116370469e+00  -1.4701298722370033e+00
   7.4800041102941084e-01  -1.3332036216581031e-01   8.6427144565859304e-01   2.7115862672780562e+00   2.2769126758820581e+00   1.4515691566889475e+00  -1.0021068751410300e+00  -1.4699920811963856e+00
   7.4821893253299088e-01  -1.3318434174012372e-01   8.6462103482522135e-01   2.7115581298627704e+00   2.2767196519279405e+00   1.4514743501451866e+00  -1.0020743878296745e+00  -1.4698542508054735e+00
   7.4843748175292979e-01  -1.3304827159803881e-01   8.6497060266116321e-01   2.7115299271318030e+00   2.2765265712676297e+00   1.4513795015078830e+00  -1.0020418524918595e+00  -1.4697163808286451e+00
   7.4865605856686368e-01  -1.3291214760043138e-01   8.6532015212759539e-01   2.7115016585414806e+00   2.2763334280863199e+00   1.4512846129652477e+00  -1.0020092640292675e+00  -1.4695784727364025e+00
   7.4887466353474241e-01  -1.3277597276154812e-01   8.6566967528104122e-01   2.7114733247638068e+00   2.2761402275035345e+00   1.4511896802096125e+00  -1.0019766225591720e+00  -1.4694405260260106e+00
   7.4909329564290461e-01  -1.3263974829532571e-01   8.6601918090482033e-01   2.7114449251287582e+00   2.2759469646637953e+00   1.4510947065764792e+00  -1.0019439319621128e+00  -1.4693025386242047e+00
   7.4931195589943311e-01  -1.3250347037074792e-01   8.6636866184252381e-01   2.7114164607544420e+00   2.2757536421853239e+00   1.4509996905334857e+00  -1.0019111910211647e+00  -1.4691645126622956e+00
   7.4953064453505935e-01  -1.3236714280504175e-01   8.6671812373250590e-01   2.7113879306150150e+00   2.2755602616261714e+00   1.4509046321154431e+00  -1.0018783967013192e+00  -1.4690264472172105e+00
   7.4974936023297856e-01  -1.3223076336063144e-01   8.6706756305102328e-01   2.7113593349641465e+00   2.2753668227095640e+00   1.4508095324514305e+00  -1.0018455525489329e+00  -1.4688883435572844e+00
   7.4996810389350743e-01  -1.3209433295272061e-01   8.6741697994475964e-01   2.7113306733171241e+00   2.2751733209798335e+00   1.4507143906865940e+00  -1.0018126575680777e+00  -1.4687501997747645e+00
   7.5018687521157468e-01  -1.3195784886630310e-01   8.6776637908726562e-01   2.7113019466212318e+00   2.2749797618780230e+00   1.4506192067636385e+00  -1.0017797106854558e+00  -1.4686120184007176e+00
   7.5040567407714565e-01  -1.3182131625508306e-01   8.6811575420132536e-01   2.7112731537636288e+00   2.2747861425953606e+00   1.4505239824032417e+00  -1.0017467133267290e+00  -1.4684737971509312e+00
   7.5062450109392687e-01  -1.3168473094885327e-01   8.6846510852637815e-01   2.7112442962697565e+00   2.2745924621084614e+00   1.4504287141105208e+00  -1.0017136643207818e+00  -1.4683355358811885e+00
   7.5084335481412523e-01  -1.3154809452045768e-01   8.6881444167805655e-01   2.7112153726493347e+00   2.2743987230289484e+00   1.4503334051179111e+00  -1.0016805653633400e+00  -1.4681972368144767e+00
   7.5106223725220145e-01  -1.3141140693593745e-01   8.6916375049507932e-01   2.7111863840140935e+00   2.2742049263468465e+00   1.4502380534457981e+00  -1.0016474145158891e+00  -1.4680588985310821e+00
   7.5128114694280190e-01  -1.3127466825912765e-01   8.6951304142678842e-01   2.7111573300925857e+00   2.2740110686865398e+00   1.4501426599880411e+00  -1.0016142107596360e+00  -1.4679205205888344e+00
   7.5150008435756344e-01  -1.3113787876517979e-01   8.6986230690680311e-01   2.7111282101149565e+00   2.2738171501916766e+00   1.4500472248688971e+00  -1.0015809588557281e+00  -1.4677821037276808e+00
   7.5171904946995383e-01  -1.3100103623526393e-01   8.7021155333143074e-01   2.7110990250951925e+00   2.2736231726271430e+00   1.4499517470278200e+00  -1.0015476539659334e+00  -1.4676436483908650e+00
   7.5193804192646962e-01  -1.3086414383027289e-01   8.7056078103692502e-01   2.7110697740412779e+00   2.2734291373602056e+00   1.4498562289236183e+00  -1.0015142992560602e+00  -1.4675051544000579e+00
   7.5215706221484968e-01  -1.3072720024862972e-01   8.7090998366684269e-01   2.7110404583773295e+00   2.2732350397965817e+00   1.4497606682526609e+00  -1.0014808922398495e+00  -1.4673666204113174e+00
   7.5237611021792539e-01  -1.3059020587599376e-01   8.7125916276222859e-01   2.7110110767226523e+00   2.2730408831268827e+00   1.4496650641231681e+00  -1.0014474336916899e+00  -1.4672280468740764e+00
   7.5259518618563781e-01  -1.3045315837941443e-01   8.7160832440290714e-01   2.7109816296070024e+00   2.2728466683440134e+00   1.4495694208757499e+00  -1.0014139271231415e+00  -1.4670894357464606e+00
   7.5281428903494285e-01  -1.3031606028425466e-01   8.7195746291492160e-01   2.7109521166521175e+00   2.2726523930725890e+00   1.4494737342293980e+00  -1.0013803675739974e+00  -1.4669507859974455e+00
   7.5303341994365469e-01  -1.3017891112107818e-01   8.7230657950661705e-01   2.7109225387807938e+00   2.2724580583593164e+00   1.4493780064125270e+00  -1.0013467567006251e+00  -1.4668120965611189e+00
   7.5325257805021040e-01  -1.3004171117579671e-01   8.7265567368565566e-01   2.7108928952482860e+00   2.2722636624008405e+00   1.4492822369064819e+00  -1.0013130950475264e+00  -1.4666733673564705e+00
   7.5347176411440508e-01  -1.2990445920104313e-01   8.7300474854903742e-01   2.7108631862075829e+00   2.2720692089833787e+00   1.4491864241292796e+00  -1.0012793832785964e+00  -1.4665346005407067e+00
   7.5369097665991358e-01  -1.2976715552236084e-01   8.7335380134287499e-01   2.7108334114460915e+00   2.2718746963048755e+00   1.4490905715254097e+00  -1.0012456201053386e+00  -1.4663957948136377e+00
   7.5391021816197490e-01  -1.2962980134850968e-01   8.7370283160437179e-01   2.7108035715460486e+00   2.2716801230941379e+00   1.4489946762495225e+00  -1.0012118051427772e+00  -1.4662569504293024e+00
   7.5412948671250901e-01  -1.2949239675541702e-01   8.7405183963329569e-01   2.7107736664058244e+00   2.2714854926767756e+00   1.4488987386329548e+00  -1.0011779389867499e+00  -1.4661180649769123e+00
   7.5434878284698903e-01  -1.2935493871919154e-01   8.7440082605209246e-01   2.7107436952674524e+00   2.2712908001870336e+00   1.4488027598300235e+00  -1.0011440228837321e+00  -1.4659791418555645e+00
   7.5456810580692490e-01  -1.2921743251706158e-01   8.7474979156627997e-01   2.7107136581813807e+00   2.2710960487018532e+00   1.4487067391477877e+00  -1.0011100553278327e+00  -1.4658401808467951e+00
   7.5478745693616933e-01  -1.2907987102905039e-01   8.7509873734570642e-01   2.7106835560040912e+00   2.2709012365616732e+00   1.4486106782116106e+00  -1.0010760381017298e+00  -1.4657011809775522e+00
   7.5500683538588986e-01  -1.2894226152751367e-01   8.7544765745946940e-01   2.7106533893292775e+00   2.2707063653684578e+00   1.4485145721661352e+00  -1.0010419661237266e+00  -1.4655621405273318e+00
   7.5522624118870518e-01  -1.2880459973314681e-01   8.7579655875665019e-01   2.7106231563358536e+00   2.2705114365016232e+00   1.4484184262641679e+00  -1.0010078454794982e+00  -1.4654230617665525e+00
   7.5544567479563784e-01  -1.2866688594211093e-01   8.7614543772828368e-01   2.7105928580421352e+00   2.2703164461152681e+00   1.4483222401149052e+00  -1.0009736761335970e+00  -1.4652839454945474e+00
   7.5566513545942593e-01  -1.2852912173552875e-01   8.7649429282265112e-01   2.7105624939545625e+00   2.2701213964381881e+00   1.4482260104527040e+00  -1.0009394530354550e+00  -1.4651447892275375e+00
   7.5588462379238797e-01  -1.2839130603541071e-01   8.7684312985820800e-01   2.7105320642414719e+00   2.2699262883667743e+00   1.4481297392099972e+00  -1.0009051794381953e+00  -1.4650055951952650e+00
   7.5610413909107244e-01  -1.2825343967456385e-01   8.7719194340757645e-01   2.7105015696911625e+00   2.2697311210431259e+00   1.4480334264613093e+00  -1.0008708564792304e+00  -1.4648663624981242e+00
   7.5632368244064352e-01  -1.2811552175484844e-01   8.7754073353237161e-01   2.7104710098916076e+00   2.2695358930134848e+00   1.4479370723055955e+00  -1.0008364808229837e+00  -1.4647270893640274e+00
   7.5654325293044833e-01  -1.2797755290921425e-01   8.7788950343485672e-01   2.7104403841805369e+00   2.2693406060792638e+00   1.4478406758803619e+00  -1.0008020546932097e+00  -1.4645877791357442e+00
   7.5676285072688187e-01  -1.2783953218227845e-01   8.7823825139619716e-01   2.7104096927448875e+00   2.2691452611375587e+00   1.4477442380930363e+00  -1.0007675771895910e+00  -1.4644484287596269e+00
   7.5698247604300539e-01  -1.2770146014376046e-01   8.7858697612857795e-01   2.7103789358925847e+00   2.2689498545173166e+00   1.4476477588921493e+00  -1.0007330481565349e+00  -1.4643090405301755e+00
   7.5720212822471911e-01  -1.2756333854776730e-01   8.7893568027503977e-01   2.7103481138756487e+00   2.2687543887094868e+00   1.4475512367422683e+00  -1.0006984690474996e+00  -1.4641696124254060e+00
   7.5742180867978159e-01  -1.2742516358868800e-01   8.7928436399301857e-01   2.7103172259986992e+00   2.2685588635795657e+00   1.4474546748485857e+00  -1.0006638399146985e+00  -1.4640301464259056e+00
   7.5764151588300876e-01  -1.2728693824366805e-01   8.7963302403736088e-01   2.7102862734201443e+00   2.2683632797626601e+00   1.4473580704949425e+00  -1.0006291601149393e+00  -1.4638906426882117e+00
   7.5786125085557277e-01  -1.2714866194878480e-01   8.7998166099989716e-01   2.7102552549775067e+00   2.2681676357772100e+00   1.4472614237136159e+00  -1.0005944272830631e+00  -1.4637510984848041e+00
   7.5808101234613745e-01  -1.2701033420251343e-01   8.8033027937884101e-01   2.7102241708399508e+00   2.2679719328558741e+00   1.4471647362329350e+00  -1.0005596452506234e+00  -1.4636115162080541e+00
   7.5830080179536419e-01  -1.2687195596235962e-01   8.8067887485235896e-01   2.7101930213657073e+00   2.2677761705357469e+00   1.4470680068101152e+00  -1.0005248113488616e+00  -1.4634718957359623e+00
   7.5852061811674631e-01  -1.2673352501273386e-01   8.8102744788287624e-01   2.7101618060995185e+00   2.2675803479903549e+00   1.4469712359406408e+00  -1.0004899274324381e+00  -1.4633322362635928e+00
   7.5874046229887382e-01  -1.2659504419427706e-01   8.8137599724421045e-01   2.7101305261661230e+00   2.2673844662246521e+00   1.4468744228240384e+00  -1.0004549910332363e+00  -1.4631925374354173e+00
   7.5896033340528635e-01  -1.2645651192403040e-01   8.8172452840396964e-01   2.7100991798282283e+00   2.2671885261578915e+00   1.4467775698257370e+00  -1.0004200056085999e+00  -1.4630528012458384e+00
   7.5918023217984432e-01  -1.2631792862037161e-01   8.8207303359757028e-01   2.7100677686124346e+00   2.2669925266252724e+00   1.4466806738454419e+00  -1.0003849685504298e+00  -1.4629130258506766e+00
   7.5940015763438584e-01  -1.2617929307068881e-01   8.8242151864625595e-01   2.7100362919098711e+00   2.2667964660248088e+00   1.4465837361773866e+00  -1.0003498808787628e+00  -1.4627732112985354e+00
   7.5962011080575476e-01  -1.2604060659993829e-01   8.8276998305618604e-01   2.7100047500064641e+00   2.2666003476912691e+00   1.4464867580385936e+00  -1.0003147434899755e+00  -1.4626333595472056e+00
   7.5984009079842196e-01  -1.2590187041424825e-01   8.8311842275006491e-01   2.7099731424622964e+00   2.2664041703333169e+00   1.4463897372522254e+00  -1.0002795540499361e+00  -1.4624934678394133e+00
   7.6006009803442665e-01  -1.2576308116940407e-01   8.8346684421142452e-01   2.7099414684043754e+00   2.2662079298522735e+00   1.4462926767292084e+00  -1.0002443137626744e+00  -1.4623535384543862e+00
   7.6028013324187826e-01  -1.2562424163144162e-01   8.8381524120221888e-01   2.7099097305254856e+00   2.2660116356877720e+00   1.4461955725075641e+00  -1.0002090225796842e+00  -1.4622135691139042e+00
   7.6050019515450606e-01  -1.2548535022796548e-01   8.8416361744289529e-01   2.7098779259871804e+00   2.2658152778179161e+00   1.4460984276236262e+00  -1.0001736805747530e+00  -1.4620735629293031e+00
   7.6072028365335853e-01  -1.2534640962888124e-01   8.8451196741507065e-01   2.7098460564537170e+00   2.2656188646035229e+00   1.4460012414212671e+00  -1.0001382879156635e+00  -1.4619335170647270e+00
   7.6094040019364628e-01  -1.2520741596425589e-01   8.8486030096109036e-01   2.7098141216587517e+00   2.2654223874680492e+00   1.4459040132653385e+00  -1.0001028430806818e+00  -1.4617934326514250e+00
   7.6116054334368766e-01  -1.2506837110094066e-01   8.8520861062001766e-01   2.7097821210197384e+00   2.2652258530015819e+00   1.4458067448119345e+00  -1.0000673505857351e+00  -1.4616533108468939e+00
   7.6138071442879274e-01  -1.2492927660728036e-01   8.8555689465094700e-01   2.7097500554666798e+00   2.2650292608711040e+00   1.4457094318786243e+00  -1.0000318039871599e+00  -1.4615131482473398e+00
   7.6160091171114130e-01  -1.2479013004895838e-01   8.8590516241004791e-01   2.7097179237923279e+00   2.2648326070231439e+00   1.4456120797346801e+00  -9.9999620850824178e-01  -1.4613729490063430e+00
   7.6182113682466346e-01  -1.2465093267833938e-01   8.8625340502571848e-01   2.7096857272072707e+00   2.2646358939550715e+00   1.4455146856058434e+00  -9.9996056226966146e-01  -1.4612327107953120e+00
   7.6204138888704831e-01  -1.2451168357554096e-01   8.8660162455441283e-01   2.7096534652397577e+00   2.2644391247510249e+00   1.4454172505301373e+00  -9.9992486524818103e-01  -1.4610924335004694e+00
   7.6226166741639267e-01  -1.2437238287652258e-01   8.8694982527107424e-01   2.7096211365298348e+00   2.2642422911849032e+00   1.4453197744248221e+00  -9.9988911768575806e-01  -1.4609521192616841e+00
   7.6248197424876440e-01  -1.2423303201848197e-01   8.8729800078956444e-01   2.7095887436819619e+00   2.2640454024894190e+00   1.4452222558244086e+00  -9.9985331787460319e-01  -1.4608117650025598e+00
   7.6270230692102570e-01  -1.2409363028366810e-01   8.8764615572131245e-01   2.7095562847079901e+00   2.2638484508975054e+00   1.4451246963616515e+00  -9.9981746826014617e-01  -1.4606713734137213e+00
   7.6292266752871751e-01  -1.2395417569890492e-01   8.8799428782664036e-01   2.7095237611421332e+00   2.2636514412845417e+00   1.4450270952948763e+00  -9.9978156811447083e-01  -1.4605309424130932e+00
   7.6314305516542458e-01  -1.2381467190838338e-01   8.8834239846267860e-01   2.7094911715951326e+00   2.2634543734091976e+00   1.4449294521579330e+00  -9.9974561579443477e-01  -1.4603904734486870e+00
   7.6336346944583577e-01  -1.2367511632941179e-01   8.8869048778925741e-01   2.7094585161341640e+00   2.2632572465268210e+00   1.4448317695380197e+00  -9.9970961632755539e-01  -1.4602499666562840e+00
   7.6358391105445300e-01  -1.2353551087883075e-01   8.8903855182027414e-01   2.7094257958607457e+00   2.2630600605663167e+00   1.4447340424495829e+00  -9.9967356066468005e-01  -1.4601094191335167e+00
   7.6380437930562395e-01  -1.2339585139231897e-01   8.8938659905517725e-01   2.7093930100794736e+00   2.2628628123074770e+00   1.4446362776559953e+00  -9.9963745923526570e-01  -1.4599688357221854e+00
   7.6402487537985952e-01  -1.2325614331525231e-01   8.8973461654335151e-01   2.7093601590780154e+00   2.2626655101586661e+00   1.4445384679197406e+00  -9.9960130367739497e-01  -1.4598282124545798e+00
   7.6424539745030207e-01  -1.2311638234580263e-01   8.9008261965394753e-01   2.7093272417145018e+00   2.2624681425142388e+00   1.4444406197243169e+00  -9.9956510016972988e-01  -1.4596875517839090e+00
   7.6446594723447181e-01  -1.2297657115983723e-01   8.9043059525544954e-01   2.7092942598225629e+00   2.2622707204327459e+00   1.4443427283358528e+00  -9.9952884391930263e-01  -1.4595468515407874e+00
   7.6468652372294865e-01  -1.2283670915021408e-01   8.9077855143993445e-01   2.7092612122211044e+00   2.2620732353306412e+00   1.4442447963911922e+00  -9.9949253878853461e-01  -1.4594061146443180e+00
   7.6490712730012811e-01  -1.2269679663804248e-01   8.9112648433548503e-01   2.7092280990735014e+00   2.2618756946611294e+00   1.4441468228829850e+00  -9.9945618014690196e-01  -1.4592653379388998e+00
   7.6512775759492602e-01  -1.2255683140453988e-01   8.9147439323911448e-01   2.7091949201989802e+00   2.2616780927013336e+00   1.4440488077848102e+00  -9.9941977321153108e-01  -1.4591245231877277e+00
   7.6534841592913949e-01  -1.2241681582294414e-01   8.9182228213972914e-01   2.7091616766588937e+00   2.2614804309252752e+00   1.4439507508704310e+00  -9.9938331499568489e-01  -1.4589836706467072e+00
   7.6556909961293051e-01  -1.2227674965844124e-01   8.9217014744972389e-01   2.7091283670047792e+00   2.2612827136905578e+00   1.4438526526179256e+00  -9.9934680604714976e-01  -1.4588427784627356e+00
   7.6578981116688849e-01  -1.2213663112682406e-01   8.9251799117972197e-01   2.7090949919197076e+00   2.2610849339172856e+00   1.4437545137938648e+00  -9.9931024576502792e-01  -1.4587018493020130e+00
   7.6601054992683548e-01  -1.2199646273090081e-01   8.9286581260260112e-01   2.7090615520416361e+00   2.2608870958999336e+00   1.4436563339740551e+00  -9.9927363492977495e-01  -1.4585608812407689e+00
   7.6623131499199371e-01  -1.2185624335378094e-01   8.9321361134416788e-01   2.7090280464018401e+00   2.2606891975901622e+00   1.4435581129879245e+00  -9.9923697689053237e-01  -1.4584198754614679e+00
   7.6645210683333287e-01  -1.2171597210774267e-01   8.9356138774739813e-01   2.7089944746299652e+00   2.2604912399725356e+00   1.4434598499656777e+00  -9.9920026475614143e-01  -1.4582788302722198e+00
   7.6667292577544077e-01  -1.2157564985337951e-01   8.9390914173609259e-01   2.7089608385707646e+00   2.2602932247988821e+00   1.4433615453143598e+00  -9.9916350010537425e-01  -1.4581377483643787e+00
   7.6689377188567764e-01  -1.2143527724864352e-01   8.9425687473534476e-01   2.7089271361342782e+00   2.2600951487998451e+00   1.4432632006065587e+00  -9.9912668755005873e-01  -1.4579966272705640e+00
   7.6711464453811429e-01  -1.2129485291765282e-01   8.9460458283748034e-01   2.7088933685270664e+00   2.2598970157117444e+00   1.4431648126131817e+00  -9.9908982533417467e-01  -1.4578554669692576e+00
   7.6733554417507488e-01  -1.2115437696235623e-01   8.9495227039973613e-01   2.7088595355428922e+00   2.2596988198377717e+00   1.4430663859588968e+00  -9.9905291254387651e-01  -1.4577142695036518e+00
   7.6755647111734404e-01  -1.2101385163295769e-01   8.9529993403118258e-01   2.7088256381130424e+00   2.2595005697291599e+00   1.4429679162828817e+00  -9.9901594558602380e-01  -1.4575730342642210e+00
   7.6777742428796603e-01  -1.2087327436571997e-01   8.9564757781355508e-01   2.7087916736054907e+00   2.2593022578629460e+00   1.4428694061354068e+00  -9.9897892910483821e-01  -1.4574317593154251e+00
   7.6799840445306033e-01  -1.2073264602132611e-01   8.9599519655654836e-01   2.7087576445749617e+00   2.2591038884033101e+00   1.4427708541593183e+00  -9.9894186444368138e-01  -1.4572904480151434e+00
   7.6821941172544883e-01  -1.2059196633166447e-01   8.9634279447522192e-01   2.7087235499980471e+00   2.2589054578326055e+00   1.4426722615014778e+00  -9.9890474776610316e-01  -1.4571490976407717e+00
   7.6844044520397103e-01  -1.2045123610827528e-01   8.9669036849843153e-01   2.7086893897834745e+00   2.2587069687283678e+00   1.4425736268733522e+00  -9.9886758004597254e-01  -1.4570077088657383e+00
   7.6866150568061198e-01  -1.2031045475898011e-01   8.9703792241488700e-01   2.7086551638962000e+00   2.2585084186388888e+00   1.4424749523462062e+00  -9.9883036151796789e-01  -1.4568662826932550e+00
   7.6888259309825735e-01  -1.2016962265367802e-01   8.9738545124146274e-01   2.7086208730680812e+00   2.2583098120299860e+00   1.4423762366612436e+00  -9.9879309496089430e-01  -1.4567248178624126e+00
   7.6910370720839849e-01  -1.2002873880212331e-01   8.9773296010324644e-01   2.7085865167954455e+00   2.2581111454581819e+00   1.4422774780514032e+00  -9.9875577592152243e-01  -1.4565833140738138e+00
   7.6932484819246516e-01  -1.1988780416713521e-01   8.9808044631703243e-01   2.7085520950568793e+00   2.2579124186919883e+00   1.4421786796595408e+00  -9.9871840806260181e-01  -1.4564417731302399e+00
   7.6954601593167538e-01  -1.1974681821733754e-01   8.9842790742111700e-01   2.7085176078241231e+00   2.2577136346288773e+00   1.4420798395005967e+00  -9.9868098621805323e-01  -1.4563001942079308e+00
   7.6976721039986151e-01  -1.1960578194020519e-01   8.9877534775227985e-01   2.7084830555713797e+00   2.2575147906578610e+00   1.4419809578530638e+00  -9.9864351567301357e-01  -1.4561585753984374e+00
   7.6998843113325321e-01  -1.1946469445261157e-01   8.9912276602241004e-01   2.7084484370347641e+00   2.2573158890893406e+00   1.4418820360981213e+00  -9.9860599431235675e-01  -1.4560169208206126e+00
   7.7020967879511770e-01  -1.1932355700529387e-01   8.9947016081502362e-01   2.7084137537831370e+00   2.2571169268649043e+00   1.4417830717157007e+00  -9.9856842221488384e-01  -1.4558752261508932e+00
   7.7043095335598644e-01  -1.1918236524362710e-01   8.9981753491946193e-01   2.7083790043884157e+00   2.2569179060691984e+00   1.4416840675314577e+00  -9.9853080116809345e-01  -1.4557334957659640e+00
   7.7065225468446985e-01  -1.1904112573887110e-01   9.0016488302023023e-01   2.7083441907302199e+00   2.2567188248316126e+00   1.4415850214051289e+00  -9.9849312776784238e-01  -1.4555917244198040e+00
   7.7087358257005534e-01  -1.1889983258958932e-01   9.0051221245892521e-01   2.7083093107253551e+00   2.2565196850615572e+00   1.4414859349873381e+00  -9.9845540564517443e-01  -1.4554499174780309e+00
   7.7109493734824597e-01  -1.1875849162641709e-01   9.0085951628424266e-01   2.7082743658809139e+00   2.2563204872071987e+00   1.4413868060133084e+00  -9.9841763030271580e-01  -1.4553080716412046e+00
   7.7131631798729727e-01  -1.1861709789911005e-01   9.0120679785180957e-01   2.7082393549963522e+00   2.2561212298377957e+00   1.4412876383447797e+00  -9.9837980686280092e-01  -1.4551661878856756e+00
   7.7153772607674131e-01  -1.1847565180841012e-01   9.0155405862561411e-01   2.7082042792877714e+00   2.2559219127022834e+00   1.4411884278935112e+00  -9.9834193122091441e-01  -1.4550242661586790e+00
   7.7175916042191783e-01  -1.1833415795583700e-01   9.0190129531145735e-01   2.7081691375922903e+00   2.2557225375006746e+00   1.4410891764044649e+00  -9.9830400795231444e-01  -1.4548823057872338e+00
   7.7198062144103496e-01  -1.1819261170149152e-01   9.0224850869887663e-01   2.7081339312469908e+00   2.2555231042583568e+00   1.4409898836092343e+00  -9.9826603047839979e-01  -1.4547403071431482e+00
   7.7220210921568733e-01  -1.1805101271230999e-01   9.0259570238928066e-01   2.7080986579346775e+00   2.2553236088183781e+00   1.4408905514543064e+00  -9.9822800395931277e-01  -1.4545982723724333e+00
   7.7242362366985695e-01  -1.1790936364656091e-01   9.0294287131031570e-01   2.7080633204932956e+00   2.2551240565188393e+00   1.4407911772569171e+00  -9.9818992709220955e-01  -1.4544561980477371e+00
