   1.3216436076909304e+00  -1.8101049680262804e+00  -1.9741519177332520e+00   8.9763630647212267e-01   1.9789708647876978e+00  -3.0596832870505750e+00   3.3754858167376369e+00   3.0019009793177256e+00
   1.3221619948744774e+00  -1.8096296172589064e+00  -1.9739738637581468e+00   8.9794263057410717e-01   1.9791529327630997e+00  -3.0595479612238705e+00   3.3755662336479872e+00   3.0017281332984567e+00
   1.3226804230362177e+00  -1.8091550208628178e+00  -1.9737973045557737e+00   8.9824922103434801e-01   1.9793360065668821e+00  -3.0594134875573218e+00   3.3756477341521531e+00   3.0015559950843453e+00
   1.3231987152248621e+00  -1.8086791727691889e+00  -1.9736183444038033e+00   8.9855535607784986e-01   1.9795174309983850e+00  -3.0592775396071374e+00   3.3757273785304278e+00   3.0013826056383541e+00
   1.3237170334905386e+00  -1.8082038816064596e+00  -1.9734404962509871e+00   8.9886168763041496e-01   1.9796996004879475e+00  -3.0591422161087394e+00   3.3758078194223344e+00   3.0012097321450710e+00
   1.3242353703826666e+00  -1.8077291250228882e+00  -1.9732637256383896e+00   8.9916820917278528e-01   1.9798824917525053e+00  -3.0590074951760471e+00   3.3758890279568732e+00   3.0010373569093654e+00
   1.3247535806149244e+00  -1.8072531782090664e+00  -1.9730846658349037e+00   8.9947429392486811e-01   1.9800638081505895e+00  -3.0588713674806058e+00   3.3759684658143669e+00   3.0008637872524568e+00
   1.3252718094736338e+00  -1.8067777715623379e+00  -1.9729066882282495e+00   8.9978057052940130e-01   1.9802458519116044e+00  -3.0587358465418220e+00   3.3760486766695976e+00   3.0006907181814313e+00
   1.3257900606840849e+00  -1.8063029050827026e+00  -1.9727297946810722e+00   9.0008703898638487e-01   1.9804286211729050e+00  -3.0586009314283729e+00   3.3761296607553959e+00   3.0005181506276122e+00
   1.3263081852346659e+00  -1.8058268465101719e+00  -1.9725506110116839e+00   9.0039306972175837e-01   1.9806098146364093e+00  -3.0584646095521748e+00   3.3762088729999959e+00   3.0003443877212703e+00
   1.3268263284116983e+00  -1.8053513262420893e+00  -1.9723725095391273e+00   9.0069929230958223e-01   1.9807917345315218e+00  -3.0583288944326341e+00   3.3762888589408249e+00   3.0001711263321331e+00
   1.3273444939404726e+00  -1.8048763498663902e+00  -1.9721954911947250e+00   9.0100570768117905e-01   1.9809743817895651e+00  -3.0581937851384282e+00   3.3763696178793907e+00   2.9999983655288807e+00
   1.3278625328093767e+00  -1.8044001795351505e+00  -1.9720161864534020e+00   9.0131168439984322e-01   1.9811554532498121e+00  -3.0580572704784572e+00   3.3764486066065729e+00   2.9998244117014119e+00
   1.3283805903047323e+00  -1.8039245456457138e+00  -1.9718379555270076e+00   9.0161785297095776e-01   1.9813372464850545e+00  -3.0579213569872081e+00   3.3765283625107259e+00   2.9996509547345340e+00
   1.3288986701518297e+00  -1.8034494668245316e+00  -1.9716608375310898e+00   9.0192421898245811e-01   1.9815197875723243e+00  -3.0577860670164227e+00   3.3766089135315269e+00   2.9994780123233786e+00
   1.3294166158884764e+00  -1.8029731400310993e+00  -1.9714813195168972e+00   9.0223012492060661e-01   1.9817006746307015e+00  -3.0576493060216308e+00   3.3766876105219126e+00   2.9993038214743146e+00
   1.3299346026033163e+00  -1.8024975638836622e+00  -1.9713032934814692e+00   9.0253630094230175e-01   1.9818825693801045e+00  -3.0575133943930268e+00   3.3767673894762993e+00   2.9991303370334208e+00
   1.3304525408893824e+00  -1.8020217455923557e+00  -1.9711248250678182e+00   9.0284238383173943e-01   1.9820641484111547e+00  -3.0573771786876023e+00   3.3768467891495675e+00   2.9989565857686102e+00
   1.3309704568237066e+00  -1.8015459273010492e+00  -1.9709463939070702e+00   9.0314846206456423e-01   1.9822457404807210e+00  -3.0572409452870488e+00   3.3769261743873358e+00   2.9987828102894127e+00
   1.3314883466809988e+00  -1.8010701164603233e+00  -1.9707680027931929e+00   9.0345453843474388e-01   1.9824273465201259e+00  -3.0571046955883503e+00   3.3770055451896042e+00   2.9986090119928130e+00
   1.3320061881095171e+00  -1.8005940597504377e+00  -1.9705891674384475e+00   9.0376052167266607e-01   1.9826086359098554e+00  -3.0569681404158473e+00   3.3770845367107540e+00   2.9984349464066327e+00
   1.3325240705162287e+00  -1.8001187536865473e+00  -1.9704118240624666e+00   9.0406677499413490e-01   1.9827909348532557e+00  -3.0568324350751936e+00   3.3771646097302437e+00   2.9982615862973026e+00
   1.3330418188124895e+00  -1.7996422015130520e+00  -1.9702320815995336e+00   9.0437256544828415e-01   1.9829715769737959e+00  -3.0566952591761947e+00   3.3772428296506405e+00   2.9980869786813855e+00
   1.3335595894604921e+00  -1.7991662025451660e+00  -1.9700534520670772e+00   9.0467855706810951e-01   1.9831529688090086e+00  -3.0565587063319981e+00   3.3773218442220241e+00   2.9979128860868522e+00
   1.3340773824602365e+00  -1.7986907400190830e+00  -1.9698758963495493e+00   9.0498474054038525e-01   1.9833350842818618e+00  -3.0564227537252009e+00   3.3774016250390559e+00   2.9977392884902665e+00
   1.3345950413495302e+00  -1.7982140854001045e+00  -1.9696960533037782e+00   9.0529048070311546e-01   1.9835156193003058e+00  -3.0562853980809450e+00   3.3774796370416880e+00   2.9975645006634295e+00
   1.3351127263158560e+00  -1.7977379728108644e+00  -1.9695172943174839e+00   9.0559641644358635e-01   1.9836968835443258e+00  -3.0561486473307014e+00   3.3775584220420569e+00   2.9973902124911547e+00
   1.3356304336339235e+00  -1.7972624003887177e+00  -1.9693396147340536e+00   9.0590254683047533e-01   1.9838788770139217e+00  -3.0560125005431473e+00   3.3776379777118564e+00   2.9972164225764582e+00
   1.3361480068415403e+00  -1.7967856377363205e+00  -1.9691596562042832e+00   9.0620823390781879e-01   1.9840592928230762e+00  -3.0558749549090862e+00   3.3777157694566995e+00   2.9970414456911385e+00
   1.3366656024008989e+00  -1.7963094022125006e+00  -1.9689807491376996e+00   9.0651411097496748e-01   1.9842404183000326e+00  -3.0557379955425858e+00   3.3777943104505539e+00   2.9968669526278982e+00
   1.3371832277625799e+00  -1.7958337627351284e+00  -1.9688030350953341e+00   9.0682020410895348e-01   1.9844223493710160e+00  -3.0556017071940005e+00   3.3778737082611769e+00   2.9966930146329105e+00
   1.3377006966620684e+00  -1.7953567206859589e+00  -1.9686226192861795e+00   9.0712577290832996e-01   1.9846024122089148e+00  -3.0554637690074742e+00   3.3779510227032006e+00   2.9965176782570770e+00
   1.3382182661443949e+00  -1.7948810141533613e+00  -1.9684448381885886e+00   9.0743183437734842e-01   1.9847842724993825e+00  -3.0553273600526154e+00   3.3780302810482681e+00   2.9963436187244943e+00
   1.3387357424944639e+00  -1.7944045979529619e+00  -1.9682657076045871e+00   9.0773762762546539e-01   1.9849651930853724e+00  -3.0551901082508266e+00   3.3781084783840925e+00   2.9961688411422074e+00
   1.3392531517893076e+00  -1.7939277272671461e+00  -1.9680857174098492e+00   9.0804324764758348e-01   1.9851455101743340e+00  -3.0550523023121059e+00   3.3781859814189374e+00   2.9959935871884236e+00
   1.3397705908864737e+00  -1.7934514470398426e+00  -1.9679069090634584e+00   9.0834908187389374e-01   1.9853266254067421e+00  -3.0549151618033648e+00   3.3782643328886479e+00   2.9958188827149579e+00
   1.3402879666537046e+00  -1.7929747626185417e+00  -1.9677273491397500e+00   9.0865476243197918e-01   1.9855072125792503e+00  -3.0547775328159332e+00   3.3783420734107494e+00   2.9956437586806715e+00
   1.3408053908497095e+00  -1.7924988716840744e+00  -1.9675493650138378e+00   9.0896073356270790e-01   1.9856888698413968e+00  -3.0546408016234636e+00   3.3784209582954645e+00   2.9954693792387843e+00
   1.3413226734846830e+00  -1.7920217253267765e+00  -1.9673689603805542e+00   9.0926623251289129e-01   1.9858688507229090e+00  -3.0545025900937617e+00   3.3784979730844498e+00   2.9952937453053892e+00
   1.3418399784713984e+00  -1.7915451359003782e+00  -1.9671896724030375e+00   9.0957193449139595e-01   1.9860495869070292e+00  -3.0543650025501847e+00   3.3785757862497121e+00   2.9951186263933778e+00
   1.3423573132604361e+00  -1.7910690791904926e+00  -1.9670114573091269e+00   9.0987783204764128e-01   1.9862310467287898e+00  -3.0542280133813620e+00   3.3786543647293001e+00   2.9949440015479913e+00
   1.3428745064884424e+00  -1.7905918359756470e+00  -1.9668309586122632e+00   9.1018328070640564e-01   1.9864109233021736e+00  -3.0540896249003708e+00   3.3787311757914722e+00   2.9947681888006628e+00
   1.3433917276561260e+00  -1.7901151310652494e+00  -1.9666515411809087e+00   9.1048892773687840e-01   1.9865915309637785e+00  -3.0539518389850855e+00   3.3788087582215667e+00   2.9945928747765711e+00
   1.3439089730381966e+00  -1.7896389663219452e+00  -1.9664732040837407e+00   9.1079477220773697e-01   1.9867728706449270e+00  -3.0538146570324898e+00   3.3788871129509062e+00   2.9944180576130739e+00
   1.3444260805845261e+00  -1.7891616113483906e+00  -1.9662925815209746e+00   9.1110016591846943e-01   1.9869526233524084e+00  -3.0536760743707418e+00   3.3789636984001845e+00   2.9942420534789553e+00
   1.3449432142078876e+00  -1.7886847946792841e+00  -1.9661130392923951e+00   9.1140575706958771e-01   1.9871331062167883e+00  -3.0535380947403610e+00   3.3790410552173853e+00   2.9940665462054303e+00
   1.3454603720456362e+00  -1.7882085181772709e+00  -1.9659345792606473e+00   9.1171154752373695e-01   1.9873143229633570e+00  -3.0534007176756859e+00   3.3791191838681698e+00   2.9938915367238215e+00
   1.3459773939102888e+00  -1.7877310533076525e+00  -1.9657538346946239e+00   9.1201688721776009e-01   1.9874939527362585e+00  -3.0532619422301650e+00   3.3791955448687077e+00   2.9937153412029138e+00
   1.3464944381266832e+00  -1.7872541248798370e+00  -1.9655741648748517e+00   9.1232242435216904e-01   1.9876743089407682e+00  -3.0531237651593983e+00   3.3792726721148938e+00   2.9935396392829716e+00
   1.3470115102827549e+00  -1.7867777496576309e+00  -1.9653956042602658e+00   9.1262816451489925e-01   1.9878554185852408e+00  -3.0529862083494663e+00   3.3793505928479135e+00   2.9933644491247824e+00
   1.3475284390151501e+00  -1.7863001301884651e+00  -1.9652146492153406e+00   9.1293343156576157e-01   1.9880348639562726e+00  -3.0528471870347857e+00   3.3794266621116549e+00   2.9931880170479426e+00
   1.3480454143136740e+00  -1.7858232576400042e+00  -1.9650351824238896e+00   9.1323897801339626e-01   1.9882153235375881e+00  -3.0527090113610029e+00   3.3795038112439215e+00   2.9930122871883222e+00
   1.3485623393207788e+00  -1.7853461429476738e+00  -1.9648552741855383e+00   9.1354442667216063e-01   1.9883954646065831e+00  -3.0525705316103995e+00   3.3795805815607309e+00   2.9928362914361060e+00
   1.3490792382508516e+00  -1.7848690338432789e+00  -1.9646754032000899e+00   9.1384987346827984e-01   1.9885756205767393e+00  -3.0524320346303284e+00   3.3796573374420404e+00   2.9926602724008271e+00
   1.3495961129665375e+00  -1.7843919284641743e+00  -1.9644955731928349e+00   9.1415531747043133e-01   1.9887557895854115e+00  -3.0522935218177736e+00   3.3797340793535113e+00   2.9924842291511604e+00
   1.3501129392534494e+00  -1.7839145790785551e+00  -1.9643152989447117e+00   9.1446066461503506e-01   1.9889356400817633e+00  -3.0521547044627368e+00   3.3798104412853718e+00   2.9923079209402204e+00
   1.3506298102438450e+00  -1.7834379766136408e+00  -1.9641365129500628e+00   9.1476629115641117e-01   1.9891165057197213e+00  -3.0520167308859527e+00   3.3798878826200962e+00   2.9921323121525347e+00
   1.3511465378105640e+00  -1.7829601336270571e+00  -1.9639553353190422e+00   9.1507144365459681e-01   1.9892957061529160e+00  -3.0518772965297103e+00   3.3799634750466794e+00   2.9919554656371483e+00
   1.3516632914543152e+00  -1.7824828438460827e+00  -1.9637752659618855e+00   9.1537680011242628e-01   1.9894756609573960e+00  -3.0517384805716574e+00   3.3800398593302816e+00   2.9917791290208697e+00
   1.3521800730377436e+00  -1.7820060849189758e+00  -1.9635962685570121e+00   9.1568235587328672e-01   1.9896563421934843e+00  -3.0516002611257136e+00   3.3801170086953789e+00   2.9916032841429105e+00
   1.3526967111974955e+00  -1.7815281432121992e+00  -1.9634149912744761e+00   9.1598745621740818e-01   1.9898354355245829e+00  -3.0514606460928917e+00   3.3801923925057054e+00   2.9914262569509438e+00
   1.3532133791595697e+00  -1.7810507379472256e+00  -1.9632347924634814e+00   9.1629275679588318e-01   1.9900152608752251e+00  -3.0513216326944530e+00   3.3802685469854623e+00   2.9912497252225867e+00
   1.3537300713360310e+00  -1.7805738709867001e+00  -1.9630556730553508e+00   9.1659825854003429e-01   1.9901958210393786e+00  -3.0511832199990749e+00   3.3803454716689885e+00   2.9910736884921789e+00
   1.3542466219514608e+00  -1.7800958212465048e+00  -1.9628742747008801e+00   9.1690330486744642e-01   1.9903747905045748e+00  -3.0510434131138027e+00   3.3804206314962357e+00   2.9908964703790843e+00
   1.3547632005065680e+00  -1.7796183042228222e+00  -1.9626939464360476e+00   9.1720855049788952e-01   1.9905544891953468e+00  -3.0509042013436556e+00   3.3804965554736555e+00   2.9907197435386470e+00
   1.3552798070013523e+00  -1.7791413404047489e+00  -1.9625147273764014e+00   9.1751400195062160e-01   1.9907349422574043e+00  -3.0507656089030206e+00   3.3805732724722475e+00   2.9905435265973210e+00
   1.3557962663471699e+00  -1.7786631323397160e+00  -1.9623331166803837e+00   9.1781897470355034e-01   1.9909137273207307e+00  -3.0506255556829274e+00   3.3806481396313757e+00   2.9903660723939547e+00
   1.3563127722591162e+00  -1.7781856730580330e+00  -1.9621529942378402e+00   9.1812422964721918e-01   1.9910935284569860e+00  -3.0504863448441029e+00   3.3807240852620453e+00   2.9901893166825184e+00
   1.3568292297422886e+00  -1.7777079716324806e+00  -1.9619724294170737e+00   9.1842938680201769e-01   1.9912730110809207e+00  -3.0503468322567642e+00   3.3807996532414109e+00   2.9900122974067935e+00
   1.3573456611484289e+00  -1.7772302739322186e+00  -1.9617919018492103e+00   9.1873454209417105e-01   1.9914525076746941e+00  -3.0502073019742966e+00   3.3808752060867846e+00   2.9898352534510186e+00
   1.3578620683401823e+00  -1.7767525818198919e+00  -1.9616114143282175e+00   9.1903969459235668e-01   1.9916320191696286e+00  -3.0500677544623613e+00   3.3809507440309972e+00   2.9896581857465208e+00
   1.3583784252405167e+00  -1.7762746438384056e+00  -1.9614304844290018e+00   9.1934474930167198e-01   1.9918112102895975e+00  -3.0499279038049281e+00   3.3810259036254138e+00   2.9894808535464099e+00
   1.3588948305696249e+00  -1.7757974546402693e+00  -1.9612510418519378e+00   9.1965008713304996e-01   1.9919914193451405e+00  -3.0497888955287635e+00   3.3811021412257105e+00   2.9893042189069083e+00
   1.3594110868871212e+00  -1.7753190267831087e+00  -1.9610692076385021e+00   9.1995494347065687e-01   1.9921699594706297e+00  -3.0496484288014472e+00   3.3811765303835273e+00   2.9891263497993359e+00
   1.3599273711442947e+00  -1.7748411484062672e+00  -1.9608884826302528e+00   9.2026000842452049e-01   1.9923492548987269e+00  -3.0495085790753365e+00   3.3812517120968550e+00   2.9889489891938874e+00
   1.3604436833411455e+00  -1.7743638046085835e+00  -1.9607088277116418e+00   9.2056527361273766e-01   1.9925292795524001e+00  -3.0493693244643509e+00   3.3813276570290327e+00   2.9887721179984501e+00
   1.3609598521143198e+00  -1.7738852761685848e+00  -1.9605268947780132e+00   9.2087007965892553e-01   1.9927077107131481e+00  -3.0492286775261164e+00   3.3814018385019153e+00   2.9885940686799577e+00
   1.3614760488271713e+00  -1.7734072878956795e+00  -1.9603460393846035e+00   9.2117508873343468e-01   1.9928868776187301e+00  -3.0490886303596199e+00   3.3814767892472446e+00   2.9884165129624298e+00
   1.3619922753423452e+00  -1.7729298323392868e+00  -1.9601662652567029e+00   9.2148029990494251e-01   1.9930667812004685e+00  -3.0489491834305227e+00   3.3815525101963431e+00   2.9882394508458683e+00
   1.3625083547085524e+00  -1.7724511958658695e+00  -1.9599842084571719e+00   9.2178505007177591e-01   1.9932450884953141e+00  -3.0488083437085152e+00   3.3816264660563320e+00   2.9880612101405868e+00
   1.3630244620144367e+00  -1.7719730958342552e+00  -1.9598032310605049e+00   9.2209000326693058e-01   1.9934241315349936e+00  -3.0486681028269231e+00   3.3817011914215982e+00   2.9878834625706077e+00
   1.3635405991226435e+00  -1.7714955322444439e+00  -1.9596233312040567e+00   9.2239516042172909e-01   1.9936039112508297e+00  -3.0485284603200853e+00   3.3817766853608191e+00   2.9877062072046092e+00
   1.3640565909445286e+00  -1.7710167877376080e+00  -1.9594411542639136e+00   9.2269985470920801e-01   1.9937820956110954e+00  -3.0483874278143048e+00   3.3818504167720675e+00   2.9875277755782017e+00
   1.3645726107060909e+00  -1.7705385759472847e+00  -1.9592600483447313e+00   9.2300475202500820e-01   1.9939610110595822e+00  -3.0482469904236495e+00   3.3819249121006578e+00   2.9873498333618045e+00
   1.3650886602699757e+00  -1.7700609136372805e+00  -1.9590800488367677e+00   9.2330985888838768e-01   1.9941406827419996e+00  -3.0481071681715548e+00   3.3820001981221139e+00   2.9871723982505509e+00
   1.3656045589596033e+00  -1.7695820145308971e+00  -1.9588976614177227e+00   9.2361448053270578e-01   1.9943186817690730e+00  -3.0479658902622759e+00   3.3820736375637352e+00   2.9869937314651906e+00
   1.3661205060780048e+00  -1.7691038586199284e+00  -1.9587167594581842e+00   9.2391938716173172e-01   1.9944977024570107e+00  -3.0478254524059594e+00   3.3821481538470834e+00   2.9868157599121332e+00
   1.3666364029049873e+00  -1.7686254624277353e+00  -1.9585354151204228e+00   9.2422419693320990e-01   1.9946764009073377e+00  -3.0476847128011286e+00   3.3822222920134664e+00   2.9866375252604485e+00
   1.3671522755175829e+00  -1.7681470699608326e+00  -1.9583541108295321e+00   9.2452900297939777e-01   1.9948551142588258e+00  -3.0475439555011690e+00   3.3822964155115187e+00   2.9864592659287146e+00
   1.3676681220531464e+00  -1.7676686849445105e+00  -1.9581728437915444e+00   9.2483380716294050e-01   1.9950338415801525e+00  -3.0474031809717417e+00   3.3823705236427486e+00   2.9862809828482577e+00
   1.3681839182972908e+00  -1.7671900540590286e+00  -1.9579911362379789e+00   9.2513851262629032e-01   1.9952122485265136e+00  -3.0472621042281389e+00   3.3824442538898438e+00   2.9861024357378474e+00
   1.3686997666954994e+00  -1.7667121700942516e+00  -1.9578109132125974e+00   9.2544350400567055e-01   1.9953916780650616e+00  -3.0471218675374985e+00   3.3825190609786659e+00   2.9859245843254021e+00
   1.3692154586315155e+00  -1.7662330493330956e+00  -1.9576283032074571e+00   9.2574800830334425e-01   1.9955694312229753e+00  -3.0469801756553352e+00   3.3825920217204839e+00   2.9857455021701762e+00
   1.3697311840951443e+00  -1.7657544799149036e+00  -1.9574467996135354e+00   9.2605272307991982e-01   1.9957479415461421e+00  -3.0468390993773937e+00   3.3826657733879983e+00   2.9855669261887678e+00
   1.3702469374984503e+00  -1.7652764394879341e+00  -1.9572663661092520e+00   9.2635764367878437e-01   1.9959271857514977e+00  -3.0466986163519323e+00   3.3827402875758708e+00   2.9853888386860490e+00
   1.3707625437527895e+00  -1.7647972200065851e+00  -1.9570836564525962e+00   9.2666209675371647e-01   1.9961048318073153e+00  -3.0465567451901734e+00   3.3828130401670933e+00   2.9852095763199022e+00
   1.3712781798094511e+00  -1.7643185369670391e+00  -1.9569020234048367e+00   9.2696675471961498e-01   1.9962832136079669e+00  -3.0464154719375074e+00   3.3828865613322705e+00   2.9850308061577371e+00
   1.3717938438057899e+00  -1.7638403903692961e+00  -1.9567214688286185e+00   9.2727162130177021e-01   1.9964623358100653e+00  -3.0462747961282730e+00   3.3829608510714024e+00   2.9848525272682309e+00
   1.3723093606531620e+00  -1.7633610647171736e+00  -1.9565386371687055e+00   9.2757601756602526e-01   1.9966398561373353e+00  -3.0461327317170799e+00   3.3830333780497313e+00   2.9846730739809564e+00
   1.3728249073028564e+00  -1.7628822699189186e+00  -1.9563568802550435e+00   9.2788062058389187e-01   1.9968181150034070e+00  -3.0459912638179958e+00   3.3831066724378616e+00   2.9844941110350192e+00
   1.3733404837548733e+00  -1.7624040171504021e+00  -1.9561762083321810e+00   9.2818543221801519e-01   1.9969971161335707e+00  -3.0458503970876336e+00   3.3831807402893901e+00   2.9843156430870295e+00
   1.3738559111952782e+00  -1.7619245704263449e+00  -1.9559932304546237e+00   9.2848976980894804e-01   1.9971744976937771e+00  -3.0457081268541515e+00   3.3832530248910189e+00   2.9841359872370949e+00
   1.3743713721632957e+00  -1.7614457085728645e+00  -1.9558114334940910e+00   9.2879433371126652e-01   1.9973526895046234e+00  -3.0455665136687458e+00   3.3833261549007148e+00   2.9839568734169006e+00
   1.3748868443071842e+00  -1.7609671894460917e+00  -1.9556303340941668e+00   9.2909902799874544e-01   1.9975313544273376e+00  -3.0454252730123699e+00   3.3833997666370124e+00   2.9837780618108818e+00
   1.3754022419452667e+00  -1.7604882158339024e+00  -1.9554483741521835e+00   9.2940353974699974e-01   1.9977094065397978e+00  -3.0452834833413363e+00   3.3834726852364838e+00   2.9835987798869601e+00
   1.3759175650775433e+00  -1.7600087877362967e+00  -1.9552655555307865e+00   9.2970786709338427e-01   1.9978868467733264e+00  -3.0451411455869675e+00   3.3835449116304517e+00   2.9834190299734473e+00
   1.3764328993856907e+00  -1.7595297023653984e+00  -1.9550834335386753e+00   9.3001232482492924e-01   1.9980647610500455e+00  -3.0449991789646447e+00   3.3836176190525293e+00   2.9832395799458018e+00
   1.3769482709467411e+00  -1.7590512018650770e+00  -1.9549024906009436e+00   9.3031701073050499e-01   1.9982434855774045e+00  -3.0448578693903983e+00   3.3836911716498435e+00   2.9830606719478974e+00
   1.3774634879082441e+00  -1.7585715092718601e+00  -1.9547192445024848e+00   9.3062121979892254e-01   1.9984205877408385e+00  -3.0447151577100158e+00   3.3837629412300885e+00   2.9828805783763537e+00
   1.3779787365347147e+00  -1.7580923549830914e+00  -1.9545370815321803e+00   9.3092563841491938e-01   1.9985984340310097e+00  -3.0445730462670326e+00   3.3838354845065624e+00   2.9827009774744502e+00
   1.3784940168261528e+00  -1.7576137352734804e+00  -1.9543559942394495e+00   9.3123026564717293e-01   1.9987770197913051e+00  -3.0444315304048359e+00   3.3839087947271764e+00   2.9825218673795471e+00
   1.3790091462433338e+00  -1.7571339365094900e+00  -1.9541726307943463e+00   9.3153441976755857e-01   1.9989540018141270e+00  -3.0442886287346482e+00   3.3839803431183100e+00   2.9823415847495198e+00
   1.3795243054628372e+00  -1.7566546741873026e+00  -1.9539903448894620e+00   9.3183878250420094e-01   1.9991317242383957e+00  -3.0441463231109083e+00   3.3840526596177369e+00   2.9821617919951677e+00
   1.3800394963473082e+00  -1.7561759445816278e+00  -1.9538091346621513e+00   9.3214335385710001e-01   1.9993101852014661e+00  -3.0440046130679548e+00   3.3841257432941347e+00   2.9819824900478116e+00
   1.3805545344948769e+00  -1.7556960377842188e+00  -1.9536256520077586e+00   9.3244745302945375e-01   1.9994870442897081e+00  -3.0438615195453167e+00   3.3841970672365278e+00   2.9818020174279809e+00
   1.3810696043074131e+00  -1.7552166637033224e+00  -1.9534432357177138e+00   9.3275175802409649e-01   1.9996646381914616e+00  -3.0437190169468522e+00   3.3842691532336175e+00   2.9816220309585333e+00
   1.3815847076475620e+00  -1.7547378372400999e+00  -1.9532619249075651e+00   9.3305627908557653e-01   1.9998429911211133e+00  -3.0435771266929805e+00   3.3843420275952667e+00   2.9814425474032760e+00
   1.3820996526628733e+00  -1.7542577814310789e+00  -1.9530782373622060e+00   9.3336030375212431e-01   2.0000196676701307e+00  -3.0434337905608118e+00   3.3844130635261536e+00   2.9812618428841233e+00
   1.3826146498322487e+00  -1.7537784539163113e+00  -1.9528960036113858e+00   9.3366461712867022e-01   2.0001973500475287e+00  -3.0432912739925086e+00   3.3844851527828723e+00   2.9810818154364824e+00
   1.3831296004354954e+00  -1.7532989401370287e+00  -1.9527134345844388e+00   9.3396885041147470e-01   2.0003747846931219e+00  -3.0431485190056264e+00   3.3845569442491978e+00   2.9809015775099406e+00
   1.3836445044726133e+00  -1.7528192307800055e+00  -1.9525305163115263e+00   9.3427300173789263e-01   2.0005519613623619e+00  -3.0430055176839232e+00   3.3846284272149205e+00   2.9807211235165596e+00
   1.3841594643890858e+00  -1.7523402627557516e+00  -1.9523490797728300e+00   9.3457744736224413e-01   2.0007301652804017e+00  -3.0428633508272469e+00   3.3847009851597250e+00   2.9805413596332073e+00
   1.3846742548048496e+00  -1.7518600169569254e+00  -1.9521651668474078e+00   9.3488137330859900e-01   2.0009066183120012e+00  -3.0427196812815964e+00   3.3847716285381466e+00   2.9803603263571858e+00
   1.3851891048252583e+00  -1.7513805106282234e+00  -1.9519827365875244e+00   9.3518559448421001e-01   2.0010840985924006e+00  -3.0425768462009728e+00   3.3848433461971581e+00   2.9801799822598705e+00
   1.3857039064168930e+00  -1.7509008143097162e+00  -1.9517999589443207e+00   9.3548973370343447e-01   2.0012613236904144e+00  -3.0424337666481733e+00   3.3849147576838732e+00   2.9799994248896828e+00
   1.3862186595797539e+00  -1.7504209280014038e+00  -1.9516168432310224e+00   9.3579379376024008e-01   2.0014382973313332e+00  -3.0422904463484883e+00   3.3849858690518886e+00   2.9798186542466283e+00
   1.3867334686219692e+00  -1.7499417681246996e+00  -1.9514351822435856e+00   9.3609814252704382e-01   2.0016162795946002e+00  -3.0421479442156851e+00   3.3850580335129052e+00   2.9796385606750837e+00
   1.3872481137514114e+00  -1.7494613844901323e+00  -1.9512511445209384e+00   9.3640199210494757e-01   2.0017925817519426e+00  -3.0420039999298751e+00   3.3851283609401435e+00   2.9794572480022916e+00
   1.3877627961337566e+00  -1.7489815447479486e+00  -1.9510682104155421e+00   9.3670605774968863e-01   2.0019696447998285e+00  -3.0418606661260128e+00   3.3851994762662798e+00   2.9792764382436872e+00
   1.3882775120437145e+00  -1.7485022377222776e+00  -1.9508863463997841e+00   9.3701033387333155e-01   2.0021474463865161e+00  -3.0417179223150015e+00   3.3852713529486209e+00   2.9790961118414989e+00
   1.3887920677661896e+00  -1.7480217535048723e+00  -1.9507022090256214e+00   9.3731413129717112e-01   2.0023236386477947e+00  -3.0415737982839346e+00   3.3853414712939411e+00   2.9789146203547725e+00
   1.3893066607415676e+00  -1.7475418057292700e+00  -1.9505191473290324e+00   9.3761814106255770e-01   2.0025005750358105e+00  -3.0414302679710090e+00   3.3854123563505709e+00   2.9787336150184265e+00
   1.3898212835192680e+00  -1.7470623888075352e+00  -1.9503371603786945e+00   9.3792236223816872e-01   2.0026782518252730e+00  -3.0412873309105635e+00   3.3854840071871877e+00   2.9785530986264348e+00
   1.3903357535600662e+00  -1.7465817984193563e+00  -1.9501529019325972e+00   9.3822610285133123e-01   2.0028543211519718e+00  -3.0411430145613849e+00   3.3855539001524448e+00   2.9783714152872562e+00
   1.3908502534031868e+00  -1.7461017388850451e+00  -1.9499697117134929e+00   9.3853005487471819e-01   2.0030311271548271e+00  -3.0409992872737348e+00   3.3856245542410761e+00   2.9781902162358165e+00
   1.3913647886365652e+00  -1.7456222269684076e+00  -1.9497876260429621e+00   9.3883422482758760e-01   2.0032086977735162e+00  -3.0408561704680324e+00   3.3856959971599281e+00   2.9780095200985670e+00
   1.3918791599571705e+00  -1.7451414857059717e+00  -1.9496031589806080e+00   9.3913789186626673e-01   2.0033845808357000e+00  -3.0407116096466780e+00   3.3857655986212194e+00   2.9778276029974222e+00
   1.3923935890197754e+00  -1.7446614820510149e+00  -1.9494201717898250e+00   9.3944185506552458e-01   2.0035614930093288e+00  -3.0405678809620440e+00   3.3858362725004554e+00   2.9776463741436592e+00
   1.3929079659283161e+00  -1.7441812418401241e+00  -1.9492367450147867e+00   9.3974571581929922e-01   2.0037380810827017e+00  -3.0404238528572023e+00   3.3859065691940486e+00   2.9774648845195761e+00
   1.3934223167598248e+00  -1.7437010034918785e+00  -1.9490533573552966e+00   9.4004957657307386e-01   2.0039146859198809e+00  -3.0402798070572317e+00   3.3859768514521420e+00   2.9772833697497845e+00
   1.3939366415143013e+00  -1.7432207725942135e+00  -1.9488700088113546e+00   9.4035343360155821e-01   2.0040913037955761e+00  -3.0401357440277934e+00   3.3860471183434129e+00   2.9771018307656050e+00
   1.3944509141147137e+00  -1.7427403014153242e+00  -1.9486862188205123e+00   9.4065718818455935e-01   2.0042675994336605e+00  -3.0399913801811635e+00   3.3861170071177185e+00   2.9769200300797820e+00
   1.3949652425944805e+00  -1.7422605659812689e+00  -1.9485039096325636e+00   9.4096124265342951e-01   2.0044449241831899e+00  -3.0398478484712541e+00   3.3861879687756300e+00   2.9767389176413417e+00
   1.3954794071614742e+00  -1.7417796086519957e+00  -1.9483192218467593e+00   9.4126478955149651e-01   2.0046205604448915e+00  -3.0397028750739992e+00   3.3862570908386260e+00   2.9765565870329729e+00
   1.3959936089813709e+00  -1.7412991952151060e+00  -1.9481356358155608e+00   9.4156855624169111e-01   2.0047969613224268e+00  -3.0395585107617080e+00   3.3863270003348589e+00   2.9763747574761510e+00
   1.3965078406035900e+00  -1.7408193070441484e+00  -1.9479531170800328e+00   9.4187253620475531e-01   2.0049740998074412e+00  -3.0394147341139615e+00   3.3863976695574820e+00   2.9761934094130993e+00
   1.3970219157636166e+00  -1.7403382528573275e+00  -1.9477683287113905e+00   9.4217603188008070e-01   2.0051496271044016e+00  -3.0392695809714496e+00   3.3864665823057294e+00   2.9760108990594754e+00
   1.3975360244512558e+00  -1.7398577295243740e+00  -1.9475846150889993e+00   9.4247974082827568e-01   2.0053258994594216e+00  -3.0391250196844339e+00   3.3865362612996250e+00   2.9758288739249119e+00
   1.3980501703917980e+00  -1.7393777351826429e+00  -1.9474019752815366e+00   9.4278366584330797e-01   2.0055029159411788e+00  -3.0389810507185757e+00   3.3866067056078464e+00   2.9756473358720541e+00
   1.3985641524195671e+00  -1.7388965748250484e+00  -1.9472170677036047e+00   9.4308710377663374e-01   2.0056783203035593e+00  -3.0388357052579522e+00   3.3866753934416920e+00   2.9754646355286241e+00
   1.3990781717002392e+00  -1.7384159397333860e+00  -1.9470332255586982e+00   9.4339075591415167e-01   2.0058544622734189e+00  -3.0386909469962120e+00   3.3867448412347585e+00   2.9752824176102877e+00
   1.3995922282338142e+00  -1.7379358503967524e+00  -1.9468504860997200e+00   9.4369462784379721e-01   2.0060313716530800e+00  -3.0385467982850969e+00   3.3868150764610618e+00   2.9751006998121738e+00
   1.4001061152666807e+00  -1.7374545373022556e+00  -1.9466653689742088e+00   9.4399799127131701e-01   2.0062065878883004e+00  -3.0384012083522975e+00   3.3868834720924497e+00   2.9749177647754550e+00
   1.4006200619041920e+00  -1.7369739618152380e+00  -1.9464817298576236e+00   9.4430165551602840e-01   2.0063828369602561e+00  -3.0382564491592348e+00   3.3869529396761209e+00   2.9747355161234736e+00
   1.4011339545249939e+00  -1.7364931460469961e+00  -1.9462976520881057e+00   9.4460521638393402e-01   2.0065587619319558e+00  -3.0381113905459642e+00   3.3870220303069800e+00   2.9745530067011714e+00
   1.4016478210687637e+00  -1.7360123358666897e+00  -1.9461136134341359e+00   9.4490877632051706e-01   2.0067347018048167e+00  -3.0379663142375648e+00   3.3870911058038473e+00   2.9743704730644813e+00
   1.4021616652607918e+00  -1.7355315312743187e+00  -1.9459296120330691e+00   9.4521233253180981e-01   2.0069106547161937e+00  -3.0378212202340364e+00   3.3871601650025696e+00   2.9741879152134061e+00
   1.4026754535734653e+00  -1.7350504864007235e+00  -1.9457451719790697e+00   9.4551578629761934e-01   2.0070862863212824e+00  -3.0376758272759616e+00   3.3872288484126329e+00   2.9740050965920091e+00
   1.4031892996281385e+00  -1.7345701809972525e+00  -1.9455622108653188e+00   9.4581954274326563e-01   2.0072629507631063e+00  -3.0375312641263008e+00   3.3872986037749797e+00   2.9738229624927053e+00
   1.4037029780447483e+00  -1.7340886481106281e+00  -1.9453768711537123e+00   9.4612278603017330e-01   2.0074379192665219e+00  -3.0373852606862783e+00   3.3873665183782578e+00   2.9736396139487615e+00
   1.4042166955769062e+00  -1.7336076628416777e+00  -1.9451926350593567e+00   9.4642625283449888e-01   2.0076136556454003e+00  -3.0372398667968810e+00   3.3874352218117565e+00   2.9734567655250421e+00
   1.4047304466366768e+00  -1.7331272047013044e+00  -1.9450094643980265e+00   9.4672993384301662e-01   2.0077901333570480e+00  -3.0370950587093830e+00   3.3875046840403229e+00   2.9732743967324504e+00
   1.4052440337836742e+00  -1.7326455749571323e+00  -1.9448240250349045e+00   9.4703312497586012e-01   2.0079649933613837e+00  -3.0369488759897649e+00   3.3875723900273442e+00   2.9730908693745732e+00
   1.4057576581835747e+00  -1.7321644797921181e+00  -1.9446396604180336e+00   9.4733653310686350e-01   2.0081406012177467e+00  -3.0368032851256430e+00   3.3876408622600138e+00   2.9729078263044348e+00
   1.4062713198363781e+00  -1.7316839154809713e+00  -1.9444563696160913e+00   9.4764015916734934e-01   2.0083169559948146e+00  -3.0366582847200334e+00   3.3877100998070091e+00   2.9727252684533596e+00
   1.4067848175764084e+00  -1.7312021814286709e+00  -1.9442708101123571e+00   9.4794329255819321e-01   2.0084916907362640e+00  -3.0365119092166424e+00   3.3877775792498142e+00   2.9725415492430338e+00
   1.4072983525693417e+00  -1.7307209782302380e+00  -1.9440863244235516e+00   9.4824664387851954e-01   2.0086671742610633e+00  -3.0363661260344088e+00   3.3878458254039288e+00   2.9723583161830911e+00
   1.4078119210898876e+00  -1.7302403058856726e+00  -1.9439029088243842e+00   9.4855021405965090e-01   2.0088434037752450e+00  -3.0362209309823811e+00   3.3879148352425545e+00   2.9721755655482411e+00
   1.4083253256976604e+00  -1.7297584656625986e+00  -1.9437172291800380e+00   9.4885329063981771e-01   2.0090180151164532e+00  -3.0360743645578623e+00   3.3879820904694498e+00   2.9719916572794318e+00
   1.4088387675583363e+00  -1.7292771544307470e+00  -1.9435326159000397e+00   9.4915658514946699e-01   2.0091933691874146e+00  -3.0359283839352429e+00   3.3880501058883965e+00   2.9718082305043945e+00
   1.4093522503972054e+00  -1.7287963833659887e+00  -1.9433491015806794e+00   9.4946010317653418e-01   2.0093694897368550e+00  -3.0357830091379583e+00   3.3881189054809511e+00   2.9716252991929641e+00
   1.4098655581474304e+00  -1.7283143959939480e+00  -1.9431632161140442e+00   9.4976310431957245e-01   2.0095439180731773e+00  -3.0356362010352314e+00   3.3881858724635094e+00   2.9714411599561572e+00
   1.4103789292275906e+00  -1.7278331331908703e+00  -1.9429787881672382e+00   9.5006640721112490e-01   2.0097193657420576e+00  -3.0354902087710798e+00   3.3882538934703916e+00   2.9712576940655717e+00
   1.4108922481536865e+00  -1.7273516729474068e+00  -1.9427940016612411e+00   9.5036962348967791e-01   2.0098945461213589e+00  -3.0353439641185105e+00   3.3883215989917517e+00   2.9710740065202108e+00
   1.4114055223762989e+00  -1.7268700636923313e+00  -1.9426089506596327e+00   9.5067277271300554e-01   2.0100695258006454e+00  -3.0351975248195231e+00   3.3883890600409359e+00   2.9708901457488537e+00
   1.4119188413023949e+00  -1.7263890355825424e+00  -1.9424250731244683e+00   9.5097616221755743e-01   2.0102453264407814e+00  -3.0350517341867089e+00   3.3884573620744050e+00   2.9707068176940084e+00
   1.4124320521950722e+00  -1.7259073127061129e+00  -1.9422398600727320e+00   9.5127925556153059e-01   2.0104201659560204e+00  -3.0349051184020936e+00   3.3885246112477034e+00   2.9705227911472329e+00
   1.4129452668130398e+00  -1.7254258748143911e+00  -1.9420552300289273e+00   9.5158246438950300e-01   2.0105954073369503e+00  -3.0347588048316538e+00   3.3885922560002655e+00   2.9703390067443243e+00
   1.4134583808481693e+00  -1.7249437887221575e+00  -1.9418693603947759e+00   9.5188539661467075e-01   2.0107697537168860e+00  -3.0346117219887674e+00   3.3886589196044952e+00   2.9701545694842943e+00
   1.4139715135097504e+00  -1.7244620937854052e+00  -1.9416842870414257e+00   9.5218848902732134e-01   2.0109446546994150e+00  -3.0344650670886040e+00   3.3887261403724551e+00   2.9699704796075812e+00
   1.4144846908748150e+00  -1.7239809650927782e+00  -1.9415003610774875e+00   9.5249181892722845e-01   2.0111203566193581e+00  -3.0343190445564687e+00   3.3887941804714501e+00   2.9697869094088682e+00
   1.4149976987391710e+00  -1.7234986610710621e+00  -1.9413141487166286e+00   9.5279464591294527e-01   2.0112944217398763e+00  -3.0341716394759715e+00   3.3888604515232146e+00   2.9696021741256127e+00
   1.4155107438564301e+00  -1.7230168897658587e+00  -1.9411290129646659e+00   9.5309769455343485e-01   2.0114692398346961e+00  -3.0340248267166317e+00   3.3889274904504418e+00   2.9694179231300959e+00
   1.4160238280892372e+00  -1.7225356474518776e+00  -1.9409449473023415e+00   9.5340096391737461e-01   2.0116448053158820e+00  -3.0338786011561751e+00   3.3889952916651964e+00   2.9692341526970276e+00
   1.4165367428213358e+00  -1.7220532409846783e+00  -1.9407586185261607e+00   9.5370373502373695e-01   2.0118187493644655e+00  -3.0337310070171952e+00   3.3890613401308656e+00   2.9690492292866102e+00
   1.4170496966689825e+00  -1.7215713579207659e+00  -1.9405733551830053e+00   9.5400672499090433e-01   2.0119934370741248e+00  -3.0335839968174696e+00   3.3891281471587718e+00   2.9688647845759988e+00
   1.4175626896321774e+00  -1.7210900206118822e+00  -1.9403891908004880e+00   9.5430994220077991e-01   2.0121688954532146e+00  -3.0334375919774175e+00   3.3891957399901003e+00   2.9686808353289971e+00
   1.4180755093693733e+00  -1.7206074632704258e+00  -1.9402026543393731e+00   9.5461263693869114e-01   2.0123426518402994e+00  -3.0332897542975843e+00   3.3892614967189729e+00   2.9684956781566134e+00
   1.4185883905738592e+00  -1.7201256435364485e+00  -1.9400175940245390e+00   9.5491563994437456e-01   2.0125174466520548e+00  -3.0331427417695522e+00   3.3893283228389919e+00   2.9683112027123570e+00
   1.4191012158989906e+00  -1.7196435816586018e+00  -1.9398320931941271e+00   9.5521853864192963e-01   2.0126919145695865e+00  -3.0329954316839576e+00   3.3893947715405375e+00   2.9681264664977798e+00
   1.4196140170097351e+00  -1.7191615272313356e+00  -1.9396466314792633e+00   9.5552143547683954e-01   2.0128663983196020e+00  -3.0328481029719114e+00   3.3894612055737525e+00   2.9679417070001364e+00
   1.4201267920434475e+00  -1.7186794765293598e+00  -1.9394612116739154e+00   9.5582432858645916e-01   2.0130408979021013e+00  -3.0327007584273815e+00   3.3895276247058064e+00   2.9677569232881060e+00
   1.4206395111978054e+00  -1.7181971874088049e+00  -1.9392753494903445e+00   9.5612711738795042e-01   2.0132150710560381e+00  -3.0325531144626439e+00   3.3895936666522175e+00   2.9675718797370783e+00
   1.4211522955447435e+00  -1.7177156340330839e+00  -1.9390909634530544e+00   9.5643021725118160e-01   2.0133902826346457e+00  -3.0324062951840460e+00   3.3896607775241137e+00   2.9673875151202083e+00
   1.4216649010777473e+00  -1.7172328606247902e+00  -1.9389042062684894e+00   9.5673279091715813e-01   2.0135637912899256e+00  -3.0322580444626510e+00   3.3897260529920459e+00   2.9672019453719249e+00
   1.4221775494515896e+00  -1.7167506311088800e+00  -1.9387185480445623e+00   9.5703559275716543e-01   2.0137380710802972e+00  -3.0321103986352682e+00   3.3897921142634004e+00   2.9670168710872531e+00
   1.4226902350783348e+00  -1.7162689268589020e+00  -1.9385339543223381e+00   9.5733861625194550e-01   2.0139130963943899e+00  -3.0319633353501558e+00   3.3898589327000082e+00   2.9668322736397394e+00
   1.4232027512043715e+00  -1.7157860584557056e+00  -1.9383470984175801e+00   9.5764113776385784e-01   2.0140864960849285e+00  -3.0318149058148265e+00   3.3899239995516837e+00   2.9666465241461992e+00
   1.4237153064459562e+00  -1.7153037209063768e+00  -1.9381613126024604e+00   9.5794388093054295e-01   2.0142606464214623e+00  -3.0316670634783804e+00   3.3899898293893784e+00   2.9664612570777544e+00
   1.4242279008030891e+00  -1.7148219104856253e+00  -1.9379765987396240e+00   9.5824684854596853e-01   2.0144355478696525e+00  -3.0315198083408177e+00   3.3900564224459231e+00   2.9662764687091121e+00
   1.4247403237968683e+00  -1.7143389396369457e+00  -1.9377896217629313e+00   9.5854931138455868e-01   2.0146088222973049e+00  -3.0313711864873767e+00   3.3901212627533823e+00   2.9660905301570892e+00
   1.4252527859061956e+00  -1.7138564940541983e+00  -1.9376037148758769e+00   9.5885199774056673e-01   2.0147828478366137e+00  -3.0312231513671577e+00   3.3901868662796915e+00   2.9659050712361923e+00
   1.4257652889937162e+00  -1.7133745774626732e+00  -1.9374188780784607e+00   9.5915490761399269e-01   2.0149576240219176e+00  -3.0310757025144994e+00   3.3902532318606973e+00   2.9657200928777456e+00
   1.4262776188552380e+00  -1.7128915004432201e+00  -1.9372317800298333e+00   9.5945731364190578e-01   2.0151307736523449e+00  -3.0309268888086081e+00   3.3903178467880934e+00   2.9655339643359175e+00
   1.4267899878323078e+00  -1.7124089468270540e+00  -1.9370457455515862e+00   9.5975994039326906e-01   2.0153046697378159e+00  -3.0307786576449871e+00   3.3903832188807428e+00   2.9653483116999277e+00
   1.4273024015128613e+00  -1.7119269371032715e+00  -1.9368608109652996e+00   9.6006279904395342e-01   2.0154793383553624e+00  -3.0306310295127332e+00   3.3904493756126612e+00   2.9651631545275441e+00
   1.4278146326541901e+00  -1.7114437110722065e+00  -1.9366735052317381e+00   9.6036512777209282e-01   2.0156523003242910e+00  -3.0304819722659886e+00   3.3905136985704303e+00   2.9649767931550732e+00
   1.4283269308507442e+00  -1.7109612170606852e+00  -1.9364876747131348e+00   9.6066776942461729e-01   2.0158263030461967e+00  -3.0303337383083999e+00   3.3905790892895311e+00   2.9647911107167610e+00
   1.4288391713052988e+00  -1.7104784846305847e+00  -1.9363014046102762e+00   9.6097030490636826e-01   2.0159999793395400e+00  -3.0301852067932487e+00   3.3906441032886505e+00   2.9646051675081253e+00
   1.4293513875454664e+00  -1.7099957596510649e+00  -1.9361151736229658e+00   9.6127283759415150e-01   2.0161736705340445e+00  -3.0300366575829685e+00   3.3907091023866087e+00   2.9644192019477487e+00
   1.4298635777086020e+00  -1.7095130383968353e+00  -1.9359289817512035e+00   9.6157536841928959e-01   2.0163473775610328e+00  -3.0298880906775594e+00   3.3907740856520832e+00   2.9642332103103399e+00
   1.4303757119923830e+00  -1.7090300787240267e+00  -1.9357423512265086e+00   9.6187779400497675e-01   2.0165207576937973e+00  -3.0297392271459103e+00   3.3908386931288987e+00   2.9640469616278997e+00
   1.4308879133313894e+00  -1.7085478547960520e+00  -1.9355571959167719e+00   9.6218053344637156e-01   2.0166951799765229e+00  -3.0295911850407720e+00   3.3909043681342155e+00   2.9638613890856496e+00
   1.4313999321311712e+00  -1.7080644108355045e+00  -1.9353696675971150e+00   9.6248273923993111e-01   2.0168678923510015e+00  -3.0294417147524655e+00   3.3909682086668909e+00   2.9636746142059573e+00
   1.4319119937717915e+00  -1.7075815144926310e+00  -1.9351832419633865e+00   9.6278517879545689e-01   2.0170413805171847e+00  -3.0292928484268486e+00   3.3910328350029886e+00   2.9634883338585505e+00
   1.4324240963906050e+00  -1.7070991378277540e+00  -1.9349978771060705e+00   9.6308784186840057e-01   2.0172156156040728e+00  -3.0291445627808571e+00   3.3910982175730169e+00   2.9633025284856558e+00
   1.4329360239207745e+00  -1.7066156044602394e+00  -1.9348102537915111e+00   9.6338999550789595e-01   2.0173882199451327e+00  -3.0289949146099389e+00   3.3911618499550968e+00   2.9631155757233509e+00
   1.4334479924291372e+00  -1.7061325963586569e+00  -1.9346236987039447e+00   9.6369237545877695e-01   2.0175615772604942e+00  -3.0288458517752588e+00   3.3912262446247041e+00   2.9629291025921694e+00
   1.4339600019156933e+00  -1.7056501153856516e+00  -1.9344382137060165e+00   9.6399498172104359e-01   2.0177356880158186e+00  -3.0286973733454943e+00   3.3912914004176855e+00   2.9627431053668261e+00
   1.4344718363136053e+00  -1.7051664777100086e+00  -1.9342504693195224e+00   9.6429707668721676e-01   2.0179081680253148e+00  -3.0285475333221257e+00   3.3913548071868718e+00   2.9625559644773611e+00
   1.4349837116897106e+00  -1.7046833615750074e+00  -1.9340637875720859e+00   9.6459939796477556e-01   2.0180813958868384e+00  -3.0283982739783823e+00   3.3914189704228193e+00   2.9623692966997615e+00
   1.4354956299066544e+00  -1.7042007856070995e+00  -1.9338782038539648e+00   9.6490195207297802e-01   2.0182553986087441e+00  -3.0282496162690222e+00   3.3914839173667133e+00   2.9621831215918064e+00
   1.4360073655843735e+00  -1.7037169970571995e+00  -1.9336902527138591e+00   9.6520397067070007e-01   2.0184276904910803e+00  -3.0280995341017842e+00   3.3915470323991030e+00   2.9619957478716961e+00
   1.4365191701799631e+00  -1.7032339405268431e+00  -1.9335037739947438e+00   9.6550630591809750e-01   2.0186010254547000e+00  -3.0279502714984119e+00   3.3916112133301795e+00   2.9618090484291324e+00
   1.4370309151709080e+00  -1.7027506474405527e+00  -1.9333168566226959e+00   9.6580853313207626e-01   2.0187740325927734e+00  -3.0278007122687995e+00   3.3916750182397664e+00   2.9616220919415364e+00
   1.4375426359474659e+00  -1.7022673599421978e+00  -1.9331299792975187e+00   9.6611075941473246e-01   2.0189470569603145e+00  -3.0276511358097196e+00   3.3917388091795146e+00   2.9614351112395534e+00
   1.4380543306469917e+00  -1.7017840780317783e+00  -1.9329431410878897e+00   9.6641298383474350e-01   2.0191200952976942e+00  -3.0275015416555107e+00   3.3918025833554566e+00   2.9612481044605374e+00
   1.4385659676045179e+00  -1.7013005577027798e+00  -1.9327558623626828e+00   9.6671509929001331e-01   2.0192928058095276e+00  -3.0273516499437392e+00   3.3918659810442477e+00   2.9610608415678152e+00
   1.4390776734799147e+00  -1.7008177693933249e+00  -1.9325700579211116e+00   9.6701753325760365e-01   2.0194665621966124e+00  -3.0272025787271559e+00   3.3919304460287094e+00   2.9608742520213118e+00
   1.4395891968160868e+00  -1.7003337666392326e+00  -1.9323818860575557e+00   9.6731943078339100e-01   2.0196386044844985e+00  -3.0270520835183561e+00   3.3919930788688362e+00   2.9606864647939810e+00
   1.4401007611304522e+00  -1.6998503077775240e+00  -1.9321948122233152e+00   9.6762156113982201e-01   2.0198114230297506e+00  -3.0269021894782782e+00   3.3920564954169095e+00   2.9604991711676130e+00
   1.4406123701483011e+00  -1.6993673704564571e+00  -1.9320088000968099e+00   9.6792391873896122e-01   2.0199849922209978e+00  -3.0267528747208416e+00   3.3921206677332520e+00   2.9603123487904668e+00
   1.4411237984895706e+00  -1.6988832764327526e+00  -1.9318205304443836e+00   9.6822576224803925e-01   2.0201569255441427e+00  -3.0266022011637688e+00   3.3921830917242914e+00   2.9601243836805224e+00
   1.4416352696716785e+00  -1.6983997076749802e+00  -1.9316333280876279e+00   9.6852783299982548e-01   2.0203296137042344e+00  -3.0264521101489663e+00   3.3922462763730437e+00   2.9599368944764137e+00
   1.4421467836946249e+00  -1.6979166660457850e+00  -1.9314471958205104e+00   9.6883013378828764e-01   2.0205030590295792e+00  -3.0263026035390794e+00   3.3923102228436619e+00   2.9597498830407858e+00
   1.4426581207662821e+00  -1.6974324658513069e+00  -1.9312588050961494e+00   9.6913191862404346e-01   2.0206748661585152e+00  -3.0261517371982336e+00   3.3923724195919931e+00   2.9595617279410353e+00
   1.4431694988161325e+00  -1.6969487946480513e+00  -1.9310714835301042e+00   9.6943393163383007e-01   2.0208474299870431e+00  -3.0260014552623034e+00   3.3924353783950210e+00   2.9593740496784449e+00
   1.4436809197068214e+00  -1.6964656487107277e+00  -1.9308852292597294e+00   9.6973617561161518e-01   2.0210207491181791e+00  -3.0258517549373209e+00   3.3924990973901004e+00   2.9591868473216891e+00
   1.4441921617835760e+00  -1.6959813423454762e+00  -1.9306967174634337e+00   9.7003790084272623e-01   2.0211924309842288e+00  -3.0257006972096860e+00   3.3925610680598766e+00   2.9589985022321343e+00
   1.4447034467011690e+00  -1.6954975631088018e+00  -1.9305092683061957e+00   9.7033985517919064e-01   2.0213648644275963e+00  -3.0255502182990313e+00   3.3926237954292446e+00   2.9588106311857700e+00
   1.4452147763222456e+00  -1.6950143240392208e+00  -1.9303229171782732e+00   9.7064204607158899e-01   2.0215380755253136e+00  -3.0254003396257758e+00   3.3926873053424060e+00   2.9586232500150800e+00
   1.4457259159535170e+00  -1.6945298723876476e+00  -1.9301341976970434e+00   9.7094369400292635e-01   2.0217095692642033e+00  -3.0252490388229489e+00   3.3927489840425551e+00   2.9584346739575267e+00
   1.4462371300905943e+00  -1.6940461508929729e+00  -1.9299469524994493e+00   9.7124566324055195e-01   2.0218821107409894e+00  -3.0250985566526651e+00   3.3928117286413908e+00   2.9582467693835506e+00
   1.4467482846230268e+00  -1.6935621947050095e+00  -1.9297592714428902e+00   9.7154752351343632e-01   2.0220543267205358e+00  -3.0249477801844478e+00   3.3928741004783660e+00   2.9580586124211550e+00
   1.4472594130784273e+00  -1.6930782347917557e+00  -1.9295716090127826e+00   9.7184937912970781e-01   2.0222265422344208e+00  -3.0247969739139080e+00   3.3929364404175431e+00   2.9578704182058582e+00
   1.4477705191820860e+00  -1.6925943195819855e+00  -1.9293840676546097e+00   9.7215125057846308e-01   2.0223988331854343e+00  -3.0246461983770132e+00   3.3929988273885101e+00   2.9576822388917217e+00
   1.4482815470546484e+00  -1.6921100169420242e+00  -1.9291957840323448e+00   9.7245294414460659e-01   2.0225705765187740e+00  -3.0244949483312666e+00   3.3930606087669730e+00   2.9574936572462320e+00
   1.4487927239388227e+00  -1.6916270144283772e+00  -1.9290101025253534e+00   9.7275521606206894e-01   2.0227441820316017e+00  -3.0243451748974621e+00   3.3931243075057864e+00   2.9573062947019935e+00
   1.4493036512285471e+00  -1.6911423522979021e+00  -1.9288211651146412e+00   9.7305674199014902e-01   2.0229154275730252e+00  -3.0241934633813798e+00   3.3931855051778257e+00   2.9571173060685405e+00
   1.4498145636171103e+00  -1.6906577777117491e+00  -1.9286324335262179e+00   9.7335830330848694e-01   2.0230868086218834e+00  -3.0240418305620551e+00   3.3932468127459288e+00   2.9569283751770854e+00
   1.4503255952149630e+00  -1.6901742964982986e+00  -1.9284458896145225e+00   9.7366034984588623e-01   2.0232597556896508e+00  -3.0238914331421256e+00   3.3933097263798118e+00   2.9567404622212043e+00
   1.4508364256471395e+00  -1.6896895095705986e+00  -1.9282567910850048e+00   9.7396180778741837e-01   2.0234308461658657e+00  -3.0237395055592060e+00   3.3933706667739898e+00   2.9565512649714947e+00
   1.4513473045080900e+00  -1.6892052888870239e+00  -1.9280688408762217e+00   9.7426351532340050e-01   2.0236027520149946e+00  -3.0235882061533630e+00   3.3934324281290174e+00   2.9563625818118462e+00
   1.4518582280725241e+00  -1.6887215785682201e+00  -1.9278819346800447e+00   9.7456545010209084e-01   2.0237753991968930e+00  -3.0234374753199518e+00   3.3934949322137982e+00   2.9561743624508381e+00
   1.4523689653724432e+00  -1.6882367208600044e+00  -1.9276927821338177e+00   9.7486686334013939e-01   2.0239464109763503e+00  -3.0232853936031461e+00   3.3935556954238564e+00   2.9559850078076115e+00
   1.4528797511011362e+00  -1.6877523846924305e+00  -1.9275046866387129e+00   9.7516850754618645e-01   2.0241181738674641e+00  -3.0231338883750141e+00   3.3936172118410468e+00   2.9557961234822878e+00
   1.4533905815333128e+00  -1.6872685849666595e+00  -1.9273176891729236e+00   9.7547039017081261e-01   2.0242907167412341e+00  -3.0229829815216362e+00   3.3936795103363693e+00   2.9556077271699897e+00
   1.4539012219756842e+00  -1.6867835782468319e+00  -1.9271283261477947e+00   9.7577172517776489e-01   2.0244615385308862e+00  -3.0228306567296386e+00   3.3937399806454778e+00   2.9554181396961203e+00
   1.4544119331985712e+00  -1.6862993016839027e+00  -1.9269404346123338e+00   9.7607338428497314e-01   2.0246334108524024e+00  -3.0226791477762163e+00   3.3938015147577971e+00   2.9552292237058282e+00
   1.4549225848168135e+00  -1.6858147867023945e+00  -1.9267521044239402e+00   9.7637493256479502e-01   2.0248049525544047e+00  -3.0225273431278765e+00   3.3938626730814576e+00   2.9550400497391811e+00
   1.4554332140833139e+00  -1.6853302791714668e+00  -1.9265638152137399e+00   9.7667648084461689e-01   2.0249765110202134e+00  -3.0223755207844079e+00   3.3939238160382956e+00   2.9548508515581480e+00
   1.4559438135474920e+00  -1.6848457753658295e+00  -1.9263755632564425e+00   9.7697802726179361e-01   2.0251480843871832e+00  -3.0222236807458103e+00   3.3939849431626499e+00   2.9546616291627288e+00
   1.4564543571323156e+00  -1.6843610387295485e+00  -1.9261868763715029e+00   9.7727946378290653e-01   2.0253193285316229e+00  -3.0220715459436178e+00   3.3940456949640065e+00   2.9544721515849233e+00
   1.4569649714976549e+00  -1.6838770285248756e+00  -1.9259996572509408e+00   9.7758122533559799e-01   2.0254916241392493e+00  -3.0219202251173556e+00   3.3941075108014047e+00   2.9542833417654037e+00
   1.4574753958731890e+00  -1.6833918113261461e+00  -1.9258100753650069e+00   9.7788243647664785e-01   2.0256621958687901e+00  -3.0217674886807799e+00   3.3941674979869276e+00   2.9540933426469556e+00
   1.4579858649522066e+00  -1.6829071324318647e+00  -1.9256215896457434e+00   9.7818388789892197e-01   2.0258335489779711e+00  -3.0216153496876359e+00   3.3942282674834132e+00   2.9539038315415391e+00
   1.4584963805973530e+00  -1.6824229732155800e+00  -1.9254341628402472e+00   9.7848557308316231e-01   2.0260056555271149e+00  -3.0214637857861817e+00   3.3942897899542004e+00   2.9537147898226976e+00
   1.4590067099779844e+00  -1.6819376647472382e+00  -1.9252444850280881e+00   9.7878673020750284e-01   2.0261761192232370e+00  -3.0213108710013330e+00   3.3943495687562972e+00   2.9535246128216395e+00
   1.4595170859247446e+00  -1.6814528815448284e+00  -1.9250558726489544e+00   9.7908812202513218e-01   2.0263473414815962e+00  -3.0211585359647870e+00   3.3944101061206311e+00   2.9533349098637700e+00
   1.4600275065749884e+00  -1.6809686180204153e+00  -1.9248683257028461e+00   9.7938974760472775e-01   2.0265193236991763e+00  -3.0210067802108824e+00   3.3944714022800326e+00   2.9531456772238016e+00
   1.4605377409607172e+00  -1.6804832071065903e+00  -1.9246785277500749e+00   9.7969084698706865e-01   2.0266896607354283e+00  -3.0208536745049059e+00   3.3945309547707438e+00   2.9529553120955834e+00
   1.4610480237752199e+00  -1.6799983140081167e+00  -1.9244897887110710e+00   9.7999217826873064e-01   2.0268607535399497e+00  -3.0207011434249580e+00   3.3945912604685873e+00   2.9527654154226175e+00
   1.4615583512932062e+00  -1.6795139610767365e+00  -1.9243021449074149e+00   9.8029375262558460e-01   2.0270326267927885e+00  -3.0205492088571191e+00   3.3946523475460708e+00   2.9525760058313617e+00
   1.4620684850960970e+00  -1.6790284011512995e+00  -1.9241121402010322e+00   9.8059477191418409e-01   2.0272027757018805e+00  -3.0203958605416119e+00   3.3947116078343242e+00   2.9523854097351432e+00
   1.4625786934047937e+00  -1.6785435676574707e+00  -1.9239236041903496e+00   9.8089611902832985e-01   2.0273739770054817e+00  -3.0202433262020350e+00   3.3947719312272966e+00   2.9521954795345664e+00
   1.4630888421088457e+00  -1.6780585013329983e+00  -1.9237346285954118e+00   9.8119735531508923e-01   2.0275448472239077e+00  -3.0200904952362180e+00   3.3948318779002875e+00   2.9520052941516042e+00
   1.4635989647358656e+00  -1.6775734387338161e+00  -1.9235456958413124e+00   9.8149859160184860e-01   2.0277157342061400e+00  -3.0199376484379172e+00   3.3948918103706092e+00   2.9518150854855776e+00
   1.4641090612858534e+00  -1.6770883835852146e+00  -1.9233568003401160e+00   9.8179982509464025e-01   2.0278866370208561e+00  -3.0197847830131650e+00   3.3949517270084471e+00   2.9516248507425189e+00
   1.4646190982311964e+00  -1.6766030937433243e+00  -1.9231674671173096e+00   9.8210094682872295e-01   2.0280572082847357e+00  -3.0196316218934953e+00   3.3950112671591341e+00   2.9514343617483974e+00
   1.4651292134076357e+00  -1.6761185284703970e+00  -1.9229796044528484e+00   9.8240239918231964e-01   2.0282288347370923e+00  -3.0194792747497559e+00   3.3950718715786934e+00   2.9512445386499166e+00
   1.4656391274183989e+00  -1.6756327599287033e+00  -1.9227893808856606e+00   9.8270329553633928e-01   2.0283987331204116e+00  -3.0193255143240094e+00   3.3951306485105306e+00   2.9510535309091219e+00
   1.4661490935832262e+00  -1.6751475296914577e+00  -1.9226002506911755e+00   9.8300443403422832e-01   2.0285694138146937e+00  -3.0191723494790494e+00   3.3951902061235160e+00   2.9508630074560633e+00
   1.4666591044515371e+00  -1.6746628172695637e+00  -1.9224121803417802e+00   9.8330580815672874e-01   2.0287408516742289e+00  -3.0190197597257793e+00   3.3952505178749561e+00   2.9506729524582633e+00
   1.4671689271926880e+00  -1.6741769555956125e+00  -1.9222218589857221e+00   9.8360664863139391e-01   2.0289106410928071e+00  -3.0188658218830824e+00   3.3953090859577060e+00   2.9504817677661777e+00
   1.4676787983626127e+00  -1.6736916191875935e+00  -1.9220326021313667e+00   9.8390772752463818e-01   2.0290811909362674e+00  -3.0187124609947205e+00   3.3953684116713703e+00   2.9502910515293479e+00
   1.4681887160986662e+00  -1.6732068043202162e+00  -1.9218444116413593e+00   9.8420904390513897e-01   2.0292525035329163e+00  -3.0185596789233387e+00   3.3954284966457635e+00   2.9501008074730635e+00
   1.4686984401196241e+00  -1.6727208402007818e+00  -1.9216539701446891e+00   9.8450982477515936e-01   2.0294221662916243e+00  -3.0184055482968688e+00   3.3954868372529745e+00   2.9499094327911735e+00
   1.4692082162946463e+00  -1.6722353994846344e+00  -1.9214645940810442e+00   9.8481084499508142e-01   2.0295925913378596e+00  -3.0182519964873791e+00   3.3955459368880838e+00   2.9497185274958611e+00
   1.4697180390357971e+00  -1.6717504821717739e+00  -1.9212762825191021e+00   9.8511210270226002e-01   2.0297637782059610e+00  -3.0180990216322243e+00   3.3956057939212769e+00   2.9495280934497714e+00
   1.4702276717871428e+00  -1.6712644156068563e+00  -1.9210857218131423e+00   9.8541282489895821e-01   2.0299333143047988e+00  -3.0179447005502880e+00   3.3956639084499329e+00   2.9493365297093979e+00
   1.4707373492419720e+00  -1.6707788705825806e+00  -1.9208962181583047e+00   9.8571378365159035e-01   2.0301036085002124e+00  -3.0177909526973963e+00   3.3957227759528905e+00   2.9491454325616351e+00
   1.4712470788508654e+00  -1.6702938601374626e+00  -1.9207078088074923e+00   9.8601498827338219e-01   2.0302746868692338e+00  -3.0176377990283072e+00   3.3957824232056737e+00   2.9489548206329346e+00
   1.4717566091567278e+00  -1.6698076464235783e+00  -1.9205170413479209e+00   9.8631563130766153e-01   2.0304440339095891e+00  -3.0174832358025014e+00   3.3958402457647026e+00   2.9487630259245634e+00
   1.4722662158310413e+00  -1.6693221591413021e+00  -1.9203277416527271e+00   9.8661660775542259e-01   2.0306144380010664e+00  -3.0173294837586582e+00   3.3958991302642971e+00   2.9485718961805114e+00
   1.4727757629007101e+00  -1.6688364390283823e+00  -1.9201380051672459e+00   9.8691747058182955e-01   2.0307845100760460e+00  -3.0171754374168813e+00   3.3959576396737248e+00   2.9483805112540731e+00
   1.4732852820307016e+00  -1.6683507226407528e+00  -1.9199483059346676e+00   9.8721833154559135e-01   2.0309545979835093e+00  -3.0170213719829917e+00   3.3960161318536848e+00   2.9481891002506018e+00
   1.4737947769463062e+00  -1.6678650137037039e+00  -1.9197586486116052e+00   9.8751919250935316e-01   2.0311247017234564e+00  -3.0168672897852957e+00   3.3960746098309755e+00   2.9479976668953896e+00
   1.4743042122572660e+00  -1.6673790700733662e+00  -1.9195685535669327e+00   9.8781994171440601e-01   2.0312944753095508e+00  -3.0167129132896662e+00   3.3961327127180994e+00   2.9478059783577928e+00
   1.4748137239366770e+00  -1.6668938491493464e+00  -1.9193799234926701e+00   9.8812102340161800e-01   2.0314653045497835e+00  -3.0165593465790153e+00   3.3961918756831437e+00   2.9476149529218674e+00
   1.4753230344504118e+00  -1.6664074305444956e+00  -1.9191889381036162e+00   9.8842154163867235e-01   2.0316344019956887e+00  -3.0164043721742928e+00   3.3962492158170789e+00   2.9474227475002417e+00
   1.4758323952555656e+00  -1.6659215465188026e+00  -1.9189990460872650e+00   9.8872230760753155e-01   2.0318042840808630e+00  -3.0162499910220504e+00   3.3963073347695172e+00   2.9472310254350313e+00
   1.4763418063521385e+00  -1.6654361784458160e+00  -1.9188102111220360e+00   9.8902331013232470e-01   2.0319749251939356e+00  -3.0160961821675301e+00   3.3963662059977651e+00   2.9470397690311065e+00
   1.4768510218709707e+00  -1.6649496685713530e+00  -1.9186191288754344e+00   9.8932377528399229e-01   2.0321439132094383e+00  -3.0159410298801959e+00   3.3964233363512903e+00   2.9468473857268700e+00
   1.4773602876812220e+00  -1.6644636765122414e+00  -1.9184291092678905e+00   9.8962447885423899e-01   2.0323136644437909e+00  -3.0157864526845515e+00   3.3964812229387462e+00   2.9466554708778867e+00
   1.4778696037828922e+00  -1.6639782097190619e+00  -1.9182401541620493e+00   9.8992542363703251e-01   2.0324841802939773e+00  -3.0156324524432421e+00   3.3965398678556085e+00   2.9464640254154792e+00
   1.4783787243068218e+00  -1.6634915973991156e+00  -1.9180489527061582e+00   9.9022582825273275e-01   2.0326530421152711e+00  -3.0154771087691188e+00   3.3965967714320868e+00   2.9462714530527583e+00
   1.4788878932595253e+00  -1.6630055010318756e+00  -1.9178588064387441e+00   9.9052647128701210e-01   2.0328226620331407e+00  -3.0153223364613950e+00   3.3966544263530523e+00   2.9460793463513255e+00
   1.4793971162289381e+00  -1.6625199411064386e+00  -1.9176697544753551e+00   9.9082736298441887e-01   2.0329930698499084e+00  -3.0151681574061513e+00   3.3967128617223352e+00   2.9458877230063081e+00
   1.4799061324447393e+00  -1.6620331835001707e+00  -1.9174783462658525e+00   9.9112768750637770e-01   2.0331617416813970e+00  -3.0150125715881586e+00   3.3967694730963558e+00   2.9456949206069121e+00
   1.4804152306169271e+00  -1.6615471467375755e+00  -1.9172884030267596e+00   9.9142834823578596e-01   2.0333314724266529e+00  -3.0148577946238220e+00   3.3968271445482969e+00   2.9455027803778648e+00
   1.4809242673218250e+00  -1.6610608790069818e+00  -1.9170980248600245e+00   9.9172889534384012e-01   2.0335008711554110e+00  -3.0147027242928743e+00   3.3968844418413937e+00   2.9453103858977547e+00
   1.4814332779496908e+00  -1.6605746150016785e+00  -1.9169076848775148e+00   9.9202944152057171e-01   2.0336702857166529e+00  -3.0145476358011365e+00   3.3969417228363454e+00   2.9451179672032586e+00
   1.4819422606378794e+00  -1.6600883584469557e+00  -1.9167173849418759e+00   9.9232998583465815e-01   2.0338397165760398e+00  -3.0143925296142697e+00   3.3969989884644747e+00   2.9449255233630538e+00
   1.4824511837214231e+00  -1.6596018671989441e+00  -1.9165266482159495e+00   9.9263041839003563e-01   2.0340088149532676e+00  -3.0142371295951307e+00   3.3970558792352676e+00   2.9447328252717853e+00
   1.4829601868987083e+00  -1.6591160967946053e+00  -1.9163373755291104e+00   9.9293118622153997e-01   2.0341789722442627e+00  -3.0140825365670025e+00   3.3971138284541667e+00   2.9445407884195447e+00
   1.4834689851850271e+00  -1.6586291324347258e+00  -1.9161457540467381e+00   9.9323138687759638e-01   2.0343473972752690e+00  -3.0139265428297222e+00   3.3971699601970613e+00   2.9443475771695384e+00
   1.4839778356254101e+00  -1.6581426933407784e+00  -1.9159552035853267e+00   9.9353183060884476e-01   2.0345165934413671e+00  -3.0137711283750832e+00   3.3972268542274833e+00   2.9441548390313974e+00
   1.4844867400825024e+00  -1.6576568111777306e+00  -1.9157657884061337e+00   9.9383253511041403e-01   2.0346866087056696e+00  -3.0136163304559886e+00   3.3972845599055290e+00   2.9439626010134816e+00
   1.4849954266101122e+00  -1.6571696344763041e+00  -1.9155738279223442e+00   9.9413262400776148e-01   2.0348547468893230e+00  -3.0134600186720490e+00   3.3973402997944504e+00   2.9437690973281860e+00
   1.4855042472481728e+00  -1.6566835455596447e+00  -1.9153840541839600e+00   9.9443322233855724e-01   2.0350244743749499e+00  -3.0133049315772951e+00   3.3973976436536759e+00   2.9435766004025945e+00
   1.4860130529850721e+00  -1.6561975274235010e+00  -1.9151944564655423e+00   9.9473385326564312e-01   2.0351943182758987e+00  -3.0131499054841697e+00   3.3974550743587315e+00   2.9433841425925502e+00
   1.4865215923637152e+00  -1.6557099241763353e+00  -1.9150017267093062e+00   9.9503372702747583e-01   2.0353618529625237e+00  -3.0129930260591209e+00   3.3975100966636091e+00   2.9431901378557095e+00
   1.4870302677154541e+00  -1.6552234049886465e+00  -1.9148111836984754e+00   9.9533411115407944e-01   2.0355309783481061e+00  -3.0128373717889190e+00   3.3975667234044522e+00   2.9429971398785719e+00
   1.4875389728695154e+00  -1.6547372546046972e+00  -1.9146214015781879e+00   9.9563466664403677e-01   2.0357006490230560e+00  -3.0126821161247790e+00   3.3976238786708564e+00   2.9428044632077217e+00
   1.4880474843084812e+00  -1.6542500052601099e+00  -1.9144294578582048e+00   9.9593469593673944e-01   2.0358687210828066e+00  -3.0125255696475506e+00   3.3976793570909649e+00   2.9426107043400407e+00
   1.4885560441762209e+00  -1.6537632588297129e+00  -1.9142385469749570e+00   9.9623496178537607e-01   2.0360375377349555e+00  -3.0123695796355605e+00   3.3977355691604316e+00   2.9424173980951300e+00
   1.4890646599233150e+00  -1.6532770488411188e+00  -1.9140487322583795e+00   9.9653548002243042e-01   2.0362071464769542e+00  -3.0122141833417118e+00   3.3977925633080304e+00   2.9422245742753157e+00
   1.4895730670541525e+00  -1.6527896430343390e+00  -1.9138565640896559e+00   9.9683542456477880e-01   2.0363750155083835e+00  -3.0120573849417269e+00   3.3978477357886732e+00   2.9420305769890556e+00
   1.4900815561413765e+00  -1.6523029617965221e+00  -1.9136658599600196e+00   9.9713570903986692e-01   2.0365439457818866e+00  -3.0119013921357691e+00   3.3979039674159139e+00   2.9418372390791774e+00
   1.4905899818986654e+00  -1.6518160458654165e+00  -1.9134747209027410e+00   9.9743587803095579e-01   2.0367125435732305e+00  -3.0117451068945229e+00   3.3979598244186491e+00   2.9416436469182372e+00
   1.4910983834415674e+00  -1.6513291336596012e+00  -1.9132836209610105e+00   9.9773604702204466e-01   2.0368811576627195e+00  -3.0115888034924865e+00   3.3980156660545617e+00   2.9414500305429101e+00
   1.4916067570447922e+00  -1.6508422289043665e+00  -1.9130925592035055e+00   9.9803621415048838e-01   2.0370497866533697e+00  -3.0114324819296598e+00   3.3980714906938374e+00   2.9412563899531960e+00
   1.4921150691807270e+00  -1.6503550931811333e+00  -1.9129010615870357e+00   9.9833626765757799e-01   2.0372180831618607e+00  -3.0112758670002222e+00   3.3981269407086074e+00   2.9410624951124191e+00
   1.4926234651356936e+00  -1.6498686764389277e+00  -1.9127110289409757e+00   9.9863666202872992e-01   2.0373874437063932e+00  -3.0111200585961342e+00   3.3981834508012980e+00   2.9408692605793485e+00
   1.4931316506117582e+00  -1.6493810657411814e+00  -1.9125186428427696e+00   9.9893648084253073e-01   2.0375550617463887e+00  -3.0109628490172327e+00   3.3982381396926939e+00   2.9406748516485086e+00
   1.4936398901045322e+00  -1.6488939896225929e+00  -1.9123273491859436e+00   9.9923655111342669e-01   2.0377234686166048e+00  -3.0108062294311821e+00   3.3982936064712703e+00   2.9404809242114434e+00
   1.4941481817513704e+00  -1.6484074275940657e+00  -1.9121371079236269e+00   9.9953686539083719e-01   2.0378926382400095e+00  -3.0106501784175634e+00   3.3983498224988580e+00   2.9402874577790508e+00
   1.4946562722325325e+00  -1.6479197274893522e+00  -1.9119446258991957e+00   9.9983662832528353e-01   2.0380601459182799e+00  -3.0104927904903889e+00   3.3984043013770133e+00   2.9400928718969226e+00
   1.4951644148677588e+00  -1.6474325451999903e+00  -1.9117532055824995e+00   1.0001366380602121e+00   2.0382284224033356e+00  -3.0103359767235816e+00   3.3984595367219299e+00   2.9398987516760826e+00
   1.4956726115196943e+00  -1.6469458807259798e+00  -1.9115628460422158e+00   1.0004368936643004e+00   2.0383974672295153e+00  -3.0101797338575125e+00   3.3985155262053013e+00   2.9397050971165299e+00
