   1.7866610000000001e+03
   1.7884360000000001e+03
   1.7902080000000001e+03
   1.7919800000000000e+03
   1.7937480000000000e+03
   1.7955160000000001e+03
   1.7972800000000000e+03
   1.7990439999999999e+03
   1.8008060000000000e+03
   1.8025660000000000e+03
   1.8043229999999999e+03
   1.8060799999999999e+03
   1.8078360000000000e+03
   1.8095909999999999e+03
   1.8113460000000000e+03
   1.8130970000000002e+03
   1.8148460000000000e+03
   1.8165960000000000e+03
   1.8183439999999998e+03
   1.8200900000000001e+03
   1.8218330000000001e+03
   1.8235740000000001e+03
   1.8253139999999999e+03
   1.8270540000000001e+03
   1.8287880000000000e+03
   1.8305200000000000e+03
   1.8322500000000000e+03
   1.8339820000000000e+03
   1.8357120000000000e+03
   1.8374400000000001e+03
   1.8391659999999999e+03
   1.8408889999999999e+03
   1.8426089999999999e+03
   1.8443280000000000e+03
   1.8460459999999998e+03
   1.8477610000000000e+03
   1.8494749999999999e+03
   1.8511860000000001e+03
   1.8528950000000000e+03
   1.8546029999999998e+03
   1.8563099999999999e+03
   1.8580150000000001e+03
   1.8597189999999998e+03
   1.8614200000000001e+03
   1.8631169999999997e+03
   1.8648139999999999e+03
   1.8665080000000003e+03
   1.8682009999999998e+03
   1.8698930000000000e+03
   1.8715819999999999e+03
   1.8732689999999998e+03
   1.8749549999999999e+03
   1.8766380000000001e+03
   1.8783190000000000e+03
   1.8799990000000003e+03
   1.8816770000000001e+03
   1.8833529999999998e+03
   1.8850279999999998e+03
   1.8867020000000000e+03
   1.8883750000000000e+03
   1.8900450000000001e+03
   1.8917139999999999e+03
   1.8933799999999999e+03
   1.8950439999999999e+03
   1.8967049999999999e+03
   1.8983650000000002e+03
   1.9000240000000001e+03
   1.9016830000000002e+03
   1.9033370000000000e+03
   1.9049890000000000e+03
   1.9066389999999999e+03
   1.9082890000000000e+03
   1.9099369999999999e+03
   1.9115830000000001e+03
   1.9132270000000001e+03
   1.9148679999999999e+03
   1.9165070000000001e+03
   1.9181430000000000e+03
   1.9197779999999998e+03
   1.9214140000000000e+03
   1.9230459999999998e+03
   1.9246770000000001e+03
   1.9263070000000000e+03
   1.9279360000000001e+03
   1.9295630000000001e+03
   1.9311880000000001e+03
   1.9328099999999999e+03
   1.9344279999999999e+03
   1.9360430000000001e+03
   1.9376580000000001e+03
   1.9392729999999999e+03
   1.9408830000000003e+03
   1.9424900000000002e+03
   1.9440960000000000e+03
   1.9456990000000001e+03
   1.9473009999999999e+03
   1.9489040000000000e+03
   1.9505040000000001e+03
   1.9521009999999999e+03
   1.9536959999999999e+03
   1.9552890000000000e+03
   1.9568820000000001e+03
   1.9584730000000000e+03
   1.9600610000000001e+03
   1.9616479999999999e+03
   1.9632320000000000e+03
   1.9648130000000001e+03
   1.9663919999999998e+03
   1.9679680000000001e+03
   1.9695409999999999e+03
   1.9711130000000001e+03
   1.9726840000000000e+03
   1.9742540000000001e+03
   1.9758220000000001e+03
   1.9773880000000001e+03
   1.9789509999999998e+03
   1.9805110000000000e+03
   1.9820669999999998e+03
   1.9836230000000000e+03
   1.9851779999999999e+03
   1.9867310000000002e+03
   1.9882819999999999e+03
   1.9898290000000002e+03
   1.9913750000000000e+03
   1.9929169999999999e+03
   1.9944590000000001e+03
   1.9959990000000003e+03
   1.9975360000000001e+03
   1.9990720000000001e+03
   2.0006060000000002e+03
   2.0021360000000000e+03
   2.0036630000000000e+03
   2.0051900000000001e+03
   2.0067180000000001e+03
   2.0082419999999997e+03
   2.0097639999999999e+03
   2.0112849999999999e+03
   2.0128020000000001e+03
   2.0143150000000001e+03
   2.0158259999999998e+03
   2.0173340000000001e+03
   2.0188400000000001e+03
   2.0203430000000001e+03
   2.0218470000000002e+03
   2.0233480000000000e+03
   2.0248480000000000e+03
   2.0263439999999998e+03
   2.0278389999999999e+03
   2.0293319999999999e+03
   2.0308229999999999e+03
   2.0323099999999999e+03
   2.0337959999999998e+03
   2.0352779999999998e+03
   2.0367590000000000e+03
   2.0382360000000001e+03
   2.0397139999999999e+03
   2.0411900000000001e+03
   2.0426610000000001e+03
   2.0441320000000001e+03
   2.0455990000000002e+03
   2.0470650000000001e+03
   2.0485270000000000e+03
   2.0499880000000003e+03
   2.0514470000000001e+03
   2.0529049999999997e+03
   2.0543599999999997e+03
   2.0558130000000001e+03
   2.0572650000000003e+03
   2.0587139999999999e+03
   2.0601619999999998e+03
   2.0616099999999997e+03
   2.0630549999999998e+03
   2.0644970000000003e+03
   2.0659369999999999e+03
   2.0673740000000003e+03
   2.0688080000000000e+03
   2.0702400000000002e+03
   2.0716680000000001e+03
   2.0730950000000003e+03
   2.0745219999999999e+03
   2.0759450000000002e+03
   2.0773669999999997e+03
   2.0787849999999999e+03
   2.0802010000000000e+03
   2.0816130000000003e+03
   2.0830209999999997e+03
   2.0844279999999999e+03
   2.0858330000000001e+03
   2.0872370000000001e+03
   2.0886379999999999e+03
   2.0900400000000000e+03
   2.0914380000000001e+03
   2.0928330000000001e+03
   2.0942300000000000e+03
   2.0956240000000003e+03
   2.0970129999999999e+03
   2.0983980000000001e+03
   2.0997809999999999e+03
   2.1011580000000004e+03
   2.1025330000000004e+03
   2.1039070000000002e+03
   2.1052779999999998e+03
   2.1066490000000003e+03
   2.1080189999999998e+03
   2.1093849999999998e+03
   2.1107490000000003e+03
   2.1121109999999999e+03
   2.1134720000000002e+03
   2.1148319999999999e+03
   2.1161880000000001e+03
   2.1175430000000001e+03
   2.1188950000000000e+03
   2.1202439999999997e+03
   2.1215929999999998e+03
   2.1229369999999999e+03
   2.1242799999999997e+03
   2.1256210000000001e+03
   2.1269589999999998e+03
   2.1282950000000001e+03
   2.1296279999999997e+03
   2.1309589999999998e+03
   2.1322910000000002e+03
   2.1336210000000001e+03
   2.1349479999999999e+03
   2.1362709999999997e+03
   2.1375909999999999e+03
   2.1389080000000004e+03
   2.1402220000000002e+03
   2.1415330000000004e+03
   2.1428429999999998e+03
   2.1441480000000001e+03
   2.1454510000000000e+03
   2.1467509999999997e+03
   2.1480479999999998e+03
   2.1493429999999998e+03
   2.1506360000000000e+03
   2.1519259999999999e+03
   2.1532159999999999e+03
   2.1545050000000001e+03
   2.1557900000000000e+03
   2.1570729999999999e+03
   2.1583519999999999e+03
   2.1596300000000001e+03
   2.1609080000000004e+03
   2.1621810000000000e+03
   2.1634520000000002e+03
   2.1647200000000003e+03
   2.1659839999999999e+03
   2.1672470000000003e+03
   2.1685080000000003e+03
   2.1697680000000000e+03
   2.1710240000000003e+03
   2.1722779999999998e+03
   2.1735320000000002e+03
   2.1747799999999997e+03
   2.1760270000000000e+03
   2.1772700000000000e+03
   2.1785099999999998e+03
   2.1797470000000003e+03
   2.1809839999999999e+03
   2.1822159999999999e+03
   2.1834479999999999e+03
   2.1846759999999999e+03
   2.1859029999999998e+03
   2.1871259999999997e+03
   2.1883460000000000e+03
   2.1895639999999999e+03
   2.1907770000000000e+03
   2.1919870000000001e+03
   2.1931970000000001e+03
   2.1944029999999998e+03
   2.1956070000000000e+03
   2.1968069999999998e+03
   2.1980039999999999e+03
   2.1991999999999998e+03
   2.2003950000000000e+03
   2.2015860000000002e+03
   2.2027740000000003e+03
   2.2039600000000000e+03
   2.2051450000000000e+03
   2.2063270000000002e+03
   2.2075050000000001e+03
   2.2086799999999998e+03
   2.2098560000000002e+03
   2.2110299999999997e+03
   2.2121990000000001e+03
   2.2133620000000001e+03
   2.2145270000000000e+03
   2.2156889999999999e+03
   2.2168470000000002e+03
   2.2180029999999997e+03
   2.2191570000000002e+03
   2.2203099999999999e+03
   2.2214610000000002e+03
   2.2226109999999999e+03
   2.2237580000000003e+03
   2.2249020000000000e+03
   2.2260419999999999e+03
   2.2271799999999998e+03
   2.2283150000000001e+03
   2.2294450000000002e+03
   2.2305749999999998e+03
   2.2317020000000002e+03
   2.2328249999999998e+03
   2.2339479999999999e+03
   2.2350650000000001e+03
   2.2361819999999998e+03
   2.2372939999999999e+03
   2.2384020000000000e+03
   2.2395080000000003e+03
   2.2406160000000000e+03
   2.2417200000000003e+03
   2.2428190000000000e+03
   2.2439180000000001e+03
   2.2450140000000001e+03
   2.2461080000000002e+03
   2.2471990000000001e+03
   2.2482869999999998e+03
   2.2493720000000003e+03
   2.2504530000000000e+03
   2.2515320000000002e+03
   2.2526089999999999e+03
   2.2536840000000002e+03
   2.2547539999999999e+03
   2.2558220000000001e+03
   2.2568879999999999e+03
   2.2579510000000000e+03
   2.2590110000000000e+03
   2.2600700000000002e+03
   2.2611289999999999e+03
   2.2621819999999998e+03
   2.2632339999999999e+03
   2.2642820000000002e+03
   2.2653240000000001e+03
   2.2663640000000000e+03
   2.2674009999999998e+03
   2.2684349999999999e+03
   2.2694669999999996e+03
   2.2704949999999999e+03
   2.2715209999999997e+03
