   1.7866545556081674e+00
   1.7884292669099620e+00
   1.7902023015700002e+00
   1.7919736561582720e+00
   1.7937433273887080e+00
   1.7955113120112238e+00
   1.7972776067757357e+00
   1.7990422084321589e+00
   1.8008051137304095e+00
   1.8025663194204034e+00
   1.8043258222520555e+00
   1.8060836189752827e+00
   1.8078397063400000e+00
   1.8095940810682829e+00
   1.8113467397708438e+00
   1.8130976790305553e+00
   1.8148468954302892e+00
   1.8165943855529176e+00
   1.8183401459813124e+00
   1.8200841732983462e+00
   1.8218264640868904e+00
   1.8235670149298178e+00
   1.8253058224100001e+00
   1.8270428831277166e+00
   1.8287781937528762e+00
   1.8305117509727946e+00
   1.8322435514747877e+00
   1.8339735919461708e+00
   1.8357018690742606e+00
   1.8374283795463728e+00
   1.8391531200498226e+00
   1.8408760872719263e+00
   1.8425972778999999e+00
   1.8443166886210305e+00
   1.8460343161206909e+00
   1.8477501570843260e+00
   1.8494642081972805e+00
   1.8511764661448984e+00
   1.8528869276125242e+00
   1.8545955892855028e+00
   1.8563024478491790e+00
   1.8580074999888965e+00
   1.8597107423900001e+00
   1.8614121717357417e+00
   1.8631117847009997e+00
   1.8648095779585609e+00
   1.8665055481812112e+00
   1.8681996920417361e+00
   1.8698920062129225e+00
   1.8715824873675557e+00
   1.8732711321784226e+00
   1.8749579373183085e+00
   1.8766428994600000e+00
   1.8783260152944536e+00
   1.8800072815853097e+00
   1.8816866951143800e+00
   1.8833642526634753e+00
   1.8850399510144069e+00
   1.8867137869489856e+00
   1.8883857572490232e+00
   1.8900558586963307e+00
   1.8917240880727193e+00
   1.8933904421600001e+00
   1.8950549177137939e+00
   1.8967175113849604e+00
   1.8983782197981685e+00
   1.9000370395780874e+00
   1.9016939673493864e+00
   1.9033489997367343e+00
   1.9050021333648006e+00
   1.9066533648582542e+00
   1.9083026908417644e+00
   1.9099501079400001e+00
   1.9115956128165512e+00
   1.9132392022906892e+00
   1.9148808732206066e+00
   1.9165206224644955e+00
   1.9181584468805484e+00
   1.9197943433269573e+00
   1.9214283086619146e+00
   1.9230603397436128e+00
   1.9246904334302437e+00
   1.9263185865799999e+00
   1.9279447960275318e+00
   1.9295690585133232e+00
   1.9311913707543154e+00
   1.9328117294674505e+00
   1.9344301313696701e+00
   1.9360465731779164e+00
   1.9376610516091304e+00
   1.9392735633802547e+00
   1.9408841052082304e+00
   1.9424926738099999e+00
   1.9440992659146510e+00
   1.9457038782998577e+00
   1.9473065077554410e+00
   1.9489071510712217e+00
   1.9505058050370201e+00
   1.9521024664426567e+00
   1.9536971320779524e+00
   1.9552897987327278e+00
   1.9568804631968035e+00
   1.9584691222599999e+00
   1.9600557727240739e+00
   1.9616404114385251e+00
   1.9632230352647890e+00
   1.9648036410643017e+00
   1.9663822256984991e+00
   1.9679587860288161e+00
   1.9695333189166890e+00
   1.9711058212235537e+00
   1.9726762898108454e+00
   1.9742447215400001e+00
   1.9758111132513334e+00
   1.9773754617006820e+00
   1.9789377636227623e+00
   1.9804980157522907e+00
   1.9820562148239840e+00
   1.9836123575725586e+00
   1.9851664407327310e+00
   1.9867184610392177e+00
   1.9882684152267349e+00
   1.9898163000299998e+00
   1.9913621122185023e+00
   1.9929058487008267e+00
   1.9944475064203313e+00
   1.9959870823203747e+00
   1.9975245733443143e+00
   1.9990599764355093e+00
   2.0005932885373170e+00
   2.0021245065930957e+00
   2.0036536275462042e+00
   2.0051806483400001e+00
   2.0067055658966271e+00
   2.0082283770533711e+00
   2.0097490786263017e+00
   2.0112676674314902e+00
   2.0127841402850080e+00
   2.0142984940029245e+00
   2.0158107254013116e+00
   2.0173208312962392e+00
   2.0188288085037787e+00
   2.0203346538400000e+00
   2.0218383641356392e+00
   2.0233399362800908e+00
   2.0248393671774125e+00
   2.0263366537316641e+00
   2.0278317928469050e+00
   2.0293247814271931e+00
   2.0308156163765876e+00
   2.0323042945991476e+00
   2.0337908129989319e+00
   2.0352751684800001e+00
   2.0367573579477560e+00
   2.0382373783129877e+00
   2.0397152264878291e+00
   2.0411908993844130e+00
   2.0426643939148739e+00
   2.0441357069913444e+00
   2.0456048355259586e+00
   2.0470717764308506e+00
   2.0485365266181530e+00
   2.0499990829999999e+00
   2.0514594424883166e+00
   2.0529176019941984e+00
   2.0543735584285314e+00
   2.0558273087022032e+00
   2.0572788497260999e+00
   2.0587281784111089e+00
   2.0601752916681160e+00
   2.0616201864080095e+00
   2.0630628595416751e+00
   2.0645033079799999e+00
   2.0659415286490264e+00
   2.0673775185354177e+00
   2.0688112746409937e+00
   2.0702427939675729e+00
   2.0716720735169756e+00
   2.0730991102910199e+00
   2.0745239012915255e+00
   2.0759464435203108e+00
   2.0773667339791961e+00
   2.0787847696699999e+00
   2.0802005475775380e+00
   2.0816140646186105e+00
   2.0830253176930138e+00
   2.0844343037005442e+00
   2.0858410195409980e+00
   2.0872454621141725e+00
   2.0886476283198632e+00
   2.0900475150578672e+00
   2.0914451192279806e+00
   2.0928404377300005e+00
   2.0942334674936420e+00
   2.0956242055683010e+00
   2.0970126490332928e+00
   2.0983987949679319e+00
   2.0997826404515330e+00
   2.1011641825634118e+00
   2.1025434183828828e+00
   2.1039203449892616e+00
   2.1052949594618622e+00
   2.1066672588800004e+00
   2.1080372403075454e+00
   2.1094049007465863e+00
   2.1107702371837669e+00
   2.1121332466057301e+00
   2.1134939259991206e+00
   2.1148522723505812e+00
   2.1162082826467556e+00
   2.1175619538742882e+00
   2.1189132830198214e+00
   2.1202622670699998e+00
   2.1216089030247676e+00
   2.1229531879372745e+00
   2.1242951188739707e+00
   2.1256346929013072e+00
   2.1269719070857342e+00
   2.1283067584937028e+00
   2.1296392441916630e+00
   2.1309693612460650e+00
   2.1322971067233607e+00
   2.1336224776899999e+00
   2.1349454712153939e+00
   2.1362660843807957e+00
   2.1375843142704198e+00
   2.1389001579684805e+00
   2.1402136125591920e+00
   2.1415246751267678e+00
   2.1428333427554223e+00
   2.1441396125293699e+00
   2.1454434815328240e+00
   2.1467449468499997e+00
   2.1480440055663470e+00
   2.1493406547722631e+00
   2.1506348915593794e+00
   2.1519267130193303e+00
   2.1532161162437484e+00
   2.1545030983242666e+00
   2.1557876563525178e+00
   2.1570697874201352e+00
   2.1583494886187515e+00
   2.1596267570399998e+00
   2.1609015897888471e+00
   2.1621739840235934e+00
   2.1634439369158720e+00
   2.1647114456373178e+00
   2.1659765073595652e+00
   2.1672391192542464e+00
   2.1684992784929968e+00
   2.1697569822474496e+00
   2.1710122276892392e+00
   2.1722650119900000e+00
   2.1735153323096545e+00
   2.1747631857612846e+00
   2.1760085694462621e+00
   2.1772514804659577e+00
   2.1784919159217426e+00
   2.1797298729149879e+00
   2.1809653485470655e+00
   2.1821983399193456e+00
   2.1834288441331999e+00
   2.1846568582899999e+00
   2.1858823795150246e+00
   2.1871054050291874e+00
   2.1883259320773090e+00
   2.1895439579042115e+00
   2.1907594797547150e+00
   2.1919724948736410e+00
   2.1931830005058117e+00
   2.1943909938960475e+00
   2.1955964722891701e+00
   2.1967994329299998e+00
   2.1979998730532162e+00
   2.1991977898529251e+00
   2.2003931805130912e+00
   2.2015860422176772e+00
   2.2027763721506477e+00
   2.2039641674959665e+00
   2.2051494254375976e+00
   2.2063321431595040e+00
   2.2075123178456502e+00
   2.2086899466799998e+00
   2.2098650268577704e+00
   2.2110375556191917e+00
   2.2122075302157467e+00
   2.2133749478989198e+00
   2.2145398059201939e+00
   2.2157021015310523e+00
   2.2168618319829787e+00
   2.2180189945274571e+00
   2.2191735864159696e+00
   2.2203256049000002e+00
   2.2214750472353426e+00
   2.2226219106950289e+00
   2.2237661925564014e+00
   2.2249078900968033e+00
   2.2260470005935766e+00
   2.2271835213240636e+00
   2.2283174495656071e+00
   2.2294487825955493e+00
   2.2305775176912328e+00
   2.2317036521300002e+00
   2.2328271831918709e+00
   2.2339481081675743e+00
   2.2350664243505176e+00
   2.2361821290341073e+00
   2.2372952195117506e+00
   2.2384056930768534e+00
   2.2395135470228227e+00
   2.2406187786430660e+00
   2.2417213852309898e+00
   2.2428213640800001e+00
   2.2439187124952151e+00
   2.2450134278285940e+00
   2.2461055074438083e+00
   2.2471949487045277e+00
   2.2482817489744225e+00
   2.2493659056171635e+00
   2.2504474159964216e+00
   2.2515262774758664e+00
   2.2526024874191690e+00
   2.2536760431899996e+00
   2.2547469421464292e+00
   2.2558151816241283e+00
   2.2568807589531690e+00
   2.2579436714636221e+00
   2.2590039164855593e+00
   2.2600614913490511e+00
   2.2611163933841705e+00
   2.2621686199209869e+00
   2.2632181682895736e+00
   2.2642650358199998e+00
   2.2653092198606775e+00
   2.2663507178333706e+00
   2.2673895271781843e+00
   2.2684256453352227e+00
   2.2694590697445896e+00
   2.2704897978463894e+00
   2.2715178270807259e+00
