   6.5599955335214499e+00
   6.5642301626311141e+00
   6.5684565317843857e+00
   6.5726746358227146e+00
   6.5768844696656990e+00
   6.5810860282524688e+00
   6.5852793065221578e+00
   6.5894642994138968e+00
   6.5936410018668168e+00
   6.5978094088200505e+00
   6.6019695152127289e+00
   6.6061213159839847e+00
   6.6102648060729479e+00
   6.6143999804356133e+00
   6.6185268340954178e+00
   6.6226453620926629e+00
   6.6267555594676466e+00
   6.6308574212606679e+00
   6.6349509425120283e+00
   6.6390361182620259e+00
   6.6431129435509622e+00
   6.6471814134191343e+00
   6.6512415229068429e+00
   6.6552932670721496e+00
   6.6593366410441615e+00
   6.6633716399697489e+00
   6.6673982589957799e+00
   6.6714164932691249e+00
   6.6754263379366519e+00
   6.6794277881452322e+00
   6.6834208390417347e+00
   6.6874054857730281e+00
   6.6913817234859820e+00
   6.6953495473442075e+00
   6.6993089525782850e+00
   6.7032599344355370e+00
   6.7072024881632846e+00
   6.7111366090088493e+00
   6.7150622922195540e+00
   6.7189795330427202e+00
   6.7228883267256716e+00
   6.7267886685157272e+00
   6.7306805536602106e+00
   6.7345639774240915e+00
   6.7384389351429306e+00
   6.7423054221699372e+00
   6.7461634338583201e+00
   6.7500129655612886e+00
   6.7538540126320497e+00
   6.7576865704238145e+00
   6.7615106342897908e+00
   6.7653261995831881e+00
   6.7691332616572142e+00
   6.7729318158818081e+00
   6.7767218576938184e+00
   6.7805033825468266e+00
   6.7842763858944091e+00
   6.7880408631901465e+00
   6.7917968098876189e+00
   6.7955442214404034e+00
   6.7992830933020807e+00
   6.8030134209262290e+00
   6.8067351997664272e+00
   6.8104484252953874e+00
   6.8141530930623428e+00
   6.8178491986356651e+00
   6.8215367375837195e+00
   6.8252157054748750e+00
   6.8288860978774979e+00
   6.8325479103599571e+00
   6.8362011384906207e+00
   6.8398457778378559e+00
   6.8434818239700306e+00
   6.8471092724721698e+00
   6.8507281189959324e+00
   6.8543383592096294e+00
   6.8579399887815793e+00
   6.8615330033800950e+00
   6.8651173986734912e+00
   6.8686931703300829e+00
   6.8722603140181846e+00
   6.8758188254061112e+00
   6.8793687001621775e+00
   6.8829099339730506e+00
   6.8864425225988137e+00
   6.8899664618178997e+00
   6.8934817474087433e+00
   6.8969883751497782e+00
   6.9004863408194392e+00
   6.9039756401961618e+00
   6.9074562690583798e+00
   6.9109282231845270e+00
   6.9143914983530390e+00
   6.9178460903606283e+00
   6.9212919950771221e+00
   6.9247292083906276e+00
   6.9281577261892506e+00
   6.9315775443610983e+00
   6.9349886587942766e+00
   6.9383910653768925e+00
   6.9417847599970512e+00
   6.9451697385428597e+00
   6.9485459969024248e+00
   6.9519135309816811e+00
   6.9552723367578766e+00
   6.9586224102260870e+00
   6.9619637473813887e+00
   6.9652963442188582e+00
   6.9686201967335721e+00
   6.9719353009206060e+00
   6.9752416527750354e+00
   6.9785392482919386e+00
   6.9818280834663904e+00
   6.9851081543113116e+00
   6.9883794569110007e+00
   6.9916419873676006e+00
   6.9948957417832540e+00
   6.9981407162601057e+00
   7.0013769069002967e+00
   7.0046043098059716e+00
   7.0078229210792724e+00
   7.0110327368223428e+00
   7.0142337531373240e+00
   7.0174259661437386e+00
   7.0206093720306084e+00
   7.0237839670043352e+00
   7.0269497472713205e+00
   7.0301067090379652e+00
   7.0332548485106701e+00
   7.0363941618958368e+00
   7.0395246453998661e+00
   7.0426462952291589e+00
   7.0457591075901158e+00
   7.0488630787067121e+00
   7.0519582048732197e+00
   7.0550444824014846e+00
   7.0581219076033532e+00
   7.0611904767906708e+00
   7.0642501862752827e+00
   7.0673010323690351e+00
   7.0703430113837733e+00
   7.0733761196313445e+00
   7.0764003534235931e+00
   7.0794157090888028e+00
   7.0824221830210039e+00
   7.0854197716306615e+00
   7.0884084713282425e+00
   7.0913882785242146e+00
   7.0943591896290448e+00
   7.0973212010531990e+00
   7.1002743092071432e+00
   7.1032185105013452e+00
   7.1061538013462702e+00
   7.1090801781695152e+00
   7.1119976374671845e+00
   7.1149061757525116e+00
   7.1178057895387319e+00
   7.1206964753390789e+00
   7.1235782296667844e+00
   7.1264510490350856e+00
   7.1293149299572143e+00
   7.1321698689464039e+00
   7.1350158625158899e+00
   7.1378529071961827e+00
   7.1406809995869036e+00
   7.1435001363049508e+00
   7.1463103139672217e+00
   7.1491115291906162e+00
   7.1519037785920307e+00
   7.1546870587883653e+00
   7.1574613663965172e+00
   7.1602266980333846e+00
   7.1629830503158667e+00
   7.1657304198793188e+00
   7.1684688034329316e+00
   7.1711981977043537e+00
   7.1739185994212313e+00
   7.1766300053112149e+00
   7.1793324121019504e+00
   7.1820258165210875e+00
   7.1847102152962732e+00
   7.1873856051551561e+00
   7.1900519828253842e+00
   7.1927093450530029e+00
   7.1953576886576380e+00
   7.1979970104773159e+00
   7.2006273073500600e+00
   7.2032485761138947e+00
   7.2058608136068454e+00
   7.2084640166669347e+00
   7.2110581821321889e+00
   7.2136433068406305e+00
   7.2162193876302840e+00
   7.2187864213588275e+00
   7.2213444049625393e+00
   7.2238933353973538e+00
   7.2264332096192030e+00
   7.2289640245840188e+00
   7.2314857772477348e+00
   7.2339984645662829e+00
   7.2365020834955960e+00
   7.2389966309916058e+00
   7.2414821040102462e+00
   7.2439584995264363e+00
   7.2464258145910492e+00
   7.2488840462739432e+00
   7.2513331916449788e+00
   7.2537732477740144e+00
   7.2562042117309113e+00
   7.2586260805855272e+00
   7.2610388514077231e+00
   7.2634425212673577e+00
   7.2658370872342912e+00
   7.2682225463972667e+00
   7.2705988959205632e+00
   7.2729661329873458e+00
   7.2753242547807764e+00
   7.2776732584840209e+00
   7.2800131412802411e+00
   7.2823439003525996e+00
   7.2846655328842633e+00
   7.2869780360583931e+00
   7.2892814070581533e+00
   7.2915756430864720e+00
   7.2938607414253358e+00
   7.2961366993764942e+00
   7.2984035142416968e+00
   7.3006611833226946e+00
   7.3029097039212383e+00
   7.3051490733390771e+00
   7.3073792888779625e+00
   7.3096003478396439e+00
   7.3118122475258724e+00
   7.3140149852561001e+00
   7.3162085584205885e+00
   7.3183929644273036e+00
   7.3205682006842094e+00
   7.3227342645992710e+00
   7.3248911535804533e+00
   7.3270388650357212e+00
   7.3291773963730371e+00
   7.3313067450003695e+00
   7.3334269083256807e+00
   7.3355378837766372e+00
   7.3376396688597154e+00
   7.3397322611010907e+00
   7.3418156580269409e+00
   7.3438898571634406e+00
   7.3459548560367693e+00
   7.3480106521731035e+00
   7.3500572430986182e+00
   7.3520946263394915e+00
   7.3541227994218996e+00
   7.3561417598890273e+00
   7.3581515053520867e+00
   7.3601520334392996e+00
   7.3621433417788857e+00
   7.3641254279990651e+00
   7.3660982897280594e+00
   7.3680619245940884e+00
   7.3700163302253712e+00
   7.3719615042501312e+00
   7.3738974442965866e+00
   7.3758241480128044e+00
   7.3777416131262363e+00
   7.3796498373841777e+00
   7.3815488185339264e+00
   7.3834385543227778e+00
   7.3853190424980291e+00
   7.3871902808069789e+00
   7.3890522669969210e+00
   7.3909049988151549e+00
   7.3927484740089753e+00
   7.3945826903431646e+00
   7.3964076456524452e+00
   7.3982233377890267e+00
   7.4000297646051170e+00
   7.4018269239529220e+00
   7.4036148136846522e+00
   7.4053934316525147e+00
   7.4071627757087182e+00
   7.4089228437054695e+00
   7.4106736334949783e+00
   7.4124151429478786e+00
   7.4141473700085188e+00
   7.4158703126396706e+00
   7.4175839688041076e+00
   7.4192883364646054e+00
   7.4209834135839348e+00
   7.4226691981248711e+00
   7.4243456880501890e+00
   7.4260128813226611e+00
   7.4276707759050602e+00
   7.4293193697803019e+00
   7.4309586610118608e+00
   7.4325886476833505e+00
   7.4342093278783885e+00
   7.4358206996805905e+00
   7.4374227611735693e+00
   7.4390155104409441e+00
   7.4405989455663271e+00
   7.4421730646333346e+00
   7.4437378657255824e+00
   7.4452933469436262e+00
   7.4468395064557882e+00
   7.4483763424473288e+00
   7.4499038531035122e+00
   7.4514220366095980e+00
   7.4529308911508476e+00
   7.4544304149125260e+00
   7.4559206060798937e+00
   7.4574014628382121e+00
   7.4588729833727427e+00
   7.4603351658901635e+00
   7.4617880086828077e+00
   7.4632315100644222e+00
   7.4646656683487551e+00
   7.4660904818495553e+00
   7.4675059488805715e+00
   7.4689120677555501e+00
   7.4703088367882406e+00
   7.4716962542923904e+00
   7.4730743185817463e+00
   7.4744430279864735e+00
   7.4758023809023930e+00
   7.4771523757417473e+00
   7.4784930109167709e+00
   7.4798242848397036e+00
   7.4811461959227854e+00
   7.4824587425782534e+00
   7.4837619232183465e+00
   7.4850557362553038e+00
   7.4863401801013625e+00
   7.4876152531897890e+00
   7.4888809540379553e+00
   7.4901372811842588e+00
   7.4913842331670990e+00
   7.4926218085248744e+00
   7.4938500057959834e+00
   7.4950688235188254e+00
