   1.1534130969278962e+00  -8.8105422112014475e-01  -3.0445214675965343e-01   1.4256278435121253e-01   3.9708013545917603e-01  -2.2468376971126984e+00   2.2132674056546873e+00   2.3650083818495471e+00
   1.1536976620921808e+00  -8.8071067071255094e-01  -3.0449565346642854e-01   1.4240214312207961e-01   3.9691651524103305e-01  -2.2469893460882742e+00   2.2135238723133335e+00   2.3651293691160489e+00
   1.1539821772043974e+00  -8.8036712905343395e-01  -3.0453920831605708e-01   1.4224150059322654e-01   3.9675291446200678e-01  -2.2471409475608315e+00   2.2137802985952679e+00   2.3652502994436295e+00
   1.1542666413154610e+00  -8.8002358990429985e-01  -3.0458280893693690e-01   1.4208085992698535e-01   3.9658933590244633e-01  -2.2472925002001198e+00   2.2140366847424757e+00   2.3653711728896614e+00
   1.1545510586125238e+00  -8.7968005686952699e-01  -3.0462645604925215e-01   1.4192021978235292e-01   3.9642577679374985e-01  -2.2474440048960420e+00   2.2142930314812905e+00   2.3654919888987909e+00
   1.1548354241886960e+00  -8.7933652604024415e-01  -3.0467015146626114e-01   1.4175958050654572e-01   3.9626223828457791e-01  -2.2475954618655707e+00   2.2145493377981844e+00   2.3656127487827785e+00
   1.1551197402437738e+00  -8.7899300429984195e-01  -3.0471389362819601e-01   1.4159893994215383e-01   3.9609872002801089e-01  -2.2477468709416537e+00   2.2148056038596713e+00   2.3657334522121483e+00
   1.1554040063279891e+00  -8.7864948508743201e-01  -3.0475768142754112e-01   1.4143830235242519e-01   3.9593522438836526e-01  -2.2478982317944487e+00   2.2150618302767904e+00   2.3658540976983664e+00
   1.1556882222438065e+00  -8.7830597054733484e-01  -3.0480151690594137e-01   1.4127766459414964e-01   3.9577174733107973e-01  -2.2480495441525266e+00   2.2153180164458246e+00   2.3659746867705045e+00
   1.1559723902433880e+00  -8.7796246389952426e-01  -3.0484540022481277e-01   1.4111702683868901e-01   3.9560829231485045e-01  -2.2482008093494894e+00   2.2155741626405878e+00   2.3660952191572644e+00
   1.1562565061066772e+00  -8.7761895888057417e-01  -3.0488932876676694e-01   1.4095639015772202e-01   3.9544485753284875e-01  -2.2483520262572134e+00   2.2158302686420313e+00   2.3662156945817707e+00
   1.1565405714006827e+00  -8.7727546325281469e-01  -3.0493330464054041e-01   1.4079575386274104e-01   3.9528144269953619e-01  -2.2485031954850370e+00   2.2160863346537196e+00   2.3663361133093699e+00
   1.1568245920722746e+00  -8.7693196873016077e-01  -3.0497732795097765e-01   1.4063511890640623e-01   3.9511805029117408e-01  -2.2486543158471624e+00   2.2163423608936368e+00   2.3664564749727202e+00
   1.1571085577544720e+00  -8.7658848180599580e-01  -3.0502139836315184e-01   1.4047448448339281e-01   3.9495467778384874e-01  -2.2488053888614994e+00   2.2165983465744001e+00   2.3665767803079798e+00
   1.1573924730727336e+00  -8.7624499831601754e-01  -3.0506551516302211e-01   1.4031385003564231e-01   3.9479132556516044e-01  -2.2489564131460713e+00   2.2168542921862007e+00   2.3666970276215817e+00
   1.1576763398067313e+00  -8.7590152162701818e-01  -3.0510967871480765e-01   1.4015321639399506e-01   3.9462799476082805e-01  -2.2491073906269423e+00   2.2171101977098906e+00   2.3668172190178756e+00
   1.1579601579099694e+00  -8.7555804875299148e-01  -3.0515388810360344e-01   1.3999258449931451e-01   3.9446468421188297e-01  -2.2492583185704857e+00   2.2173660635151742e+00   2.3669373530695581e+00
   1.1582439242009155e+00  -8.7521458354762527e-01  -3.0519814648300808e-01   1.3983195339364363e-01   3.9430139497479377e-01  -2.2494091994751084e+00   2.2176218886630177e+00   2.3670574300039062e+00
   1.1585276432760754e+00  -8.7487111988170674e-01  -3.0524244985084592e-01   1.3967132144714961e-01   3.9413812595402870e-01  -2.2495600316799842e+00   2.2178776737661718e+00   2.3671774498780151e+00
   1.1588113109568332e+00  -8.7452766492903689e-01  -3.0528680135244912e-01   1.3951069081305484e-01   3.9397487744604698e-01  -2.2497108162578425e+00   2.2181334179915555e+00   2.3672974138484926e+00
   1.1590949289177943e+00  -8.7418421245092470e-01  -3.0533119932683578e-01   1.3935006261937338e-01   3.9381165132438478e-01  -2.2498615520434457e+00   2.2183891231427579e+00   2.3674173198371600e+00
   1.1593784949797199e+00  -8.7384076670992694e-01  -3.0537564432775316e-01   1.3918943322855354e-01   3.9364844494923773e-01  -2.2500122403940499e+00   2.2186447872857098e+00   2.3675371694035467e+00
   1.1596620137239617e+00  -8.7349732819931392e-01  -3.0542013544063257e-01   1.3902880416361338e-01   3.9348525851236593e-01  -2.2501628804156875e+00   2.2189004117784403e+00   2.3676569619522629e+00
   1.1599454826451785e+00  -8.7315389169176749e-01  -3.0546467407761813e-01   1.3886817898811332e-01   3.9332209489089948e-01  -2.2503134718795827e+00   2.2191559954802504e+00   2.3677766971829244e+00
   1.1602289001722794e+00  -8.7281046176305610e-01  -3.0550925946465013e-01   1.3870755266410956e-01   3.9315895122122702e-01  -2.2504640157530726e+00   2.2194115395580472e+00   2.3678963755666316e+00
   1.1605122664962642e+00  -8.7246703477996923e-01  -3.0555389005818334e-01   1.3854692654180181e-01   3.9299582832273411e-01  -2.2506145110462805e+00   2.2196670427264182e+00   2.3680159968086314e+00
   1.1607955851959182e+00  -8.7212361614085454e-01  -3.0559856966450916e-01   1.3838630225894386e-01   3.9283272610745668e-01  -2.2507649582597398e+00   2.2199225060255503e+00   2.3681355614713322e+00
   1.1610788534401719e+00  -8.7178020353850172e-01  -3.0564329524316508e-01   1.3822567900776558e-01   3.9266964562640050e-01  -2.2509153575928322e+00   2.2201779292306050e+00   2.3682550691010489e+00
   1.1613620690080639e+00  -8.7143679395135021e-01  -3.0568806853127728e-01   1.3806505466881724e-01   3.9250658454939941e-01  -2.2510657087371988e+00   2.2204333109142356e+00   2.3683745199644921e+00
   1.1616452376738178e+00  -8.7109339048593226e-01  -3.0573288784781921e-01   1.3790443397957586e-01   3.9234354695284690e-01  -2.2512160110768260e+00   2.2206886539355026e+00   2.3684939129354978e+00
   1.1619283557377103e+00  -8.7074999298794686e-01  -3.0577775379514321e-01   1.3774381251597362e-01   3.9218052819560939e-01  -2.2513662656931186e+00   2.2209439560093882e+00   2.3686132495914132e+00
   1.1622114202714486e+00  -8.7040660199753439e-01  -3.0582266737670477e-01   1.3758319129697336e-01   3.9201752999017997e-01  -2.2515164722829284e+00   2.2211992170341537e+00   2.3687325291337502e+00
   1.1624944400365445e+00  -8.7006321405535592e-01  -3.0586762711209320e-01   1.3742257349030212e-01   3.9185455446182410e-01  -2.2516666301389345e+00   2.2214544383679948e+00   2.3688517510153559e+00
   1.1627774059653331e+00  -8.6971983055063085e-01  -3.0591263243546118e-01   1.3726195424122106e-01   3.9169159849755114e-01  -2.2518167404280574e+00   2.2217096195375512e+00   2.3689709171563029e+00
   1.1630603229659098e+00  -8.6937645553885667e-01  -3.0595768662473810e-01   1.3710133798776378e-01   3.9152866488095767e-01  -2.2519668013175780e+00   2.2219647594595120e+00   2.3690900248257369e+00
   1.1633431907806957e+00  -8.6903308559968184e-01  -3.0600278663530472e-01   1.3694072129688425e-01   3.9136575049862682e-01  -2.2521168154612408e+00   2.2222198598262000e+00   2.3692090760489632e+00
   1.1636260081603682e+00  -8.6868971773580062e-01  -3.0604793281382875e-01   1.3678010594592166e-01   3.9120285818054917e-01  -2.2522667799779805e+00   2.2224749196059088e+00   2.3693280700698511e+00
   1.1639087759479647e+00  -8.6834635678607131e-01  -3.0609312686738505e-01   1.3661949106849194e-01   3.9103998678914020e-01  -2.2524166969384005e+00   2.2227299391807587e+00   2.3694470065472291e+00
   1.1641914921735037e+00  -8.6800300529675001e-01  -3.0613836745000822e-01   1.3645887681981653e-01   3.9087713628167747e-01  -2.2525665662826668e+00   2.2229849171716709e+00   2.3695658874905718e+00
   1.1644741569879198e+00  -8.6765965691183733e-01  -3.0618365439649275e-01   1.3629826481798527e-01   3.9071430779210614e-01  -2.2527163863910746e+00   2.2232398557711730e+00   2.3696847098235674e+00
   1.1647567776789898e+00  -8.6731631180632340e-01  -3.0622898787763808e-01   1.3613765412610959e-01   3.9055149896972574e-01  -2.2528661580915155e+00   2.2234947540716186e+00   2.3698034755372728e+00
   1.1650393404274557e+00  -8.6697297568014697e-01  -3.0627436962080679e-01   1.3597704217540699e-01   3.9038871140506876e-01  -2.2530158823923103e+00   2.2237496109259771e+00   2.3699221841117315e+00
   1.1653218586648084e+00  -8.6662964277191146e-01  -3.0631979785250463e-01   1.3581643415340008e-01   3.9022594623705792e-01  -2.2531655572848375e+00   2.2240044285103342e+00   2.3700408360331395e+00
   1.1656043247496843e+00  -8.6628631749081841e-01  -3.0636527153190035e-01   1.3565582594561701e-01   3.9006320077828782e-01  -2.2533151846130401e+00   2.2242592048931926e+00   2.3701594299150188e+00
   1.1658867409717562e+00  -8.6594299507833405e-01  -3.0641079273103611e-01   1.3549521856911176e-01   3.8990047768128672e-01  -2.2534647633703737e+00   2.2245139409322583e+00   2.3702779672067371e+00
   1.1661691075438310e+00  -8.6559967872894217e-01  -3.0645636025189110e-01   1.3533461176053216e-01   3.8973777385619685e-01  -2.2536142937429764e+00   2.2247686364937516e+00   2.3703964470282335e+00
   1.1664514215403075e+00  -8.6525637042856918e-01  -3.0650197528600692e-01   1.3517400610779989e-01   3.8957509192354139e-01  -2.2537637756283972e+00   2.2250232912392502e+00   2.3705148703459562e+00
   1.1667336895007840e+00  -8.6491306407359536e-01  -3.0654763582357791e-01   1.3501340290137337e-01   3.8941243166426504e-01  -2.2539132092117256e+00   2.2252779055576304e+00   2.3706332359770084e+00
   1.1670159036277117e+00  -8.6456976603232871e-01  -3.0659334462212035e-01   1.3485280074003253e-01   3.8924979160656276e-01  -2.2540625941748669e+00   2.2255324789666746e+00   2.3707515444727680e+00
   1.1672980691702763e+00  -8.6422647293425336e-01  -3.0663909933344929e-01   1.3469219879210267e-01   3.8908717363146728e-01  -2.2542119311912763e+00   2.2257870128420421e+00   2.3708697959663145e+00
   1.1675801839562729e+00  -8.6388318575188461e-01  -3.0668490171771046e-01   1.3453159749497909e-01   3.8892457678248016e-01  -2.2543612201557366e+00   2.2260415053465277e+00   2.3709879897086137e+00
   1.1678622494551840e+00  -8.6353990349879983e-01  -3.0673074894424379e-01   1.3437099891171456e-01   3.8876200035795727e-01  -2.2545104605717330e+00   2.2262959571891434e+00   2.3711061274173835e+00
   1.1681442638364812e+00  -8.6319662697545219e-01  -3.0677664475031213e-01   1.3421039995306494e-01   3.8859944563678267e-01  -2.2546596522365512e+00   2.2265503684894963e+00   2.3712242067236526e+00
   1.1684262269501959e+00  -8.6285335826971188e-01  -3.0682258644909510e-01   1.3404980308636369e-01   3.8843691334067015e-01  -2.2548087955928606e+00   2.2268047397206794e+00   2.3713422299518281e+00
   1.1687081411786173e+00  -8.6251009291059977e-01  -3.0686857440837578e-01   1.3388920705050308e-01   3.8827439949595305e-01  -2.2549578902819247e+00   2.2270590697476167e+00   2.3714601946385025e+00
   1.1689900057948635e+00  -8.6216683344674683e-01  -3.0691460985347691e-01   1.3372861213814952e-01   3.8811190866476925e-01  -2.2551069369765391e+00   2.2273133593947589e+00   2.3715781033381922e+00
   1.1692718174788661e+00  -8.6182358014570237e-01  -3.0696069205343068e-01   1.3356801788277067e-01   3.8794943821040673e-01  -2.2552559347298495e+00   2.2275676081651330e+00   2.3716959540523779e+00
   1.1695535819822636e+00  -8.6148033241303934e-01  -3.0700682050546713e-01   1.3340742669666059e-01   3.8778698924784666e-01  -2.2554048844207060e+00   2.2278218163724599e+00   2.3718137478306223e+00
   1.1698352939710139e+00  -8.6113709209519029e-01  -3.0705299604523406e-01   1.3324683526494124e-01   3.8762456303155035e-01  -2.2555537859877988e+00   2.2280759839750459e+00   2.3719314843660828e+00
   1.1701169591636233e+00  -8.6079385329157565e-01  -3.0709921702428000e-01   1.3308624631645052e-01   3.8746215663455169e-01  -2.2557026380629837e+00   2.2283301108143037e+00   2.3720491627306459e+00
   1.1703985688295599e+00  -8.6045062392795280e-01  -3.0714548730596075e-01   1.3292565687060215e-01   3.8729977198610360e-01  -2.2558514424097078e+00   2.2285841968143125e+00   2.3721667852523685e+00
   1.1706801323320613e+00  -8.6010739871100594e-01  -3.0719180244232719e-01   1.3276506905063948e-01   3.8713740791050955e-01  -2.2560001982609630e+00   2.2288382425239304e+00   2.3722843499124644e+00
   1.1709616432350034e+00  -8.5976418000179589e-01  -3.0723816432463968e-01   1.3260448318480869e-01   3.8697506531318732e-01  -2.2561489055225148e+00   2.2290922471298869e+00   2.3724018569542671e+00
   1.1712431042109901e+00  -8.5942096724179762e-01  -3.0728457313529289e-01   1.3244389935139153e-01   3.8681274398452636e-01  -2.2562975641989160e+00   2.2293462111469835e+00   2.3725193068098052e+00
   1.1715245156638212e+00  -8.5907776087855059e-01  -3.0733102879594471e-01   1.3228331667161072e-01   3.8665044512951330e-01  -2.2564461740295596e+00   2.2296001340924887e+00   2.3726366996761579e+00
   1.1718058767276691e+00  -8.5873456061321862e-01  -3.0737753022326525e-01   1.3212273433272900e-01   3.8648816659223506e-01  -2.2565947357547405e+00   2.2298540169682028e+00   2.3727540349888923e+00
   1.1720871855083441e+00  -8.5839136481973810e-01  -3.0742408048643466e-01   1.3196215207885525e-01   3.8632590963665603e-01  -2.2567432496990065e+00   2.2301078581351179e+00   2.3728713138785356e+00
   1.1723684452975871e+00  -8.5804817541129441e-01  -3.0747067655198801e-01   1.3180157360183836e-01   3.8616367400774526e-01  -2.2568917138846665e+00   2.2303616591465776e+00   2.3729885344186536e+00
   1.1726496564785089e+00  -8.5770499062769834e-01  -3.0751731810660926e-01   1.3164099578458677e-01   3.8600145959883275e-01  -2.2570401294591838e+00   2.2306154187185125e+00   2.3731056973352800e+00
   1.1729308151130728e+00  -8.5736181317492743e-01  -3.0756400609882550e-01   1.3148041951006870e-01   3.8583926676148617e-01  -2.2571884971200107e+00   2.2308691380402643e+00   2.3732228035561200e+00
   1.1732119236259906e+00  -8.5701864340548106e-01  -3.0761074253673121e-01   1.3131984383326428e-01   3.8567709549134160e-01  -2.2573368165598957e+00   2.2311228164507524e+00   2.3733398528173550e+00
   1.1734929827216753e+00  -8.5667547468327920e-01  -3.0765752495826681e-01   1.3115927010243386e-01   3.8551494554952276e-01  -2.2574850865818368e+00   2.2313764543369952e+00   2.3734568441092878e+00
   1.1737739899978603e+00  -8.5633231618979988e-01  -3.0770435446291711e-01   1.3099869717413198e-01   3.8535281577768610e-01  -2.2576333083323603e+00   2.2316300503657014e+00   2.3735737782607091e+00
   1.1740549496826107e+00  -8.5598916189263996e-01  -3.0775122909993824e-01   1.3083812723841107e-01   3.8519071030122398e-01  -2.2577814813819810e+00   2.2318836068524486e+00   2.3736906549113108e+00
   1.1743358555272319e+00  -8.5564601309964661e-01  -3.0779815170296815e-01   1.3067755775351983e-01   3.8502862456747811e-01  -2.2579296058192440e+00   2.2321371217417139e+00   2.3738074743545070e+00
   1.1746167117715207e+00  -8.5530287241539060e-01  -3.0784512020653892e-01   1.3051698895533542e-01   3.8486655980666518e-01  -2.2580776819360180e+00   2.2323905956230234e+00   2.3739242358501063e+00
   1.1748975183539554e+00  -8.5495973445199092e-01  -3.0789213628325723e-01   1.3035642287211555e-01   3.8470451691865359e-01  -2.2582257089739390e+00   2.2326440291100798e+00   2.3740409405486433e+00
   1.1751782740757504e+00  -8.5461660659647543e-01  -3.0793919732546127e-01   1.3019585829080255e-01   3.8454249529037304e-01  -2.2583736873920497e+00   2.2328974208016796e+00   2.3741575877458172e+00
   1.1754589797314272e+00  -8.5427348214159959e-01  -3.0798630824235451e-01   1.3003529312527176e-01   3.8438049526217000e-01  -2.2585216185594175e+00   2.2331507719355428e+00   2.3742741778438661e+00
   1.1757396335915089e+00  -8.5393036388963817e-01  -3.0803346281013033e-01   1.2987473080633219e-01   3.8421851635106308e-01  -2.2586695002991584e+00   2.2334040822919849e+00   2.3743907105302489e+00
   1.1760202386699286e+00  -8.5358725025379900e-01  -3.0808066400502832e-01   1.2971417093364451e-01   3.8405655946370065e-01  -2.2588173321591376e+00   2.2336573514453781e+00   2.3745071846356427e+00
   1.1763007922280015e+00  -8.5324414591349773e-01  -3.0812791346362756e-01   1.2955361142543212e-01   3.8389462468704477e-01  -2.2589651164226621e+00   2.2339105801106198e+00   2.3746236021555798e+00
   1.1765812961986055e+00  -8.5290104590696825e-01  -3.0817520891198252e-01   1.2939305328530074e-01   3.8373271065556447e-01  -2.2591128515918135e+00   2.2341637672702861e+00   2.3747399622058971e+00
   1.1768617484519981e+00  -8.5255795345895424e-01  -3.0822255089787581e-01   1.2923249675743306e-01   3.8357081792301556e-01  -2.2592605388459179e+00   2.2344169133726957e+00   2.3748562650875082e+00
   1.1771421516335641e+00  -8.5221486420758519e-01  -3.0826993844299233e-01   1.2907194244810460e-01   3.8340894687609139e-01  -2.2594081763933249e+00   2.2346700189759661e+00   2.3749725098166006e+00
   1.1774225032605985e+00  -8.5187178338852398e-01  -3.0831737500430956e-01   1.2891138898190324e-01   3.8324709721927919e-01  -2.2595557662575150e+00   2.2349230831636118e+00   2.3750886982313664e+00
   1.1777028044000297e+00  -8.5152870589884799e-01  -3.0836485640867811e-01   1.2875083750499949e-01   3.8308527136063586e-01  -2.2597033064619714e+00   2.2351761065817199e+00   2.3752048280367828e+00
   1.1779830539479106e+00  -8.5118563726514351e-01  -3.0841238444412333e-01   1.2859028830700420e-01   3.8292346459200072e-01  -2.2598507988949792e+00   2.2354290888739068e+00   2.3753209013336636e+00
   1.1782632550829957e+00  -8.5084257284208398e-01  -3.0845995994793030e-01   1.2842974007157443e-01   3.8276168038611852e-01  -2.2599982416604996e+00   2.2356820299617777e+00   2.3754369161211772e+00
   1.1785434041287748e+00  -8.5049951849766658e-01  -3.0850758085717916e-01   1.2826919349068913e-01   3.8259991685001443e-01  -2.2601456361744456e+00   2.2359349301028812e+00   2.3755528742220418e+00
   1.1788235036682133e+00  -8.5015646517194299e-01  -3.0855524976679743e-01   1.2810864885844239e-01   3.8243817545608033e-01  -2.2602929815248269e+00   2.2361877889247403e+00   2.3756687739828699e+00
   1.1791035530871634e+00  -8.4981342191821907e-01  -3.0860296436675433e-01   1.2794810422249353e-01   3.8227645651630876e-01  -2.2604402788331139e+00   2.2364406071050444e+00   2.3757846171538448e+00
   1.1793835495156171e+00  -8.4947038353066640e-01  -3.0865072587532266e-01   1.2778756274327532e-01   3.8211475850485710e-01  -2.2605875266343838e+00   2.2366933838530478e+00   2.3759004024769066e+00
   1.1796634981478025e+00  -8.4912735209007917e-01  -3.0869853365368238e-01   1.2762702230824710e-01   3.8195308136937506e-01  -2.2607347256990602e+00   2.2369461195882936e+00   2.3760161296377058e+00
   1.1799433937858017e+00  -8.4878432575388352e-01  -3.0874638883907085e-01   1.2746648424894230e-01   3.8179142696734009e-01  -2.2608818770090440e+00   2.2371988141222374e+00   2.3761318004380363e+00
   1.1802232417029292e+00  -8.4844130326304990e-01  -3.0879428961292771e-01   1.2730594833090980e-01   3.8162979520693346e-01  -2.2610289781184001e+00   2.2374514676076722e+00   2.3762474123108821e+00
   1.1805030372147711e+00  -8.4809829036149043e-01  -3.0884223689343493e-01   1.2714541211521677e-01   3.8146818237675706e-01  -2.2611760313907148e+00   2.2377040796522985e+00   2.3763629678365339e+00
   1.1807827814547267e+00  -8.4775528359630292e-01  -3.0889023167479501e-01   1.2698488039853698e-01   3.8130659367805264e-01  -2.2613230356597294e+00   2.2379566508666957e+00   2.3764784650846966e+00
   1.1810624754108083e+00  -8.4741228424820825e-01  -3.0893827262481405e-01   1.2682434744727947e-01   3.8114502453257465e-01  -2.2614699909405758e+00   2.2382091802619004e+00   2.3765939054012390e+00
   1.1813421208131156e+00  -8.4706928600775711e-01  -3.0898635928476570e-01   1.2666381842503915e-01   3.8098347979531533e-01  -2.2616168971460113e+00   2.2384616694895327e+00   2.3767092871341688e+00
   1.1816217134137432e+00  -8.4672629898434471e-01  -3.0903449377735143e-01   1.2650329047517647e-01   3.8082195472239605e-01  -2.2617637548022689e+00   2.2387141170979694e+00   2.3768246121090861e+00
   1.1819012556118453e+00  -8.4638331837933412e-01  -3.0908267366147468e-01   1.2634276408542156e-01   3.8066045197137166e-01  -2.2619105645040283e+00   2.2389665229159799e+00   2.3769398798056516e+00
   1.1821807474439081e+00  -8.4604033998054162e-01  -3.0913090142637573e-01   1.2618223974637321e-01   3.8049897198374166e-01  -2.2620573241489734e+00   2.2392188882785766e+00   2.3770550893039299e+00
   1.1824601890867841e+00  -8.4569737008208568e-01  -3.0917917519043842e-01   1.2602171643255577e-01   3.8033751251009185e-01  -2.2622040352900372e+00   2.2394712119050122e+00   2.3771702408744400e+00
   1.1827395796674678e+00  -8.4535440633891745e-01  -3.0922749519101250e-01   1.2586119633008619e-01   3.8017607486055971e-01  -2.2623506975344401e+00   2.2397234942145765e+00   2.3772853348128340e+00
   1.1830189166061618e+00  -8.4501145060161942e-01  -3.0927586180348504e-01   1.2570067638467800e-01   3.8001465847615373e-01  -2.2624973113774094e+00   2.2399757350253768e+00   2.3774003732698659e+00
   1.1832982066135729e+00  -8.4466850105328350e-01  -3.0932427501130216e-01   1.2554015969065688e-01   3.7985326568789085e-01  -2.2626438754033624e+00   2.2402279353225647e+00   2.3775153513546439e+00
   1.1835774455224863e+00  -8.4432555742740623e-01  -3.0937273488413997e-01   1.2537964334061072e-01   3.7969189349816090e-01  -2.2627903909126013e+00   2.2404800940258265e+00   2.3776302731414933e+00
   1.1838566338455205e+00  -8.4398261791475782e-01  -3.0942124097051321e-01   1.2521913080312330e-01   3.7953054410394421e-01  -2.2629368575697084e+00   2.2407322116531310e+00   2.3777451369287506e+00
   1.1841357689090763e+00  -8.4363968723440741e-01  -3.0946979376243189e-01   1.2505861818707345e-01   3.7936921511291155e-01  -2.2630832752807875e+00   2.2409842871455870e+00   2.3778599425542275e+00
   1.1844148557084455e+00  -8.4329676246048402e-01  -3.0951839267662157e-01   1.2489810891137358e-01   3.7920790862907355e-01  -2.2632296439938737e+00   2.2412363219596370e+00   2.3779746913943685e+00
   1.1846938921916346e+00  -8.4295384265228723e-01  -3.0956703832284371e-01   1.2473760103285735e-01   3.7904662470343542e-01  -2.2633759640623126e+00   2.2414883153299594e+00   2.3780893821980693e+00
   1.1849728758860669e+00  -8.4261093214509875e-01  -3.0961573136178488e-01   1.2457709477907247e-01   3.7888536246353605e-01  -2.2635222349670969e+00   2.2417402675040310e+00   2.3782040150001240e+00
   1.1852518078801644e+00  -8.4226802780175170e-01  -3.0966447035846911e-01   1.2441658911316543e-01   3.7872411965881903e-01  -2.2636684572941776e+00   2.2419921777911811e+00   2.3783185917329317e+00
   1.1855306923320452e+00  -8.4192512527712227e-01  -3.0971325643496228e-01   1.2425608895387337e-01   3.7856290212511445e-01  -2.2638146301419106e+00   2.2422440473789633e+00   2.3784331089899711e+00
   1.1858095243638296e+00  -8.4158223340444416e-01  -3.0976208686334200e-01   1.2409558765832468e-01   3.7840170547623686e-01  -2.2639607538714701e+00   2.2424958747566195e+00   2.3785475691911966e+00
   1.1860883052136042e+00  -8.4123934837242242e-01  -3.0981096503129202e-01   1.2393508861453742e-01   3.7824052882586190e-01  -2.2641068295012561e+00   2.2427476608554233e+00   2.3786619718038517e+00
   1.1863670355105920e+00  -8.4089646962729359e-01  -3.0985989143587472e-01   1.2377459103452251e-01   3.7807937568130406e-01  -2.2642528552294219e+00   2.2429994060622076e+00   2.3787763171141787e+00
   1.1866457157700838e+00  -8.4055359698255816e-01  -3.0990886217420299e-01   1.2361409793450952e-01   3.7791824474400582e-01  -2.2643988321805284e+00   2.2432511094719354e+00   2.3788906041282076e+00
   1.1869243449139568e+00  -8.4021073142968772e-01  -3.0995788053862355e-01   1.2345360560406145e-01   3.7775713616720691e-01  -2.2645447603459883e+00   2.2435027718467251e+00   2.3790048329277838e+00
   1.1872029235235855e+00  -8.3986787048391409e-01  -3.1000694510948873e-01   1.2329311509349775e-01   3.7759604881490183e-01  -2.2646906396333448e+00   2.2437543923021752e+00   2.3791190045016686e+00
   1.1874814523312385e+00  -8.3952501604899143e-01  -3.1005605477184983e-01   1.2313262687449107e-01   3.7743498382980467e-01  -2.2648364693210983e+00   2.2440059718761174e+00   2.3792331180173174e+00
   1.1877599260575267e+00  -8.3918217003747264e-01  -3.1010521256833973e-01   1.2297213932085446e-01   3.7727394003754622e-01  -2.2649822507956281e+00   2.2442575093929698e+00   2.3793471742646535e+00
   1.1880383538039159e+00  -8.3883932856686461e-01  -3.1015441626779899e-01   1.2281165522500791e-01   3.7711291826055526e-01  -2.2651279820550569e+00   2.2445090050630543e+00   2.3794611717080807e+00
   1.1883167298283097e+00  -8.3849649560055817e-01  -3.1020366591202836e-01   1.2265117294128637e-01   3.7695191987050281e-01  -2.2652736651439436e+00   2.2447604596860549e+00   2.3795751131889920e+00
   1.1885950515397745e+00  -8.3815366880289854e-01  -3.1025296313489870e-01   1.2249069256037846e-01   3.7679094142141911e-01  -2.2654192989995230e+00   2.2450118726434698e+00   2.3796889952882214e+00
   1.1888733243343750e+00  -8.3781084862662658e-01  -3.1030230750288679e-01   1.2233021363330875e-01   3.7662998603136094e-01  -2.2655648838852622e+00   2.2452632441352049e+00   2.3798028210587447e+00
   1.1891515446185956e+00  -8.3746803659154123e-01  -3.1035169634488768e-01   1.2216973788810240e-01   3.7646905312805501e-01  -2.2657104196400892e+00   2.2455145743035216e+00   2.3799165876771329e+00
   1.1894297173796724e+00  -8.3712522757125529e-01  -3.1040113171470024e-01   1.2200926357395497e-01   3.7630814124920081e-01  -2.2658559059005392e+00   2.2457658628452375e+00   2.3800302974858605e+00
   1.1897078388012317e+00  -8.3678242935156599e-01  -3.1045061560005949e-01   1.2184879060828439e-01   3.7614725217428124e-01  -2.2660013432663848e+00   2.2460171094179135e+00   2.3801439485154154e+00
   1.1899859073123342e+00  -8.3643963234237728e-01  -3.1050014358243527e-01   1.2168832169200830e-01   3.7598638502328313e-01  -2.2661467316410251e+00   2.2462683152515313e+00   2.3802575426698156e+00
   1.1902639271262967e+00  -8.3609684718950472e-01  -3.1054971899195838e-01   1.2152785427869560e-01   3.7582554122449441e-01  -2.2662920709020469e+00   2.2465194786525244e+00   2.3803710778355609e+00
   1.1905418927317986e+00  -8.3575406700761901e-01  -3.1059934126043570e-01   1.2136738833772634e-01   3.7566471701094051e-01  -2.2664373610038147e+00   2.2467706005002555e+00   2.3804845565466759e+00
   1.1908198124498748e+00  -8.3541129172448603e-01  -3.1064900917954286e-01   1.2120692498918176e-01   3.7550391666883859e-01  -2.2665826023060287e+00   2.2470216812726820e+00   2.3805979761522322e+00
   1.1910976771533441e+00  -8.3506852587350788e-01  -3.1069872384527381e-01   1.2104646384853571e-01   3.7534313745116910e-01  -2.2667277940271959e+00   2.2472727197564595e+00   2.3807113384256584e+00
   1.1913754913587007e+00  -8.3472576653842756e-01  -3.1074848546391631e-01   1.2088600411148033e-01   3.7518238116322600e-01  -2.2668729366995608e+00   2.2475237173077911e+00   2.3808246437666050e+00
   1.1916532527456642e+00  -8.3438301449494234e-01  -3.1079829335583342e-01   1.2072554689264831e-01   3.7502164590787018e-01  -2.2670180305569305e+00   2.2477746725320480e+00   2.3809378903647178e+00
   1.1919309658939605e+00  -8.3404026618802940e-01  -3.1084814668638444e-01   1.2056509232230615e-01   3.7486093456929442e-01  -2.2671630746493254e+00   2.2480255865419951e+00   2.3810510794046769e+00
   1.1922086290824603e+00  -8.3369752756916282e-01  -3.1089804717754271e-01   1.2040463919669134e-01   3.7470024385682027e-01  -2.2673080701273509e+00   2.2482764584132875e+00   2.3811642107239930e+00
   1.1924862399253839e+00  -8.3335479335266849e-01  -3.1094799432847681e-01   1.2024419012609483e-01   3.7453957703518637e-01  -2.2674530160825848e+00   2.2485272893887256e+00   2.3812772833874045e+00
   1.1927637981659707e+00  -8.3301206936466954e-01  -3.1099798771601944e-01   1.2008374079332473e-01   3.7437892991466443e-01  -2.2675979132584976e+00   2.2487780778436810e+00   2.3813902987450564e+00
   1.1930413087550298e+00  -8.3266935005320108e-01  -3.1104802731776343e-01   1.1992329499969934e-01   3.7421830772506665e-01  -2.2677427602934230e+00   2.2490288247491428e+00   2.3815032550579298e+00
   1.1933187657197928e+00  -8.3232663505404025e-01  -3.1109811312386365e-01   1.1976285218981969e-01   3.7405770587569043e-01  -2.2678875584525846e+00   2.2492795296578594e+00   2.3816161551926704e+00
   1.1935961723802764e+00  -8.3198393248772007e-01  -3.1114824685973919e-01   1.1960241035191514e-01   3.7389712670641906e-01  -2.2680323083772702e+00   2.2495301934417409e+00   2.3817289970150748e+00
   1.1938735297031917e+00  -8.3164123365895837e-01  -3.1119842484701049e-01   1.1944197111360058e-01   3.7373657014935552e-01  -2.2681770080610160e+00   2.2497808153629650e+00   2.3818417810222443e+00
   1.1941508320686807e+00  -8.3129853886117211e-01  -3.1124865059261042e-01   1.1928153467443724e-01   3.7357603479699059e-01  -2.2683216587168888e+00   2.2500313953524160e+00   2.3819545062011782e+00
   1.1944280869376629e+00  -8.3095585453505771e-01  -3.1129892130037773e-01   1.1912110128918665e-01   3.7341552224683522e-01  -2.2684662602348333e+00   2.2502819333489161e+00   2.3820671736737649e+00
   1.1947052878597459e+00  -8.3061317805002377e-01  -3.1134923968898243e-01   1.1896066812946064e-01   3.7325503269213872e-01  -2.2686108123011568e+00   2.2505324297654434e+00   2.3821797828457458e+00
   1.1949824416616355e+00  -8.3027050460316465e-01  -3.1139960404953171e-01   1.1880023934244596e-01   3.7309456473025460e-01  -2.2687553153633560e+00   2.2507828844754729e+00   2.3822923346900144e+00
   1.1952595403518709e+00  -8.2992784197206992e-01  -3.1145001526828009e-01   1.1863981136413175e-01   3.7293411991969722e-01  -2.2688997689214534e+00   2.2510332972737532e+00   2.3824048285909738e+00
   1.1955365900165718e+00  -8.2958518493056643e-01  -3.1150047262340375e-01   1.1847938625648313e-01   3.7277369544747241e-01  -2.2690441731006410e+00   2.2512836681530390e+00   2.3825172649554798e+00
   1.1958135907928567e+00  -8.2924253254501112e-01  -3.1155097518470637e-01   1.1831896281973035e-01   3.7261329578051910e-01  -2.2691885281489443e+00   2.2515339969573982e+00   2.3826296431173346e+00
   1.1960905354894360e+00  -8.2889989201174252e-01  -3.1160152677766667e-01   1.1815854169546688e-01   3.7245291613320813e-01  -2.2693328346338904e+00   2.2517842844008187e+00   2.3827419629798636e+00
   1.1963674322219533e+00  -8.2855725549239345e-01  -3.1165212167367090e-01   1.1799812452703089e-01   3.7229256041807135e-01  -2.2694770908139357e+00   2.2520345297774633e+00   2.3828542246979163e+00
   1.1966442755895694e+00  -8.2821462636175003e-01  -3.1170276482631526e-01   1.1783770792883182e-01   3.7213222567804272e-01  -2.2696212982712707e+00   2.2522847327403279e+00   2.3829664288258035e+00
   1.1969210706823796e+00  -8.2787200222688562e-01  -3.1175345385876546e-01   1.1767729701578487e-01   3.7197191517591499e-01  -2.2697654552855409e+00   2.2525348946609371e+00   2.3830785742643132e+00
   1.1971978141602002e+00  -8.2752938987091351e-01  -3.1180418955249661e-01   1.1751688471877686e-01   3.7181162459509559e-01  -2.2699095644836338e+00   2.2527850141087042e+00   2.3831906633122921e+00
   1.1974745069297115e+00  -8.2718678030832404e-01  -3.1185497076622765e-01   1.1735647689899725e-01   3.7165135878998107e-01  -2.2700536233164037e+00   2.2530350919853790e+00   2.3833026925788992e+00
   1.1977511466134789e+00  -8.2684417939257038e-01  -3.1190579802625085e-01   1.1719607180206787e-01   3.7149111522563477e-01  -2.2701976327543147e+00   2.2532851278950345e+00   2.3834146637662315e+00
   1.1980277351597237e+00  -8.2650158516781824e-01  -3.1195667307763442e-01   1.1703566828450275e-01   3.7133089260692170e-01  -2.2703415932467825e+00   2.2535351215534201e+00   2.3835265779176380e+00
   1.1983042739581549e+00  -8.2615899883856436e-01  -3.1200759364635011e-01   1.1687526765264684e-01   3.7117069226296856e-01  -2.2704855045180055e+00   2.2537850730899649e+00   2.3836384338253014e+00
   1.1985807613618700e+00  -8.2581641813360840e-01  -3.1205855988292824e-01   1.1671486943287551e-01   3.7101051568383131e-01  -2.2706293657270988e+00   2.2540349832414845e+00   2.3837502306410348e+00
   1.1988571935663261e+00  -8.2547384502283394e-01  -3.1210957416247814e-01   1.1655447260187438e-01   3.7085035995920862e-01  -2.2707731787275791e+00   2.2542848510688880e+00   2.3838619716737823e+00
   1.1991335789202975e+00  -8.2513127884063575e-01  -3.1216063299861468e-01   1.1639407989677519e-01   3.7069022851779876e-01  -2.2709169412000203e+00   2.2545346774819968e+00   2.3839736525143760e+00
   1.1994099127277011e+00  -8.2478872072135934e-01  -3.1221173861412271e-01   1.1623368905484043e-01   3.7053011825082216e-01  -2.2710606544697365e+00   2.2547844608846002e+00   2.3840852763876907e+00
   1.1996861943445425e+00  -8.2444617041815571e-01  -3.1226289308528066e-01   1.1607329987745735e-01   3.7037003074817776e-01  -2.2712043188383633e+00   2.2550342029605708e+00   2.3841968418719897e+00
   1.1999624270340556e+00  -8.2410362516497815e-01  -3.1231409120331644e-01   1.1591291408056695e-01   3.7020996638437581e-01  -2.2713479338661609e+00   2.2552839027553824e+00   2.3843083494318349e+00
   1.2002386058466787e+00  -8.2376108767817080e-01  -3.1236533479836165e-01   1.1575253208656477e-01   3.7004992393394714e-01  -2.2714914981733147e+00   2.2555335602000826e+00   2.3844197979525172e+00
   1.2005147325582080e+00  -8.2341855778670681e-01  -3.1241662702248074e-01   1.1559215061534961e-01   3.6988990410508193e-01  -2.2716350145403199e+00   2.2557831760897153e+00   2.3845311892155876e+00
   1.2007908104887028e+00  -8.2307603565707066e-01  -3.1246796467921401e-01   1.1543177406755681e-01   3.6972990671021100e-01  -2.2717784802914185e+00   2.2560327503370630e+00   2.3846425224365873e+00
   1.2010668375656997e+00  -8.2273351867844258e-01  -3.1251934875947224e-01   1.1527139809291634e-01   3.6956993138656702e-01  -2.2719218974050719e+00   2.2562822813167260e+00   2.3847537972398860e+00
   1.2013428103307484e+00  -8.2239101141364701e-01  -3.1257077788182180e-01   1.1511102389159664e-01   3.6940997921269686e-01  -2.2720652649078898e+00   2.2565317706496004e+00   2.3848650138865199e+00
   1.2016187363905790e+00  -8.2204850956570763e-01  -3.1262225405279559e-01   1.1495065457142253e-01   3.6925004950988299e-01  -2.2722085827114689e+00   2.2567812176836894e+00   2.3849761731508177e+00
   1.2018946073212522e+00  -8.2170601651722597e-01  -3.1267377778427263e-01   1.1479028720514470e-01   3.6909014258408041e-01  -2.2723518509108422e+00   2.2570306235734106e+00   2.3850872735968132e+00
   1.2021704281133578e+00  -8.2136352874572771e-01  -3.1272534567062127e-01   1.1462992333561921e-01   3.6893025758444786e-01  -2.2724950693491150e+00   2.2572799866356958e+00   2.3851983149085521e+00
   1.2024461972678004e+00  -8.2102104961837929e-01  -3.1277696072922057e-01   1.1446956045655517e-01   3.6877039614972240e-01  -2.2726382390984363e+00   2.2575293072368474e+00   2.3853092988577766e+00
   1.2027219171972097e+00  -8.2067857600199967e-01  -3.1282862236246139e-01   1.1430920062401016e-01   3.6861055635539275e-01  -2.2727813589639956e+00   2.2577785860853163e+00   2.3854202255332129e+00
   1.2029975817845988e+00  -8.2033611302509502e-01  -3.1288032947680156e-01   1.1414884407906589e-01   3.6845074013214207e-01  -2.2729244292554465e+00   2.2580278224845545e+00   2.3855310932272236e+00
   1.2032731982727878e+00  -8.1999365498437427e-01  -3.1293208474795048e-01   1.1398848998824691e-01   3.6829094497432918e-01  -2.2730674499879751e+00   2.2582770174512179e+00   2.3856419031098759e+00
   1.2035487615238687e+00  -8.1965120469156771e-01  -3.1298388403583072e-01   1.1382813829245646e-01   3.6813117389526046e-01  -2.2732104211042490e+00   2.2585261698157160e+00   2.3857526538704228e+00
   1.2038242756637010e+00  -8.1930876108560380e-01  -3.1303573184420613e-01   1.1366779047020642e-01   3.6797142519049736e-01  -2.2733533428260895e+00   2.2587752796448317e+00   2.3858633474615658e+00
   1.2040997379564196e+00  -8.1896632454106255e-01  -3.1308762450099453e-01   1.1350744432359883e-01   3.6781169852299300e-01  -2.2734962144458390e+00   2.2590243475139986e+00   2.3859739830668576e+00
   1.2043751464624670e+00  -8.1862389755008735e-01  -3.1313956333577941e-01   1.1334710052356396e-01   3.6765199501490531e-01  -2.2736390374030799e+00   2.2592733728946932e+00   2.3860845601703957e+00
   1.2046505064965543e+00  -8.1828147674303919e-01  -3.1319154804662952e-01   1.1318676095533917e-01   3.6749231390312587e-01  -2.2737818102157075e+00   2.2595223559515913e+00   2.3861950778254637e+00
   1.2049258120046136e+00  -8.1793906480981216e-01  -3.1324357995520785e-01   1.1302642278780728e-01   3.6733265529846509e-01  -2.2739245341369885e+00   2.2597712969484802e+00   2.3863055386143843e+00
   1.2052010693661692e+00  -8.1759665618675748e-01  -3.1329565824227634e-01   1.1286608843324511e-01   3.6717302014041320e-01  -2.2740672073755657e+00   2.2600201958421953e+00   2.3864159408568644e+00
   1.2054762731203619e+00  -8.1725425777593941e-01  -3.1334778097405958e-01   1.1270575587801106e-01   3.6701340714180686e-01  -2.2742098315562878e+00   2.2602690525309139e+00   2.3865262847013495e+00
   1.2057514279149379e+00  -8.1691186638588620e-01  -3.1339995132382698e-01   1.1254542658211469e-01   3.6685381666686168e-01  -2.2743524062678309e+00   2.2605178664260452e+00   2.3866365696181888e+00
   1.2060265293900987e+00  -8.1656948535643170e-01  -3.1345216804243325e-01   1.1238509988986121e-01   3.6669424970530268e-01  -2.2744949307302358e+00   2.2607666384675897e+00   2.3867467977069587e+00
   1.2063015783720241e+00  -8.1622710857695868e-01  -3.1350443113863175e-01   1.1222477671616195e-01   3.6653470444162906e-01  -2.2746374069072579e+00   2.2610153676602995e+00   2.3868569667841983e+00
   1.2065765776137651e+00  -8.1588474106483511e-01  -3.1355673939343015e-01   1.1206445642136703e-01   3.6637518289468840e-01  -2.2747798322028987e+00   2.2612640552650638e+00   2.3869670779661774e+00
   1.2068515261807711e+00  -8.1554237801541085e-01  -3.1360909553761435e-01   1.1190413748703261e-01   3.6621568387178161e-01  -2.2749222085568070e+00   2.2615126999586601e+00   2.3870771307110936e+00
   1.2071264215913278e+00  -8.1520002385301871e-01  -3.1366149611301952e-01   1.1174382213206993e-01   3.6605620730574517e-01  -2.2750645349276941e+00   2.2617613025232517e+00   2.3871871249478502e+00
   1.2074012667846912e+00  -8.1485767864517655e-01  -3.1371394360142874e-01   1.1158351067285793e-01   3.6589675379915076e-01  -2.2752068116676907e+00   2.2620098628853307e+00   2.3872970607030797e+00
   1.2076760588717619e+00  -8.1451533920741526e-01  -3.1376643840321289e-01   1.1142320143080559e-01   3.6573732298485079e-01  -2.2753490387116067e+00   2.2622583805909531e+00   2.3874069385907175e+00
   1.2079508014499769e+00  -8.1417300758229849e-01  -3.1381897746482756e-01   1.1126289463063449e-01   3.6557791509516613e-01  -2.2754912159354372e+00   2.2625068562142832e+00   2.3875167580847312e+00
   1.2082254912615400e+00  -8.1383068372713463e-01  -3.1387156393399862e-01   1.1110259130372037e-01   3.6541852960632165e-01  -2.2756333432630260e+00   2.2627552886004012e+00   2.3876265192213042e+00
   1.2085001315912900e+00  -8.1348836494880283e-01  -3.1392419601826754e-01   1.1094229197142029e-01   3.6525916759116084e-01  -2.2757754209329661e+00   2.2630036794302133e+00   2.3877362209025077e+00
   1.2087747183699389e+00  -8.1314605798468642e-01  -3.1397687428656568e-01   1.1078199353660725e-01   3.6509982791524670e-01  -2.2759174494796754e+00   2.2632520278715758e+00   2.3878458666626674e+00
   1.2090492531945489e+00  -8.1280375708635588e-01  -3.1402959956092319e-01   1.1062169903617627e-01   3.6494051097872848e-01  -2.2760594284961710e+00   2.2635003330894525e+00   2.3879554522368442e+00
   1.2093237381452546e+00  -8.1246146453199297e-01  -3.1408237075787165e-01   1.1046140740784499e-01   3.6478121728004986e-01  -2.2762013569276487e+00   2.2637485965676274e+00   2.3880649799956495e+00
   1.2095981703021108e+00  -8.1211917741884632e-01  -3.1413518783959332e-01   1.1030111877482590e-01   3.6462194698235639e-01  -2.2763432361416966e+00   2.2639968174035285e+00   2.3881744490555685e+00
   1.2098725520805942e+00  -8.1177689895525662e-01  -3.1418805097010977e-01   1.1014083276877414e-01   3.6446269826464495e-01  -2.2764850655697249e+00   2.2642449952710106e+00   2.3882838607304682e+00
   1.2101468813903697e+00  -8.1143462863133808e-01  -3.1424095958188503e-01   1.0998055062158182e-01   3.6430347308667688e-01  -2.2766268450344995e+00   2.2644931310683978e+00   2.3883932128917778e+00
   1.2104211591307312e+00  -8.1109236477544311e-01  -3.1429391490825220e-01   1.0982027029396034e-01   3.6414427128309373e-01  -2.2767685748876052e+00   2.2647412245426186e+00   2.3885025064540133e+00
   1.2106953879861784e+00  -8.1075010969795047e-01  -3.1434691716951957e-01   1.0965999431585290e-01   3.6398509233628601e-01  -2.2769102550130764e+00   2.2649892754572689e+00   2.3886117432692493e+00
   1.2109695619853458e+00  -8.1040786284343902e-01  -3.1439996457830482e-01   1.0949972059017736e-01   3.6382593573074729e-01  -2.2770518847454775e+00   2.2652372832910137e+00   2.3887209200379882e+00
   1.2112436848663888e+00  -8.1006562366768453e-01  -3.1445305932311601e-01   1.0933944981853060e-01   3.6366680217360381e-01  -2.2771934655220569e+00   2.2654852492699482e+00   2.3888300405364116e+00
   1.2115177546641156e+00  -8.0972339140019367e-01  -3.1450620009457847e-01   1.0917918250623024e-01   3.6350769119923693e-01  -2.2773349967467911e+00   2.2657331717516285e+00   2.3889391004274660e+00
   1.2117917772037554e+00  -8.0938116594084042e-01  -3.1455938533494526e-01   1.0901891865855244e-01   3.6334860433223104e-01  -2.2774764766879283e+00   2.2659810525979718e+00   2.3890481026376276e+00
   1.2120657450597838e+00  -8.0903894982931845e-01  -3.1461261788340322e-01   1.0885865601030030e-01   3.6318953995512304e-01  -2.2776179080680805e+00   2.2662288906248240e+00   2.3891570463130418e+00
   1.2123396634705597e+00  -8.0869673839971490e-01  -3.1466589624703001e-01   1.0869839909052675e-01   3.6303049843154356e-01  -2.2777592896278698e+00   2.2664766860630010e+00   2.3892659316517690e+00
   1.2126135287359787e+00  -8.0835453950645775e-01  -3.1471922165196692e-01   1.0853814348095744e-01   3.6287147939545661e-01  -2.2779006211092834e+00   2.2667244382940721e+00   2.3893747587421728e+00
   1.2128873437234917e+00  -8.0801234258779775e-01  -3.1477259150173525e-01   1.0837789160564619e-01   3.6271248427802238e-01  -2.2780419021846643e+00   2.2669721491189874e+00   2.3894835265996508e+00
   1.2131611052249112e+00  -8.0767015952525467e-01  -3.1482600915280357e-01   1.0821764318835750e-01   3.6255351206335318e-01  -2.2781831339874019e+00   2.2672198162978123e+00   2.3895922366035833e+00
   1.2134348156358747e+00  -8.0732798014423091e-01  -3.1487947191021287e-01   1.0805739721040949e-01   3.6239456221059119e-01  -2.2783243159727626e+00   2.2674674409706177e+00   2.3897008886350588e+00
   1.2137084741720172e+00  -8.0698581163579508e-01  -3.1493298203533671e-01   1.0789715417020837e-01   3.6223563548700793e-01  -2.2784654481879407e+00   2.2677150235762564e+00   2.3898094817039772e+00
   1.2139820827987478e+00  -8.0664364703162361e-01  -3.1498653571496105e-01   1.0773691593100811e-01   3.6207673230608345e-01  -2.2786065297706726e+00   2.2679625631978899e+00   2.3899180163944482e+00
   1.2142556382250600e+00  -8.0630149221011482e-01  -3.1504013812214360e-01   1.0757668004285179e-01   3.6191785252410724e-01  -2.2787475622166213e+00   2.2682100596480193e+00   2.3900264915156937e+00
   1.2145291412070769e+00  -8.0595934775010425e-01  -3.1509378567607454e-01   1.0741644549394772e-01   3.6175899500762837e-01  -2.2788885444501550e+00   2.2684575136957381e+00   2.3901349103185905e+00
   1.2148025942420948e+00  -8.0561720782219004e-01  -3.1514747905340568e-01   1.0725621666985465e-01   3.6160016122542321e-01  -2.2790294766319024e+00   2.2687049253335818e+00   2.3902432685557287e+00
   1.2150759936658320e+00  -8.0527507568223877e-01  -3.1520121892516367e-01   1.0709598978401307e-01   3.6144135016332535e-01  -2.2791703593298940e+00   2.2689522940367968e+00   2.3903515697555906e+00
   1.2153493430182090e+00  -8.0493295157509237e-01  -3.1525500499772424e-01   1.0693576657266049e-01   3.6128256223671484e-01  -2.2793111922101783e+00   2.2691996201002227e+00   2.3904598120227214e+00
   1.2156226419344780e+00  -8.0459083615868454e-01  -3.1530883709120600e-01   1.0677554728572937e-01   3.6112379773993919e-01  -2.2794519746486830e+00   2.2694469033016706e+00   2.3905679952153354e+00
   1.2158958843308629e+00  -8.0424873099828209e-01  -3.1536271596337390e-01   1.0661532921056324e-01   3.6096505490020370e-01  -2.2795927080119558e+00   2.2696941439176488e+00   2.3906761214616652e+00
   1.2161690789778352e+00  -8.0390663080859770e-01  -3.1541663918223001e-01   1.0645511626427373e-01   3.6080633691437020e-01  -2.2797333898597314e+00   2.2699413417154335e+00   2.3907841878157754e+00
   1.2164422203764362e+00  -8.0356454076268768e-01  -3.1547061020290446e-01   1.0629490583808673e-01   3.6064764083004641e-01  -2.2798740232996280e+00   2.2701884965756727e+00   2.3908921952822904e+00
   1.2167153118375165e+00  -8.0322245522267810e-01  -3.1552462540956661e-01   1.0613469920014423e-01   3.6048896956681392e-01  -2.2800146059063136e+00   2.2704356089894633e+00   2.3910001450002185e+00
   1.2169883491591398e+00  -8.0288037998154960e-01  -3.1557868731291616e-01   1.0597449458737307e-01   3.6033032057376213e-01  -2.2801551387984675e+00   2.2706826780250449e+00   2.3911080356704262e+00
   1.2172613393447975e+00  -8.0253830956968764e-01  -3.1563279535748984e-01   1.0581429638791445e-01   3.6017169494509738e-01  -2.2802956211152674e+00   2.2709297044790842e+00   2.3912158669486847e+00
   1.2175342731648515e+00  -8.0219625099941438e-01  -3.1568695020698589e-01   1.0565409911600536e-01   3.6001309231453188e-01  -2.2804360542151065e+00   2.2711766889268397e+00   2.3913236424405446e+00
   1.2178071564517130e+00  -8.0185420035114674e-01  -3.1574115108510886e-01   1.0549390436323239e-01   3.5985451248841110e-01  -2.2805764373629156e+00   2.2714236290274239e+00   2.3914313573850459e+00
   1.2180799869125762e+00  -8.0151215724312808e-01  -3.1579539774476245e-01   1.0533371453892446e-01   3.5969595595198561e-01  -2.2807167705726323e+00   2.2716705271333182e+00   2.3915390143930031e+00
   1.2183527666697835e+00  -8.0117012053047476e-01  -3.1584969005793462e-01   1.0517352749015751e-01   3.5953742347922385e-01  -2.2808570530481447e+00   2.2719173825814161e+00   2.3916466116108159e+00
   1.2186254943324304e+00  -8.0082809248291720e-01  -3.1590402780738353e-01   1.0501334416690158e-01   3.5937891447499992e-01  -2.2809972857333913e+00   2.2721641947763036e+00   2.3917541509137901e+00
   1.2188981716967422e+00  -8.0048607194262844e-01  -3.1595841328183993e-01   1.0485316420296439e-01   3.5922042763812440e-01  -2.2811374685279762e+00   2.2724109639107390e+00   2.3918616318084123e+00
   1.2191707955712692e+00  -8.0014406182526499e-01  -3.1601284411607350e-01   1.0469298677366329e-01   3.5906196436082777e-01  -2.2812776018640992e+00   2.2726576904988218e+00   2.3919690539574336e+00
   1.2194433672207814e+00  -7.9980205948245098e-01  -3.1606732050101177e-01   1.0453281430004707e-01   3.5890352456752983e-01  -2.2814176842868856e+00   2.2729043739820223e+00   2.3920764174825204e+00
   1.2197158876008476e+00  -7.9946006201685282e-01  -3.1612184375929764e-01   1.0437264312853096e-01   3.5874510759718919e-01  -2.2815577175935915e+00   2.2731510146450429e+00   2.3921837223227849e+00
   1.2199883587111797e+00  -7.9911807403549906e-01  -3.1617641170170291e-01   1.0421247801068165e-01   3.5858671468122494e-01  -2.2816976995095244e+00   2.2733976127666695e+00   2.3922909681013200e+00
   1.2202607744317937e+00  -7.9877609643369674e-01  -3.1623102705479605e-01   1.0405231428770553e-01   3.5842834423516223e-01  -2.2818376322085010e+00   2.2736441669159335e+00   2.3923981557430540e+00
   1.2205331379570286e+00  -7.9843412480626041e-01  -3.1628568746031888e-01   1.0389215512080985e-01   3.5826999806006732e-01  -2.2819775146738155e+00   2.2738906791992370e+00   2.3925052849448316e+00
   1.2208054528198407e+00  -7.9809216150354112e-01  -3.1634039491553689e-01   1.0373199933429278e-01   3.5811167460567384e-01  -2.2821173468288274e+00   2.2741371479227879e+00   2.3926123543571953e+00
   1.2210777140628233e+00  -7.9775020553765863e-01  -3.1639514725882933e-01   1.0357184594767692e-01   3.5795337463225080e-01  -2.2822571285539763e+00   2.2743835733554696e+00   2.3927193675049665e+00
   1.2213499245732025e+00  -7.9740825996193709e-01  -3.1644994655998826e-01   1.0341169800993544e-01   3.5779509834342910e-01  -2.2823968610614402e+00   2.2746299566660806e+00   2.3928263201209532e+00
   1.2216220810552987e+00  -7.9706632004487599e-01  -3.1650479097954226e-01   1.0325155187799036e-01   3.5763684524888051e-01  -2.2825365433429874e+00   2.2748762965650111e+00   2.3929332133255667e+00
   1.2218941868859003e+00  -7.9672438972802262e-01  -3.1655968140454233e-01   1.0309140979656335e-01   3.5747861562641126e-01  -2.2826761743399397e+00   2.2751225931352881e+00   2.3930400496533784e+00
   1.2221662406577951e+00  -7.9638246845763905e-01  -3.1661461916493300e-01   1.0293127120215519e-01   3.5732040902662149e-01  -2.2828157563295290e+00   2.2753688467011632e+00   2.3931468266588665e+00
   1.2224382431135077e+00  -7.9604055505222604e-01  -3.1666960150454582e-01   1.0277113654806506e-01   3.5716222600781450e-01  -2.2829552883130995e+00   2.2756150574374572e+00   2.3932535440155847e+00
   1.2227101930488973e+00  -7.9569864830711812e-01  -3.1672463043264892e-01   1.0261100484214571e-01   3.5700406623210823e-01  -2.2830947696619743e+00   2.2758612251286578e+00   2.3933602041335300e+00
   1.2229820902356390e+00  -7.9535675108256121e-01  -3.1677970450819892e-01   1.0245087692463456e-01   3.5684593011387300e-01  -2.2832342010312940e+00   2.2761073498167379e+00   2.3934668042772809e+00
   1.2232539361975430e+00  -7.9501486312730341e-01  -3.1683482546159947e-01   1.0229075256011363e-01   3.5668781726143112e-01  -2.2833735825147978e+00   2.2763534312112350e+00   2.3935733463842142e+00
   1.2235257312858787e+00  -7.9467298154416921e-01  -3.1688999164947290e-01   1.0213063310937813e-01   3.5652972873704025e-01  -2.2835129127032325e+00   2.2765994697276404e+00   2.3936798288997982e+00
   1.2237974732185328e+00  -7.9433110789023609e-01  -3.1694520463690218e-01   1.0197051573676029e-01   3.5637166193017544e-01  -2.2836521938416827e+00   2.2768454647509984e+00   2.3937862543977459e+00
   1.2240691631331624e+00  -7.9398924202644683e-01  -3.1700046344546540e-01   1.0181040324850614e-01   3.5621362020484165e-01  -2.2837914235278403e+00   2.2770914171898702e+00   2.3938926194104377e+00
   1.2243408032418248e+00  -7.9364738762205256e-01  -3.1705576763851856e-01   1.0165029410129739e-01   3.5605560119470714e-01  -2.2839306039094045e+00   2.2773373260272787e+00   2.3939989267309181e+00
   1.2246123877012938e+00  -7.9330553991596064e-01  -3.1711112030491972e-01   1.0149018672618590e-01   3.5589760536585929e-01  -2.2840697350526518e+00   2.2775831918761074e+00   2.3941051754249387e+00
   1.2248839243089156e+00  -7.9296369926781574e-01  -3.1716651513681959e-01   1.0133008530134656e-01   3.5573963366983902e-01  -2.2842088143719486e+00   2.2778290150018310e+00   2.3942113636324756e+00
   1.2251554048460800e+00  -7.9262187019396901e-01  -3.1722195770064787e-01   1.0116998592035768e-01   3.5558168518419009e-01  -2.2843478438380336e+00   2.2780747939215025e+00   2.3943174956144149e+00
   1.2254268340698300e+00  -7.9228004631059501e-01  -3.1727744628690219e-01   1.0100989042545773e-01   3.5542376030255629e-01  -2.2844868235582569e+00   2.2783205307872736e+00   2.3944235669922751e+00
   1.2256982146274846e+00  -7.9193823207194947e-01  -3.1733298112357428e-01   1.0084979959293097e-01   3.5526585951129225e-01  -2.2846257520604065e+00   2.2785662233694470e+00   2.3945295793559365e+00
   1.2259695403195952e+00  -7.9159642384106499e-01  -3.1738856052966380e-01   1.0068971270395229e-01   3.5510798185576065e-01  -2.2847646307945899e+00   2.2788118735457914e+00   2.3946355334413472e+00
   1.2262408147141235e+00  -7.9125462849548056e-01  -3.1744418852203193e-01   1.0052962842857849e-01   3.5495012703179479e-01  -2.2849034603697622e+00   2.2790574800939183e+00   2.3947414300601078e+00
   1.2265120364901843e+00  -7.9091283816675584e-01  -3.1749985962961380e-01   1.0036954831545530e-01   3.5479229719357452e-01  -2.2850422380027706e+00   2.2793030438150361e+00   2.3948472661030826e+00
   1.2267832080712309e+00  -7.9057105779103609e-01  -3.1755557789590155e-01   1.0020947176367147e-01   3.5463448947496762e-01  -2.2851809662758824e+00   2.2795485637694597e+00   2.3949530437507778e+00
   1.2270543256153759e+00  -7.9022928410254190e-01  -3.1761134145648784e-01   1.0004939926474368e-01   3.5447670651014251e-01  -2.2853196439771351e+00   2.2797940413066424e+00   2.3950587626032838e+00
   1.2273253911668416e+00  -7.8988751946154578e-01  -3.1766715122456923e-01   9.9889330983889718e-02   3.5431894627116484e-01  -2.2854582714452745e+00   2.2800394745677353e+00   2.3951644229217566e+00
   1.2275964055400448e+00  -7.8954576358655459e-01  -3.1772300700204092e-01   9.9729265707365136e-02   3.5416121042176535e-01  -2.2855968480222635e+00   2.2802848650663217e+00   2.3952700234774156e+00
   1.2278673666633027e+00  -7.8920402009812429e-01  -3.1777890954117943e-01   9.9569203870035053e-02   3.5400349713279622e-01  -2.2857353753571177e+00   2.2805302119522302e+00   2.3953755672504560e+00
   1.2281382769952012e+00  -7.8886227839023482e-01  -3.1783485618788898e-01   9.9409146427705514e-02   3.5384580889650796e-01  -2.2858738514752757e+00   2.2807755155719258e+00   2.3954810491432337e+00
   1.2284091346434474e+00  -7.8852054906125535e-01  -3.1789084973464626e-01   9.9249093616312095e-02   3.5368814320956427e-01  -2.2860122778373615e+00   2.2810207763264598e+00   2.3955864739770885e+00
   1.2286799419628962e+00  -7.8817882725095001e-01  -3.1794688985653047e-01   9.9089043072652302e-02   3.5353050211873116e-01  -2.2861506537144449e+00   2.2812659933197268e+00   2.3956918397457425e+00
   1.2289506933986651e+00  -7.8783711578974536e-01  -3.1800297577866227e-01   9.8928997245190539e-02   3.5337288347159979e-01  -2.2862889795241603e+00   2.2815111675009057e+00   2.3957971476325866e+00
   1.2292213941085166e+00  -7.8749541097718978e-01  -3.1805910695549511e-01   9.8768954312841398e-02   3.5321528913378192e-01  -2.2864272545465361e+00   2.2817562976339119e+00   2.3959023961953130e+00
   1.2294920438636510e+00  -7.8715371304180015e-01  -3.1811528390070554e-01   9.8608915915705933e-02   3.5305771875471476e-01  -2.2865654793286359e+00   2.2820013848993561e+00   2.3960075839897605e+00
   1.2297626408742592e+00  -7.8681202698816777e-01  -3.1817150611530981e-01   9.8448881565026070e-02   3.5290017190348055e-01  -2.2867036531888276e+00   2.2822464284045947e+00   2.3961127142586136e+00
   1.2300331864375846e+00  -7.8647034599160726e-01  -3.1822777522739354e-01   9.8288852563347046e-02   3.5274264883499196e-01  -2.2868417771554204e+00   2.2824914286072238e+00   2.3962177855737852e+00
   1.2303036779218433e+00  -7.8612867724864854e-01  -3.1828408922949369e-01   9.8128824707909179e-02   3.5258514938660634e-01  -2.2869798508253871e+00   2.2827363854054665e+00   2.3963227975600421e+00
   1.2305741187423693e+00  -7.8578701666745765e-01  -3.1834044989572036e-01   9.7968801634446448e-02   3.5242767347405896e-01  -2.2871178737383753e+00   2.2829812987562321e+00   2.3964277518480581e+00
   1.2308445098187397e+00  -7.8544536197789305e-01  -3.1839685619840785e-01   9.7808782970608632e-02   3.5227022145942583e-01  -2.2872558463134340e+00   2.2832261689882145e+00   2.3965326458531471e+00
   1.2311148447096461e+00  -7.8510371768458120e-01  -3.1845330919258341e-01   9.7648769446111269e-02   3.5211279371349458e-01  -2.2873937681981751e+00   2.2834709956075230e+00   2.3966374817811391e+00
   1.2313851288422584e+00  -7.8476208422503435e-01  -3.1850980796325112e-01   9.7488758068536283e-02   3.5195538925321002e-01  -2.2875316405978601e+00   2.2837157791227800e+00   2.3967422583821443e+00
   1.2316553597298505e+00  -7.8442045526596871e-01  -3.1856635104201098e-01   9.7328751171590872e-02   3.5179800794475136e-01  -2.2876694617429041e+00   2.2839605184928602e+00   2.3968469750346837e+00
   1.2319255400500337e+00  -7.8407883544924928e-01  -3.1862294127241936e-01   9.7168747517197007e-02   3.5164065216384938e-01  -2.2878072335377597e+00   2.2842052150878902e+00   2.3969516353046334e+00
   1.2321956686599462e+00  -7.8373722727501349e-01  -3.1867957671185859e-01   9.7008749035612643e-02   3.5148331828422730e-01  -2.2879449535460759e+00   2.2844498675856775e+00   2.3970562339255137e+00
   1.2324657450401286e+00  -7.8339562484135683e-01  -3.1873625753947243e-01   9.6848755063927303e-02   3.5132600895872701e-01  -2.2880826229906051e+00   2.2846944765606558e+00   2.3971607741213630e+00
   1.2327357640723451e+00  -7.8305403317015032e-01  -3.1879298608788004e-01   9.6688762467599790e-02   3.5116872375030156e-01  -2.2882202432311827e+00   2.2849390428067431e+00   2.3972652574691744e+00
   1.2330057367092748e+00  -7.8271244864199108e-01  -3.1884975893620698e-01   9.6528776396430566e-02   3.5101146254370613e-01  -2.2883578119727992e+00   2.2851835644431890e+00   2.3973696785961915e+00
   1.2332756558038604e+00  -7.8237087438336872e-01  -3.1890657805095363e-01   9.6368794122252563e-02   3.5085422500970581e-01  -2.2884953305337508e+00   2.2854280432567520e+00   2.3974740423205274e+00
   1.2335455230231276e+00  -7.8202930748085020e-01  -3.1896344275537453e-01   9.6208814485264929e-02   3.5069701013065707e-01  -2.2886327987333126e+00   2.2856724780692668e+00   2.3975783471218812e+00
   1.2338153367784190e+00  -7.8168775079718777e-01  -3.1902035291301756e-01   9.6048840302856042e-02   3.5053982102982667e-01  -2.2887702160216969e+00   2.2859168699007379e+00   2.3976825921180551e+00
   1.2340850984533442e+00  -7.8134620190933657e-01  -3.1907730956449981e-01   9.5888869773419760e-02   3.5038265552551012e-01  -2.2889075833301034e+00   2.2861612179461117e+00   2.3977867797025030e+00
   1.2343548087544354e+00  -7.8100466023381243e-01  -3.1913431160072847e-01   9.5728903156459988e-02   3.5022551255948259e-01  -2.2890448999090696e+00   2.2864055225427666e+00   2.3978909071328660e+00
   1.2346244650290221e+00  -7.8066312904403190e-01  -3.1919135988328162e-01   9.5568941253514214e-02   3.5006839466594908e-01  -2.2891821659251090e+00   2.2866497829801933e+00   2.3979949760820003e+00
   1.2348940695590129e+00  -7.8032160839274400e-01  -3.1924845424209924e-01   9.5408981906190654e-02   3.4991129927928566e-01  -2.2893193816842459e+00   2.2868940000360332e+00   2.3980989855575996e+00
   1.2351636214863009e+00  -7.7998009389506695e-01  -3.1930559331880876e-01   9.5249027247362492e-02   3.4975422992075617e-01  -2.2894565460478464e+00   2.2871381732016562e+00   2.3982029349104903e+00
   1.2354331231043758e+00  -7.7963858898800531e-01  -3.1936277883898173e-01   9.5089077415358686e-02   3.4959718303008375e-01  -2.2895936599288582e+00   2.2873823031842075e+00   2.3983068265804186e+00
   1.2357025710788907e+00  -7.7929709455535057e-01  -3.1942001058512370e-01   9.4929131476546191e-02   3.4944016058606414e-01  -2.2897307238273279e+00   2.2876263891227016e+00   2.3984106595244392e+00
   1.2359719662182143e+00  -7.7895560661377683e-01  -3.1947728720990731e-01   9.4769189241464560e-02   3.4928316177619423e-01  -2.2898677375906495e+00   2.2878704318964291e+00   2.3985144332439168e+00
   1.2362413105278383e+00  -7.7861412882357572e-01  -3.1953460954748070e-01   9.4609252015314851e-02   3.4912618742433188e-01  -2.2900046995470054e+00   2.2881144308822230e+00   2.3986181468559433e+00
   1.2365106001643342e+00  -7.7827266003798024e-01  -3.1959197910414433e-01   9.4449319447433372e-02   3.4896923685503040e-01  -2.2901416117177864e+00   2.2883583859799952e+00   2.3987218022184638e+00
   1.2367798403493604e+00  -7.7793119635137775e-01  -3.1964939295187966e-01   9.4289389976568577e-02   3.4881231012753694e-01  -2.2902784726184429e+00   2.2886022973921527e+00   2.3988253979292740e+00
   1.2370490253268172e+00  -7.7758974654347712e-01  -3.1970685395359250e-01   9.4129465641296803e-02   3.4865540794588945e-01  -2.2904152839174934e+00   2.2888461654085734e+00   2.3989289348971021e+00
   1.2373181598190928e+00  -7.7724830188011740e-01  -3.1976435990621482e-01   9.3969544719318399e-02   3.4849852987621749e-01  -2.2905520438827360e+00   2.2890899895586578e+00   2.3990324124636997e+00
   1.2375872422795193e+00  -7.7690686916770968e-01  -3.1982191064761217e-01   9.3809627892364064e-02   3.4834167489488493e-01  -2.2906887532432108e+00   2.2893337696706757e+00   2.3991358309795596e+00
   1.2378562708462733e+00  -7.7656544589421495e-01  -3.1987950901528778e-01   9.3649715194479677e-02   3.4818484414749207e-01  -2.2908254126035681e+00   2.2895775060328645e+00   2.3992391902079802e+00
   1.2381252468874133e+00  -7.7622402980938410e-01  -3.1993715138516171e-01   9.3489806735860534e-02   3.4802803718702396e-01  -2.2909620208085038e+00   2.2898211986996522e+00   2.3993424906548215e+00
   1.2383941719845390e+00  -7.7588262299438393e-01  -3.1999484063940437e-01   9.3329902571719164e-02   3.4787125534198715e-01  -2.2910985786471478e+00   2.2900648481352457e+00   2.3994457327273930e+00
   1.2386630434561214e+00  -7.7554122531648018e-01  -3.2005257477678567e-01   9.3170003892386777e-02   3.4771449680279326e-01  -2.2912350846784006e+00   2.2903084535371501e+00   2.3995489140258250e+00
   1.2389318627239607e+00  -7.7519983638219203e-01  -3.2011035521757680e-01   9.3010108534022806e-02   3.4755776286535967e-01  -2.2913715412612801e+00   2.2905520146494087e+00   2.3996520375231345e+00
   1.2392006293061428e+00  -7.7485845843903534e-01  -3.2016818204990716e-01   9.2850216939570365e-02   3.4740105198471799e-01  -2.2915079470353712e+00   2.2907955320356055e+00   2.3997551010056792e+00
   1.2394693459950563e+00  -7.7451708539446718e-01  -3.2022605298689799e-01   9.2690331472644841e-02   3.4724436658146363e-01  -2.2916443014431440e+00   2.2910390063764803e+00   2.3998581053389647e+00
   1.2397380062193699e+00  -7.7417572504319732e-01  -3.2028397086560290e-01   9.2530448086210054e-02   3.4708770456477894e-01  -2.2917806058337953e+00   2.2912824363196633e+00   2.3999610506768461e+00
   1.2400066165225305e+00  -7.7383437190324522e-01  -3.2034193369997999e-01   9.2370571389852926e-02   3.4693106631066795e-01  -2.2919168587970131e+00   2.2915258219806875e+00   2.4000639362357399e+00
   1.2402751739391931e+00  -7.7349302683455790e-01  -3.2039994362974838e-01   9.2210697177136258e-02   3.4677445301937626e-01  -2.2920530619296628e+00   2.2917691643261504e+00   2.4001667638342559e+00
   1.2405436790238578e+00  -7.7315169159434138e-01  -3.2045799817084425e-01   9.2050828407895455e-02   3.4661786347448836e-01  -2.2921892137288773e+00   2.2920124631148271e+00   2.4002695308081305e+00
   1.2408121323191594e+00  -7.7281036659271263e-01  -3.2051609890016780e-01   9.1890962847111179e-02   3.4646129849761065e-01  -2.2923253151798115e+00   2.2922557175667331e+00   2.4003722406009578e+00
   1.2410805315147828e+00  -7.7246904963271290e-01  -3.2057424456089290e-01   9.1731102610796950e-02   3.4630475688234214e-01  -2.2924613653796460e+00   2.2924989279558163e+00   2.4004748889817087e+00
   1.2413488805245065e+00  -7.7212774090004110e-01  -3.2063243599862384e-01   9.1571247567242997e-02   3.4614824019746182e-01  -2.2925973650817419e+00   2.2927420948026764e+00   2.4005774795501438e+00
   1.2416171743193187e+00  -7.7178644541490082e-01  -3.2069067373680449e-01   9.1411394998277232e-02   3.4599174707949415e-01  -2.2927333143020343e+00   2.2929852177332122e+00   2.4006800112610853e+00
   1.2418854187696740e+00  -7.7144515297995686e-01  -3.2074895670150450e-01   9.1251548813132410e-02   3.4583527915063300e-01  -2.2928692123249776e+00   2.2932282965674777e+00   2.4007824812739127e+00
   1.2421536076923496e+00  -7.7110387452124474e-01  -3.2080728540546538e-01   9.1091706357027610e-02   3.4567883442196184e-01  -2.2930050596456630e+00   2.2934713314207209e+00   2.4008848944083558e+00
   1.2424217447168000e+00  -7.7076260339581448e-01  -3.2086565972447195e-01   9.0931867705771663e-02   3.4552241456989374e-01  -2.2931408565123572e+00   2.2937143219570948e+00   2.4009872477314169e+00
   1.2426898296542757e+00  -7.7042134255054728e-01  -3.2092407970108450e-01   9.0772032551745263e-02   3.4536601799372696e-01  -2.2932766021861921e+00   2.2939572690016083e+00   2.4010895417718210e+00
   1.2429578618117756e+00  -7.7008009200230754e-01  -3.2098254632701384e-01   9.0612203378037978e-02   3.4520964666617043e-01  -2.2934122974921496e+00   2.2942001722850494e+00   2.4011917763713932e+00
   1.2432258410130976e+00  -7.6973884796766634e-01  -3.2104105824140439e-01   9.0452378900292757e-02   3.4505329950383395e-01  -2.2935479416644728e+00   2.2944430315656028e+00   2.4012939518842442e+00
   1.2434937693870869e+00  -7.6939761259609074e-01  -3.2109961514557822e-01   9.0292558880625026e-02   3.4489697619633769e-01  -2.2936835353987557e+00   2.2946858466217388e+00   2.4013960679923163e+00
   1.2437616441548816e+00  -7.6905638695224021e-01  -3.2115821770540842e-01   9.0132743444022917e-02   3.4474067773481459e-01  -2.2938190778630165e+00   2.2949286174989858e+00   2.4014981246607321e+00
   1.2440294659765503e+00  -7.6871517401422940e-01  -3.2121686655344428e-01   8.9972932146062334e-02   3.4458440279241592e-01  -2.2939545696539634e+00   2.2951713445505422e+00   2.4016001229932709e+00
   1.2442972347541810e+00  -7.6837396756562626e-01  -3.2127556151378311e-01   8.9813124849028161e-02   3.4442815288272466e-01  -2.2940900105468316e+00   2.2954140274618280e+00   2.4017020601686805e+00
   1.2445649523078144e+00  -7.6803276880860383e-01  -3.2133430148477377e-01   8.9653322722907228e-02   3.4427192668476947e-01  -2.2942254002504847e+00   2.2956566663973503e+00   2.4018039388365056e+00
   1.2448326163569585e+00  -7.6769158042376429e-01  -3.2139308686088741e-01   8.9493524739037461e-02   3.4411572536343588e-01  -2.2943607397285888e+00   2.2958992613928042e+00   2.4019057590144715e+00
   1.2451002272768710e+00  -7.6735040463400817e-01  -3.2145191817843116e-01   8.9333731991840512e-02   3.4395954784769911e-01  -2.2944960276762423e+00   2.2961418115918599e+00   2.4020075189532393e+00
   1.2453677886681722e+00  -7.6700923276167521e-01  -3.2151079456566389e-01   8.9173943803459360e-02   3.4380339561186019e-01  -2.2946312649677698e+00   2.2963843184076653e+00   2.4021092204423060e+00
   1.2456352935188997e+00  -7.6666807472663645e-01  -3.2156971669198947e-01   8.9014159547796706e-02   3.4364726666626816e-01  -2.2947664518597088e+00   2.2966267807556573e+00   2.4022108613581836e+00
   1.2459027473739848e+00  -7.6632692479887965e-01  -3.2162868563074920e-01   8.8854380423686860e-02   3.4349116271773583e-01  -2.2949015872080278e+00   2.2968691993144601e+00   2.4023124441918342e+00
   1.2461701477056004e+00  -7.6598578348688262e-01  -3.2168769890320570e-01   8.8694605259665202e-02   3.4333508264969470e-01  -2.2950366726170861e+00   2.2971115738519936e+00   2.4024139676276266e+00
   1.2464374961539766e+00  -7.6564465329011278e-01  -3.2174675932208163e-01   8.8534834662687287e-02   3.4317902758928986e-01  -2.2951717064655632e+00   2.2973539042603934e+00   2.4025154309465950e+00
   1.2467047916144753e+00  -7.6530352971290916e-01  -3.2180586306001707e-01   8.8375069621232108e-02   3.4302299619582932e-01  -2.2953066895734873e+00   2.2975961896859349e+00   2.4026168342330072e+00
   1.2469720359345169e+00  -7.6496241509154916e-01  -3.2186501355946429e-01   8.8215309067717559e-02   3.4286699007494115e-01  -2.2954416215275697e+00   2.2978384315660589e+00   2.4027181797967923e+00
