  -2.2839463594136760e+00  -1.6157607147470117e+00  -1.4410063661634922e+00  -3.7323305029422045e+00  -2.8607629211619496e+00  -2.2713708868250251e+00   1.0812551528215408e+00   2.4441216485574841e+00
  -2.2839229496894404e+00  -1.6160271279513836e+00  -1.4415193349123001e+00  -3.7322357185184956e+00  -2.8604122279211879e+00  -2.2716786181554198e+00   1.0816692244261503e+00   2.4443855928257108e+00
  -2.2839010129682720e+00  -1.6162949120625854e+00  -1.4420328028500080e+00  -3.7321417750790715e+00  -2.8600620143115520e+00  -2.2719867033883929e+00   1.0820830482989550e+00   2.4446499925106764e+00
  -2.2838766888016835e+00  -1.6165605001151562e+00  -1.4425454232841730e+00  -3.7320463415235281e+00  -2.8597109084948897e+00  -2.2722941255196929e+00   1.0824971962720156e+00   2.4449135586619377e+00
  -2.2838534603361040e+00  -1.6168271098285913e+00  -1.4430584143847227e+00  -3.7319515212439001e+00  -2.8593601472675800e+00  -2.2726018028333783e+00   1.0829111542552710e+00   2.4451774545013905e+00
  -2.2838312902022153e+00  -1.6170947095379233e+00  -1.4435717612504959e+00  -3.7318572914227843e+00  -2.8590097203850746e+00  -2.2729097260162234e+00   1.0833249259740114e+00   2.4454416707158089e+00
  -2.2838068443816155e+00  -1.6173602156341076e+00  -1.4440843015909195e+00  -3.7317616390064359e+00  -2.8586584394797683e+00  -2.2732170149683952e+00   1.0837390031665564e+00   2.4457050869241357e+00
  -2.2837834636447951e+00  -1.6176267173141241e+00  -1.4445971995592117e+00  -3.7316665812395513e+00  -2.8583074957132339e+00  -2.2735245507210493e+00   1.0841528940945864e+00   2.4459688253700733e+00
  -2.2837611489230767e+00  -1.6178942127153277e+00  -1.4451104570180178e+00  -3.7315721190534532e+00  -2.8579568853601813e+00  -2.2738323351368308e+00   1.0845666024833918e+00   2.4462328851222992e+00
  -2.2837365565355867e+00  -1.6181596145033836e+00  -1.4456229060888290e+00  -3.7314762324094772e+00  -2.8576054228469729e+00  -2.2741394834592938e+00   1.0849806126207113e+00   2.4464961448684335e+00
  -2.2837130303960294e+00  -1.6184260118752718e+00  -1.4461357146501541e+00  -3.7313809418119490e+00  -2.8572542946785688e+00  -2.2744468795135617e+00   1.0853944364935160e+00   2.4467597268521786e+00
  -2.2836905693402514e+00  -1.6186934048309922e+00  -1.4466488808393478e+00  -3.7312862458638847e+00  -2.8569035027176142e+00  -2.2747545251622796e+00   1.0858080778270960e+00   2.4470236301422119e+00
  -2.2836658335290849e+00  -1.6189587023109198e+00  -1.4471612386405468e+00  -3.7311901273205876e+00  -2.8565518576651812e+00  -2.2750615337863564e+00   1.0862220227718353e+00   2.4472867352887988e+00
  -2.2836421552347019e+00  -1.6192249897867441e+00  -1.4476739540696144e+00  -3.7310945992358029e+00  -2.8562005460262299e+00  -2.2753687892109156e+00   1.0866357814520597e+00   2.4475501570850611e+00
  -2.2836195713607594e+00  -1.6194922998547554e+00  -1.4481870383024216e+00  -3.7309996839612722e+00  -2.8558495789766312e+00  -2.2756762998178601e+00   1.0870493557304144e+00   2.4478139122948050e+00
  -2.2835946021368727e+00  -1.6197574120014906e+00  -1.4486992731690407e+00  -3.7309032790362835e+00  -2.8554977197200060e+00  -2.2759831463918090e+00   1.0874632429331541e+00   2.4480768302455544e+00
  -2.2835711039369926e+00  -1.6200238969177008e+00  -1.4492120109498501e+00  -3.7308077146299183e+00  -2.8551463410258293e+00  -2.2762903487309813e+00   1.0878768917173147e+00   2.4483402073383331e+00
  -2.2835471580037847e+00  -1.6202899767085910e+00  -1.4497245792299509e+00  -3.7307118312455714e+00  -2.8547947611659765e+00  -2.2765973974019289e+00   1.0882905740290880e+00   2.4486033963039517e+00
  -2.2835232428042218e+00  -1.6205560965463519e+00  -1.4502371437847614e+00  -3.7306159175932407e+00  -2.8544431477785110e+00  -2.2769044218584895e+00   1.0887042228132486e+00   2.4488665610551834e+00
  -2.2834993586875498e+00  -1.6208222545683384e+00  -1.4507497083395720e+00  -3.7305199741385877e+00  -2.8540915008634329e+00  -2.2772114202380180e+00   1.0891178343445063e+00   2.4491296997293830e+00
  -2.2834750266047195e+00  -1.6210880074650049e+00  -1.4512621015310287e+00  -3.7304237121716142e+00  -2.8537396490573883e+00  -2.2775182658806443e+00   1.0895314868539572e+00   2.4493926521390676e+00
  -2.2834521650802344e+00  -1.6213551340624690e+00  -1.4517749957740307e+00  -3.7303282902576029e+00  -2.8533882796764374e+00  -2.2778254682198167e+00   1.0899448953568935e+00   2.4496560646221042e+00
  -2.2834269193699583e+00  -1.6216200608760118e+00  -1.4522870406508446e+00  -3.7302313796244562e+00  -2.8530360199511051e+00  -2.2781320046633482e+00   1.0903586205095053e+00   2.4499186379835010e+00
  -2.2834027672652155e+00  -1.6218860130757093e+00  -1.4527994561940432e+00  -3.7301350804045796e+00  -2.8526841029524803e+00  -2.2784387962892652e+00   1.0907721538096666e+00   2.4501815428957343e+00
  -2.2833796720951796e+00  -1.6221529534086585e+00  -1.4533122293651104e+00  -3.7300393721088767e+00  -2.8523325193673372e+00  -2.2787458365783095e+00   1.0911855120211840e+00   2.4504447700455785e+00
  -2.2833543035667390e+00  -1.6224177964031696e+00  -1.4538241904228926e+00  -3.7299422421492636e+00  -2.8519800845533609e+00  -2.2790522379800677e+00   1.0915991645306349e+00   2.4507071925327182e+00
  -2.2833300001220778e+00  -1.6226836387068033e+00  -1.4543365128338337e+00  -3.7298457063734531e+00  -2.8516279850155115e+00  -2.2793588889762759e+00   1.0920126345008612e+00   2.4509699391201138e+00
  -2.2833067593164742e+00  -1.6229504756629467e+00  -1.4548491965979338e+00  -3.7297497643157840e+00  -2.8512762188911438e+00  -2.2796657895669341e+00   1.0924259256571531e+00   2.4512330098077655e+00
  -2.2832812515553087e+00  -1.6232152208685875e+00  -1.4553610701113939e+00  -3.7296524052508175e+00  -2.8509236052632332e+00  -2.2799720522016287e+00   1.0928395073860884e+00   2.4514952786266804e+00
  -2.2832567780278623e+00  -1.6234809346497059e+00  -1.4558732919394970e+00  -3.7295556217432022e+00  -2.8505713138729334e+00  -2.2802785569801927e+00   1.0932529177516699e+00   2.4517578603699803e+00
  -2.2832334797130898e+00  -1.6237477501854300e+00  -1.4563859142363071e+00  -3.7294594999402761e+00  -2.8502193968743086e+00  -2.2805853420868516e+00   1.0936661269515753e+00   2.4520208043977618e+00
  -2.2832074953475967e+00  -1.6240120837464929e+00  -1.4568975791335106e+00  -3.7293617068789899e+00  -2.8498664852231741e+00  -2.2808913756161928e+00   1.0940796900540590e+00   2.4522828031331301e+00
  -2.2831841141451150e+00  -1.6242788424715400e+00  -1.4574101455509663e+00  -3.7292654379270971e+00  -2.8495144508779049e+00  -2.2811980703845620e+00   1.0944928545504808e+00   2.4525456484407187e+00
  -2.2831593896262348e+00  -1.6245443653315306e+00  -1.4579222258180380e+00  -3.7291683098301291e+00  -2.8491618949919939e+00  -2.2815043730661273e+00   1.0949061829596758e+00   2.4528080020099878e+00
  -2.2831338028190657e+00  -1.6248090974986553e+00  -1.4584339912980795e+00  -3.7290706112980843e+00  -2.8488089926540852e+00  -2.2818104112520814e+00   1.0953196007758379e+00   2.4530700277537107e+00
  -2.2831093808636069e+00  -1.6250749221071601e+00  -1.4589461516588926e+00  -3.7289735688827932e+00  -2.8484564591199160e+00  -2.2821167279034853e+00   1.0957328267395496e+00   2.4533324129879475e+00
  -2.2830842065159231e+00  -1.6253400575369596e+00  -1.4594580344855785e+00  -3.7288760230876505e+00  -2.8481036163866520e+00  -2.2824228089302778e+00   1.0961461309343576e+00   2.4535945067182183e+00
  -2.2830605852650478e+00  -1.6256066448986530e+00  -1.4599704500287771e+00  -3.7287793671712279e+00  -2.8477512802928686e+00  -2.2827292727306485e+00   1.0965591836720705e+00   2.4538570912554860e+00
  -2.2830345574766397e+00  -1.6258710091933608e+00  -1.4604820031672716e+00  -3.7286812094971538e+00  -2.8473980482667685e+00  -2.2830350566655397e+00   1.0969725456088781e+00   2.4541188236325979e+00
  -2.2830096287652850e+00  -1.6261364035308361e+00  -1.4609939325600863e+00  -3.7285836669616401e+00  -2.8470451626926661e+00  -2.2833411032333970e+00   1.0973857268691063e+00   2.4543808931484818e+00
  -2.2829857555916533e+00  -1.6264027887955308e+00  -1.4615062195807695e+00  -3.7284867134876549e+00  -2.8466926049441099e+00  -2.2836473984643817e+00   1.0977987293154001e+00   2.4546432858332992e+00
  -2.2829596105730161e+00  -1.6266670739278197e+00  -1.4620176926255226e+00  -3.7283883397467434e+00  -2.8463392015546560e+00  -2.2839530501514673e+00   1.0982120204716921e+00   2.4549048710614443e+00
  -2.2829345290083438e+00  -1.6269323574379086e+00  -1.4625295270234346e+00  -3.7282905597239733e+00  -2.8459861297160387e+00  -2.2842589532956481e+00   1.0986251365393400e+00   2.4551667822524905e+00
  -2.2829105122946203e+00  -1.6271986411884427e+00  -1.4630417246371508e+00  -3.7281933743506670e+00  -2.8456333931535482e+00  -2.2845651097595692e+00   1.0990380700677633e+00   2.4554290184751153e+00
  -2.2828842212911695e+00  -1.6274628201499581e+00  -1.4635531045496464e+00  -3.7280947668477893e+00  -2.8452798072248697e+00  -2.2848706208169460e+00   1.0994512941688299e+00   2.4556904453784227e+00
  -2.2828589937416837e+00  -1.6277279993519187e+00  -1.4640648476779461e+00  -3.7279967535287142e+00  -2.8449265547096729e+00  -2.2851763833314180e+00   1.0998643413186073e+00   2.4559521991759539e+00
  -2.2828348302282393e+00  -1.6279941778630018e+00  -1.4645769521594048e+00  -3.7278993343934417e+00  -2.8445736337453127e+00  -2.2854823991656303e+00   1.1002772096544504e+00   2.4562142789363861e+00
  -2.2828083951026201e+00  -1.6282582534477115e+00  -1.4650882389396429e+00  -3.7278004945255816e+00  -2.8442198690026999e+00  -2.2857877705246210e+00   1.1006903667002916e+00   2.4564755503088236e+00
  -2.2827830166788772e+00  -1.6285233227536082e+00  -1.4655998889356852e+00  -3.7277022451162338e+00  -2.8438664320856333e+00  -2.2860933914780617e+00   1.1011033449321985e+00   2.4567371448501945e+00
  -2.2827587303472683e+00  -1.6287894174456596e+00  -1.4661119114607573e+00  -3.7276046066544950e+00  -2.8435133378952742e+00  -2.2863992732018232e+00   1.1015161443501711e+00   2.4569990755990148e+00
  -2.2827320620417595e+00  -1.6290533067658544e+00  -1.4666230771690607e+00  -3.7275054808706045e+00  -2.8431593589484692e+00  -2.2867044797167182e+00   1.1019292455166578e+00   2.4572601579129696e+00
  -2.2827068630140275e+00  -1.6293185744434595e+00  -1.4671347476541996e+00  -3.7274071942083538e+00  -2.8428058568388224e+00  -2.2870100485160947e+00   1.1023421119898558e+00   2.4575217077508569e+00
  -2.2826812162529677e+00  -1.6295834342017770e+00  -1.4676462467759848e+00  -3.7273085890337825e+00  -2.8424521517008543e+00  -2.2873154627159238e+00   1.1027550119906664e+00   2.4577830666676164e+00
  -2.2826556002255529e+00  -1.6298483349382877e+00  -1.4681577458977699e+00  -3.7272099535912275e+00  -2.8420984130352736e+00  -2.2876208517700434e+00   1.1031678784638643e+00   2.4580444013699889e+00
  -2.2826300165615976e+00  -1.6301132738590240e+00  -1.4686692412942648e+00  -3.7271112892776728e+00  -2.8417446445673704e+00  -2.2879262147471309e+00   1.1035807114094496e+00   2.4583057109266520e+00
  -2.2826039837673306e+00  -1.6303778057917953e+00  -1.4691805616021156e+00  -3.7270123055204749e+00  -2.8413906749337912e+00  -2.2882314231246710e+00   1.1039935778826475e+00   2.4585668323561549e+00
  -2.2825794190866873e+00  -1.6306437142193317e+00  -1.4696923922747374e+00  -3.7269141599535942e+00  -2.8410371784120798e+00  -2.2885369956493378e+00   1.1044062096625566e+00   2.4588284185156226e+00
  -2.2825524755753577e+00  -1.6309074191376567e+00  -1.4702033642679453e+00  -3.7268145298585296e+00  -2.8406827989965677e+00  -2.2888418901711702e+00   1.1048191431909800e+00   2.4590891562402248e+00
  -2.2825266229920089e+00  -1.6311721494421363e+00  -1.4707147106528282e+00  -3.7267155093140900e+00  -2.8403287604451180e+00  -2.2891470473259687e+00   1.1052318979054689e+00   2.4593502311035991e+00
  -2.2825018252478912e+00  -1.6314378734678030e+00  -1.4712264165282249e+00  -3.7266170782968402e+00  -2.8399750497192144e+00  -2.2894524550065398e+00   1.1056444738060236e+00   2.4596116300672293e+00
  -2.2824747584527358e+00  -1.6317014927044511e+00  -1.4717373047024012e+00  -3.7265172274783254e+00  -2.8396204989403486e+00  -2.2897572144865990e+00   1.1060573365539312e+00   2.4598722178488970e+00
  -2.2824487541802227e+00  -1.6319661131128669e+00  -1.4722485560923815e+00  -3.7264179713092744e+00  -2.8392662759870291e+00  -2.2900622282177210e+00   1.1064700242131948e+00   2.4601331334561110e+00
  -2.2824238121975213e+00  -1.6322317328304052e+00  -1.4727601725608110e+00  -3.7263193069957197e+00  -2.8389123883098364e+00  -2.2903674971312284e+00   1.1068825330585241e+00   2.4603943768888712e+00
  -2.2823966015130281e+00  -1.6324952496215701e+00  -1.4732709657400846e+00  -3.7262192247435451e+00  -2.8385576549917459e+00  -2.2906721159815788e+00   1.1072953287512064e+00   2.4606548082083464e+00
  -2.2823704452021047e+00  -1.6327597582712770e+00  -1.4737821239978075e+00  -3.7261197310872376e+00  -2.8382032494992018e+00  -2.2909769881516695e+00   1.1077079456299543e+00   2.4609155636280775e+00
  -2.2823453808669001e+00  -1.6330252960324287e+00  -1.4742936547845602e+00  -3.7260208479128778e+00  -2.8378491867333651e+00  -2.2912821220234036e+00   1.1081203855574131e+00   2.4611766580492258e+00
  -2.2823179366532713e+00  -1.6332886246964335e+00  -1.4748043287545443e+00  -3.7259204797446728e+00  -2.8374942410737276e+00  -2.2915865760296583e+00   1.1085331235080957e+00   2.4614369012415409e+00
  -2.2822919592726976e+00  -1.6335533317178488e+00  -1.4753155075013638e+00  -3.7258209488354623e+00  -2.8371397685259581e+00  -2.2918913960456848e+00   1.1089456304907799e+00   2.4616976119577885e+00
  -2.2822655366035178e+00  -1.6338176336139441e+00  -1.4758265148848295e+00  -3.7257211008109152e+00  -2.8367850966751575e+00  -2.2921960586681962e+00   1.1093581672757864e+00   2.4619581326842308e+00
  -2.2822391433874145e+00  -1.6340819736942649e+00  -1.4763375185430050e+00  -3.7256212220527232e+00  -2.8364303912967443e+00  -2.2925006970763206e+00   1.1097706723958254e+00   2.4622186291962862e+00
  -2.2822127813706174e+00  -1.6343463519588113e+00  -1.4768485222011805e+00  -3.7255213134922087e+00  -2.8360756542533636e+00  -2.2928053112700582e+00   1.1101831439882517e+00   2.4624790986999869e+00
  -2.2821859724353999e+00  -1.6346103241667151e+00  -1.4773593507707119e+00  -3.7254210868850350e+00  -2.8357207160443068e+00  -2.2931097690016031e+00   1.1105956491082907e+00   2.4627393800765276e+00
  -2.2821606299839914e+00  -1.6348756756633520e+00  -1.4778706897050142e+00  -3.7253216970711946e+00  -2.8353662509471178e+00  -2.2934145927429199e+00   1.1110079195350409e+00   2.4630001308396459e+00
  -2.2821329097496346e+00  -1.6351388180628419e+00  -1.4783811662346125e+00  -3.7252208231948316e+00  -2.8350109048187733e+00  -2.2937187338247895e+00   1.1114204917103052e+00   2.4632600266486406e+00
  -2.2821062802104279e+00  -1.6354029877111316e+00  -1.4788920190185308e+00  -3.7251205602660775e+00  -2.8346559014171362e+00  -2.2940231394022703e+00   1.1118328813463449e+00   2.4635202623903751e+00
  -2.2820807043462992e+00  -1.6356681529432535e+00  -1.4794032331556082e+00  -3.7250208845362067e+00  -2.8343012239784002e+00  -2.2943277992308140e+00   1.1122450977563858e+00   2.4637808250263333e+00
  -2.2820528615266085e+00  -1.6359312115237117e+00  -1.4799136277288198e+00  -3.7249197917990386e+00  -2.8339457046240568e+00  -2.2946318062022328e+00   1.1126575972884893e+00   2.4640405708923936e+00
  -2.2820260800654069e+00  -1.6361952712759376e+00  -1.4804243836551905e+00  -3.7248192913830280e+00  -2.8335905168205500e+00  -2.2949360683560371e+00   1.1130699198693037e+00   2.4643006473779678e+00
  -2.2820003604283556e+00  -1.6364603321999311e+00  -1.4809355065226555e+00  -3.7247193837538362e+00  -2.8332356587052345e+00  -2.2952405884861946e+00   1.1134820673614740e+00   2.4645610535517335e+00
  -2.2819723720895126e+00  -1.6367232846096158e+00  -1.4814458061009645e+00  -3.7246180577203631e+00  -2.8328799605369568e+00  -2.2955444538965821e+00   1.1138944979757071e+00   2.4648206410929561e+00
  -2.2819454453419894e+00  -1.6369872400537133e+00  -1.4819564707577229e+00  -3.7245173244737089e+00  -2.8325245920568705e+00  -2.2958485754206777e+00   1.1143067516386509e+00   2.4650805592536926e+00
  -2.2819195780903101e+00  -1.6372521948069334e+00  -1.4824675004929304e+00  -3.7244171826168895e+00  -2.8321695514023304e+00  -2.2961529539898038e+00   1.1147188339382410e+00   2.4653408089652658e+00
  -2.2818914460949600e+00  -1.6375150438398123e+00  -1.4829777088016272e+00  -3.7243156251497567e+00  -2.8318136725574732e+00  -2.2964566778391600e+00   1.1151311937719584e+00   2.4656002391129732e+00
  -2.2818643677746877e+00  -1.6377788875252008e+00  -1.4834882766008377e+00  -3.7242146558128297e+00  -2.8314581196755171e+00  -2.2967606568709016e+00   1.1155433803796768e+00   2.4658599980175495e+00
  -2.2818383787525818e+00  -1.6380437593907118e+00  -1.4839992206543684e+00  -3.7241142950952053e+00  -2.8311029057949781e+00  -2.2970649013295770e+00   1.1159553918987513e+00   2.4661200977861881e+00
  -2.2818100136937574e+00  -1.6383064212277532e+00  -1.4845093060284853e+00  -3.7240124512463808e+00  -2.8307468164712191e+00  -2.2973684603348374e+00   1.1163676939904690e+00   2.4663793398067355e+00
  -2.2817831137217581e+00  -1.6385704623535275e+00  -1.4850198980420828e+00  -3.7239114441908896e+00  -2.8303911965340376e+00  -2.2976723872125149e+00   1.1167797688394785e+00   2.4666390530765057e+00
  -2.2817557678790763e+00  -1.6388340983539820e+00  -1.4855303149670362e+00  -3.7238101190887392e+00  -2.8300353772938251e+00  -2.2979761576279998e+00   1.1171918753534555e+00   2.4668985763564706e+00
  -2.2817284521879628e+00  -1.6390977716073394e+00  -1.4860407318919897e+00  -3.7237087641842663e+00  -2.8296795245260000e+00  -2.2982799028977752e+00   1.1176039464771748e+00   2.4671580744907260e+00
  -2.2817011673469096e+00  -1.6393614839762449e+00  -1.4865511450916529e+00  -3.7236073794774711e+00  -2.8293236419558525e+00  -2.2985836230218410e+00   1.1180159859359264e+00   2.4674175465479493e+00
  -2.2816734361695126e+00  -1.6396247884258628e+00  -1.4870613869279623e+00  -3.7235056771896780e+00  -2.8289675582200289e+00  -2.2988871866837144e+00   1.1184280551970005e+00   2.4676768295466900e+00
  -2.2816471698461100e+00  -1.6398894749581814e+00  -1.4875721391290426e+00  -3.7234048107638955e+00  -2.8286119438707829e+00  -2.2991911200806499e+00   1.1188398990780115e+00   2.4679365837946534e+00
  -2.2816185281844810e+00  -1.6401519486680627e+00  -1.4880820233374834e+00  -3.7233024616725743e+00  -2.8282554540783167e+00  -2.2994943652302027e+00   1.1192520316690207e+00   2.4681954784318805e+00
  -2.2815909760538489e+00  -1.6404154524207115e+00  -1.4885922875255346e+00  -3.7232007221318781e+00  -2.8278993032872677e+00  -2.2997978767380118e+00   1.1196639891713858e+00   2.4684547157958150e+00
  -2.2815644764341414e+00  -1.6406799508258700e+00  -1.4891029130667448e+00  -3.7230995697900653e+00  -2.8275434784591198e+00  -2.3001016462221742e+00   1.1200757753103971e+00   2.4687142828479409e+00
  -2.2815357123035938e+00  -1.6409423407167196e+00  -1.4896127153187990e+00  -3.7229970018379390e+00  -2.8271868154406548e+00  -2.3004047553986311e+00   1.1204878371208906e+00   2.4689730275422335e+00
  -2.2815080082509667e+00  -1.6412057336419821e+00  -1.4901228826493025e+00  -3.7228950252756476e+00  -2.8268304821103811e+00  -2.3007081234827638e+00   1.1208997257053852e+00   2.4692321047186852e+00
  -2.2814813647419214e+00  -1.6414701286703348e+00  -1.4906334187835455e+00  -3.7227936410345137e+00  -2.8264744766056538e+00  -2.3010117514058948e+00   1.1213114429265261e+00   2.4694915143772960e+00
  -2.2814524554414675e+00  -1.6417324133217335e+00  -1.4911431241780519e+00  -3.7226908407174051e+00  -2.8261176347732544e+00  -2.3013147199526429e+00   1.1217234339565039e+00   2.4697501016780734e+00
  -2.2814246043562889e+00  -1.6419956982135773e+00  -1.4916531983762980e+00  -3.7225886303931475e+00  -2.8257611189037561e+00  -2.3016179474070668e+00   1.1221352554857731e+00   2.4700090205296874e+00
  -2.2813978204503655e+00  -1.6422599935904145e+00  -1.4921636413782835e+00  -3.7224870161153376e+00  -2.8254049345850945e+00  -2.3019214356318116e+00   1.1225469037890434e+00   2.4702682746574283e+00
  -2.2813687436282635e+00  -1.6425221506506205e+00  -1.4926732461899519e+00  -3.7223839689977467e+00  -2.8250479027628899e+00  -2.3022242560982704e+00   1.1229588277637959e+00   2.4705266952514648e+00
  -2.2813408279325813e+00  -1.6427854066714644e+00  -1.4931832570582628e+00  -3.7222815752029419e+00  -2.8246912360191345e+00  -2.3025273634120822e+00   1.1233705691993237e+00   2.4707854846492410e+00
  -2.2813135960604995e+00  -1.6430493136867881e+00  -1.4936934970319271e+00  -3.7221795450896025e+00  -2.8243347629904747e+00  -2.3028306271880865e+00   1.1237821895629168e+00   2.4710444761440158e+00
  -2.2812855034135282e+00  -1.6433124244213104e+00  -1.4942034166306257e+00  -3.7220769478008151e+00  -2.8239779472351074e+00  -2.3031336190178990e+00   1.1241938937455416e+00   2.4713031323626637e+00
  -2.2812565515050665e+00  -1.6435747407376766e+00  -1.4947130102664232e+00  -3.7219737824052572e+00  -2.8236207887530327e+00  -2.3034363379701972e+00   1.1246056836098433e+00   2.4715614523738623e+00
  -2.2812282824888825e+00  -1.6438377052545547e+00  -1.4952228385955095e+00  -3.7218709816224873e+00  -2.8232638258486986e+00  -2.3037392133846879e+00   1.1250173542648554e+00   2.4718199754133821e+00
  -2.2812011740170419e+00  -1.6441017696633935e+00  -1.4957330692559481e+00  -3.7217688332311809e+00  -2.8229072242975235e+00  -2.3040423765778542e+00   1.1254288405179977e+00   2.4720788681879640e+00
  -2.2811717734439299e+00  -1.6443636957556009e+00  -1.4962424598634243e+00  -3.7216652520000935e+00  -2.8225497789680958e+00  -2.3043448701500893e+00   1.1258406024426222e+00   2.4723369237035513e+00
  -2.2811434398172423e+00  -1.6446266304701567e+00  -1.4967522229999304e+00  -3.7215622677467763e+00  -2.8221926614642143e+00  -2.3046476254239678e+00   1.1262521911412477e+00   2.4725953163579106e+00
  -2.2811161642894149e+00  -1.6448905700817704e+00  -1.4972623530775309e+00  -3.7214598730206490e+00  -2.8218358717858791e+00  -2.3049506423994899e+00   1.1266636122018099e+00   2.4728540442883968e+00
  -2.2810866239015013e+00  -1.6451523937284946e+00  -1.4977716524153948e+00  -3.7213560631498694e+00  -2.8214782476425171e+00  -2.3052529953420162e+00   1.1270753014832735e+00   2.4731119442731142e+00
  -2.2810581434750929e+00  -1.6454152232035995e+00  -1.4982813205569983e+00  -3.7212528442032635e+00  -2.8211209513247013e+00  -2.3055556090548635e+00   1.1274868231266737e+00   2.4733701786026359e+00
  -2.2810307218460366e+00  -1.6456790557131171e+00  -1.4987913537770510e+00  -3.7211502166464925e+00  -2.8207639828324318e+00  -2.3058584844693542e+00   1.1278981752693653e+00   2.4736287482082844e+00
  -2.2810010381508619e+00  -1.6459407769143581e+00  -1.4993005618453026e+00  -3.7210461748763919e+00  -2.8204061798751354e+00  -2.3061606958508492e+00   1.1283097956329584e+00   2.4738864898681641e+00
  -2.2809724060352892e+00  -1.6462034936994314e+00  -1.4998101349920034e+00  -3.7209427198395133e+00  -2.8200486991554499e+00  -2.3064631661400199e+00   1.1287212464958429e+00   2.4741445640102029e+00
  -2.2809448606567457e+00  -1.6464672414585948e+00  -1.5003200825303793e+00  -3.7208398724906147e+00  -2.8196915574371815e+00  -2.3067659065127373e+00   1.1291325259953737e+00   2.4744029836729169e+00
  -2.2809149494860321e+00  -1.6467287801206112e+00  -1.5008291658014059e+00  -3.7207355485297740e+00  -2.8193335458636284e+00  -2.3070679511874914e+00   1.1295440886169672e+00   2.4746605381369591e+00
  -2.2808864734834060e+00  -1.6469916747882962e+00  -1.5013387519866228e+00  -3.7206320422701538e+00  -2.8189759906381369e+00  -2.3073703655973077e+00   1.1299554314464331e+00   2.4749185601249337e+00
  -2.2808576558018103e+00  -1.6472542593255639e+00  -1.5018482021987438e+00  -3.7205282817594707e+00  -2.8186182733625174e+00  -2.3076726486906409e+00   1.1303667891770601e+00   2.4751764256507158e+00
  -2.2808284842176363e+00  -1.6475165225565434e+00  -1.5023575108498335e+00  -3.7204242590814829e+00  -2.8182603903114796e+00  -2.3079747995361686e+00   1.1307781655341387e+00   2.4754341328516603e+00
  -2.2808007748099044e+00  -1.6477801678702235e+00  -1.5028673317283392e+00  -3.7203210713341832e+00  -2.8179029747843742e+00  -2.3082773266360164e+00   1.1311893202364445e+00   2.4756923168897629e+00
  -2.2807706004241481e+00  -1.6480415090918541e+00  -1.5033762492239475e+00  -3.7202163469046354e+00  -2.8175446540117264e+00  -2.3085791300982237e+00   1.1316007673740387e+00   2.4759495984762907e+00
  -2.2807418883312494e+00  -1.6483042333275080e+00  -1.5038856808096170e+00  -3.7201124569401145e+00  -2.8171868026256561e+00  -2.3088813079521060e+00   1.1320119928568602e+00   2.4762073596939445e+00
  -2.2807128243148327e+00  -1.6485666381195188e+00  -1.5043949708342552e+00  -3.7200083062052727e+00  -2.8168287836015224e+00  -2.3091833544895053e+00   1.1324232351034880e+00   2.4764649607241154e+00
  -2.2806834164075553e+00  -1.6488287299871445e+00  -1.5049041230231524e+00  -3.7199038993567228e+00  -2.8164706043899059e+00  -2.3094852706417441e+00   1.1328344941139221e+00   2.4767224052920938e+00
  -2.2806554425042123e+00  -1.6490921797230840e+00  -1.5054137818515301e+00  -3.7198003102093935e+00  -2.8161128796637058e+00  -2.3097875546664000e+00   1.1332455351948738e+00   2.4769803192466497e+00
  -2.2806251054862514e+00  -1.6493534184992313e+00  -1.5059225708246231e+00  -3.7196952453814447e+00  -2.8157542869448662e+00  -2.3100891429930925e+00   1.1336568556725979e+00   2.4772373642772436e+00
  -2.2805958539247513e+00  -1.6496156882494688e+00  -1.5064317379146814e+00  -3.7195907882414758e+00  -2.8153960332274437e+00  -2.3103910023346543e+00   1.1340680047869682e+00   2.4774947576224804e+00
  -2.2805676539428532e+00  -1.6498789554461837e+00  -1.5069412719458342e+00  -3.7194869173690677e+00  -2.8150380998849869e+00  -2.3106931224465370e+00   1.1344789881259203e+00   2.4777524843811989e+00
  -2.2805371934082359e+00  -1.6501401094719768e+00  -1.5074499733746052e+00  -3.7193816332146525e+00  -2.8146793358027935e+00  -2.3109945748001337e+00   1.1348902359604836e+00   2.4780093794688582e+00
  -2.2805077907396480e+00  -1.6504022674635053e+00  -1.5079590436071157e+00  -3.7192769399844110e+00  -2.8143208958208561e+00  -2.3112962897866964e+00   1.1353013142943382e+00   2.4782666116952896e+00
  -2.2804794454714283e+00  -1.6506654303520918e+00  -1.5084684845060110e+00  -3.7191728362813592e+00  -2.8139627836644650e+00  -2.3115982692688704e+00   1.1357122287154198e+00   2.4785241801291704e+00
  -2.2804488404653966e+00  -1.6509264782071114e+00  -1.5089770928025246e+00  -3.7190673202276230e+00  -2.8136038426309824e+00  -2.3118995791301131e+00   1.1361234057694674e+00   2.4787809168919921e+00
  -2.2804192861076444e+00  -1.6511885244399309e+00  -1.5094860661774874e+00  -3.7189623904414475e+00  -2.8132452219724655e+00  -2.3122011497616768e+00   1.1365344151854515e+00   2.4790379889309406e+00
  -2.2803908187197521e+00  -1.6514516035094857e+00  -1.5099954213947058e+00  -3.7188580683432519e+00  -2.8128869365900755e+00  -2.3125029951334000e+00   1.1369452569633722e+00   2.4792954083532095e+00
  -2.2803599822800606e+00  -1.6517124641686678e+00  -1.5105039030313492e+00  -3.7187522677704692e+00  -2.8125277850776911e+00  -2.3128041373565793e+00   1.1373563744127750e+00   2.4795519551262259e+00
  -2.2803306053392589e+00  -1.6519747078418732e+00  -1.5110128987580538e+00  -3.7186472998000681e+00  -2.8121690973639488e+00  -2.3131056576967239e+00   1.1377672739326954e+00   2.4798089824616909e+00
  -2.2803007836919278e+00  -1.6522365445271134e+00  -1.5115217193961143e+00  -3.7185420156456530e+00  -2.8118102122098207e+00  -2.3134070187807083e+00   1.1381781995296478e+00   2.4800658160820603e+00
  -2.2802709932439029e+00  -1.6524984203279018e+00  -1.5120305400341749e+00  -3.7184367007575929e+00  -2.8114512935280800e+00  -2.3137083556503057e+00   1.1385890953242779e+00   2.4803226254880428e+00
  -2.2802412332966924e+00  -1.6527603333815932e+00  -1.5125393532216549e+00  -3.7183313569985330e+00  -2.8110923450440168e+00  -2.3140096664428711e+00   1.1389999538660049e+00   2.4805794097483158e+00
  -2.2802110272459686e+00  -1.6530218385159969e+00  -1.5130479950457811e+00  -3.7182256956584752e+00  -2.8107331953942776e+00  -2.3143108179792762e+00   1.1394108422100544e+00   2.4808360002934933e+00
  -2.2801822816254571e+00  -1.6532847285270691e+00  -1.5135571490973234e+00  -3.7181208673864603e+00  -2.8103745132684708e+00  -2.3146123485639691e+00   1.1398215107619762e+00   2.4810930732637644e+00
  -2.2801511686993763e+00  -1.6535454001277685e+00  -1.5140654332935810e+00  -3.7180145620368421e+00  -2.8100149631500244e+00  -2.3149131769314408e+00   1.1402324549853802e+00   2.4813492717221379e+00
  -2.2801211411133409e+00  -1.6538071036338806e+00  -1.5145740937441587e+00  -3.7179088629782200e+00  -2.8096557483077049e+00  -2.3152142763137817e+00   1.1406432315707207e+00   2.4816058184951544e+00
  -2.2800921631278470e+00  -1.6540698064491153e+00  -1.5150831248611212e+00  -3.7178037497214973e+00  -2.8092968538403511e+00  -2.3155156411230564e+00   1.1410538442432880e+00   2.4818627014756203e+00
  -2.2800609270343557e+00  -1.6543303914368153e+00  -1.5155913196504116e+00  -3.7176972250454128e+00  -2.8089371342211962e+00  -2.3158163325861096e+00   1.1414647139608860e+00   2.4821187490597367e+00
  -2.2800307481084019e+00  -1.6545919831842184e+00  -1.5160998851060867e+00  -3.7175912898965180e+00  -2.8085777349770069e+00  -2.3161172885447741e+00   1.1418754197657108e+00   2.4823751356452703e+00
  -2.2800016258843243e+00  -1.6548545816913247e+00  -1.5166088212281466e+00  -3.7174859442748129e+00  -2.8082186635583639e+00  -2.3164185117930174e+00   1.1422859616577625e+00   2.4826318603008986e+00
  -2.2799702461343259e+00  -1.6551150614395738e+00  -1.5171169210225344e+00  -3.7173791876994073e+00  -2.8078587632626295e+00  -2.3167190607637167e+00   1.1426967624574900e+00   2.4828877495601773e+00
  -2.2799399154027924e+00  -1.6553765414282680e+00  -1.5176253896206617e+00  -3.7172730164602399e+00  -2.8074991852045059e+00  -2.3170198732987046e+00   1.1431073993444443e+00   2.4831439740955830e+00
  -2.2799106703605503e+00  -1.6556390551850200e+00  -1.5181342381983995e+00  -3.7171674519777298e+00  -2.8071399386972189e+00  -2.3173209605738521e+00   1.1435178667306900e+00   2.4834005497395992e+00
  -2.2798790581291541e+00  -1.6558993468061090e+00  -1.5186422113329172e+00  -3.7170604104176164e+00  -2.8067798297852278e+00  -2.3176213419064879e+00   1.1439286079257727e+00   2.4836562471464276e+00
  -2.2798489052802324e+00  -1.6561610251665115e+00  -1.5191507022827864e+00  -3.7169542014598846e+00  -2.8064201846718788e+00  -2.3179221041500568e+00   1.1443391330540180e+00   2.4839124288409948e+00
  -2.2798183079576120e+00  -1.6564222937449813e+00  -1.5196590162813663e+00  -3.7168476758524776e+00  -2.8060603421181440e+00  -2.3182227062061429e+00   1.1447496842592955e+00   2.4841684168204665e+00
  -2.2797877409029752e+00  -1.6566836014389992e+00  -1.5201673284173012e+00  -3.7167411204427481e+00  -2.8057004660367966e+00  -2.3185232821851969e+00   1.1451602019369602e+00   2.4844243805855513e+00
  -2.2797572035342455e+00  -1.6569449482485652e+00  -1.5206756368279457e+00  -3.7166345342993736e+00  -2.8053405564278364e+00  -2.3188238339498639e+00   1.1455706879496574e+00   2.4846803173422813e+00
  -2.2797262226231396e+00  -1.6572058862075210e+00  -1.5211837682873011e+00  -3.7165276319719851e+00  -2.8049804512411356e+00  -2.3191242255270481e+00   1.1459812000393867e+00   2.4849360613152385e+00
  -2.2796967008616775e+00  -1.6574682109057903e+00  -1.5216924194246531e+00  -3.7164215627126396e+00  -2.8046208079904318e+00  -2.3194249998778105e+00   1.1463914960622787e+00   2.4851922905072570e+00
  -2.2796648108633235e+00  -1.6577283116057515e+00  -1.5222001913934946e+00  -3.7163140154443681e+00  -2.8042603023350239e+00  -2.3197250645607710e+00   1.1468020621687174e+00   2.4854476386681199e+00
  -2.2796340080676600e+00  -1.6579894488677382e+00  -1.5227083470672369e+00  -3.7162070763297379e+00  -2.8039001300930977e+00  -2.3200254058465362e+00   1.1472124606370926e+00   2.4857033379375935e+00
  -2.2796042534755543e+00  -1.6582515854388475e+00  -1.5232168696820736e+00  -3.7161007211543620e+00  -2.8035402763634920e+00  -2.3203260125592351e+00   1.1476227007806301e+00   2.4859593780711293e+00
  -2.2795722410082817e+00  -1.6585116004571319e+00  -1.5237245559692383e+00  -3.7159929550252855e+00  -2.8031796012073755e+00  -2.3206259412690997e+00   1.1480331923812628e+00   2.4862145744264126e+00
  -2.2795412864070386e+00  -1.6587726250290871e+00  -1.5242326129227877e+00  -3.7158857793547213e+00  -2.8028192464262247e+00  -2.3209261372685432e+00   1.1484435237944126e+00   2.4864701135084033e+00
  -2.2795113882748410e+00  -1.6590346582233906e+00  -1.5247410424053669e+00  -3.7157791932113469e+00  -2.8024592157453299e+00  -2.3212266033515334e+00   1.1488536894321442e+00   2.4867259943857789e+00
  -2.2794792301720008e+00  -1.6592945652082562e+00  -1.5252486318349838e+00  -3.7156711942516267e+00  -2.8020983580499887e+00  -2.3215263877063990e+00   1.1492641121149063e+00   2.4869810324162245e+00
  -2.2794481306336820e+00  -1.6595554845407605e+00  -1.5257565919309855e+00  -3.7155637862160802e+00  -2.8017378244549036e+00  -2.3218264421448112e+00   1.1496743708848953e+00   2.4872364131733775e+00
  -2.2794180850032717e+00  -1.6598174087703228e+00  -1.5262649264186621e+00  -3.7154569658450782e+00  -2.8013776149600744e+00  -2.3221267638728023e+00   1.1500844657421112e+00   2.4874921338632703e+00
  -2.2793857842916623e+00  -1.6600772123783827e+00  -1.5267724208533764e+00  -3.7153487368486822e+00  -2.8010165784507990e+00  -2.3224264066666365e+00   1.1504948157817125e+00   2.4877470135688782e+00
  -2.2793545330641791e+00  -1.6603380190208554e+00  -1.5272802840918303e+00  -3.7152410922572017e+00  -2.8006558660417795e+00  -2.3227263158187270e+00   1.1509050056338310e+00   2.4880022322759032e+00
  -2.2793243638006970e+00  -1.6605998575687408e+00  -1.5277885291725397e+00  -3.7151340520940721e+00  -2.8002954814583063e+00  -2.3230265015736222e+00   1.1513150297105312e+00   2.4882578039541841e+00
  -2.2792918359627947e+00  -1.6608594758436084e+00  -1.5282958969473839e+00  -3.7150255409069359e+00  -2.7999342400580645e+00  -2.3233259785920382e+00   1.1517253164201975e+00   2.4885124936699867e+00
  -2.2792607443407178e+00  -1.6611204640939832e+00  -1.5288037788122892e+00  -3.7149178478866816e+00  -2.7995734531432390e+00  -2.3236258327960968e+00   1.1521353945136070e+00   2.4887676630169153e+00
  -2.2792292885715142e+00  -1.6613811179995537e+00  -1.5293115116655827e+00  -3.7148098871111870e+00  -2.7992124948650599e+00  -2.3239255491644144e+00   1.1525454912334681e+00   2.4890226665884256e+00
  -2.2791975626023486e+00  -1.6616415260359645e+00  -1.5298191290348768e+00  -3.7147017144598067e+00  -2.7988514024764299e+00  -2.3242251528427005e+00   1.1529555916786194e+00   2.4892775369808078e+00
  -2.2791669925209135e+00  -1.6619030376896262e+00  -1.5303271561861038e+00  -3.7145941914059222e+00  -2.7984906639903784e+00  -2.3245250564068556e+00   1.1533655151724815e+00   2.4895327864214778e+00
  -2.2791350891347975e+00  -1.6621632985770702e+00  -1.5308346822857857e+00  -3.7144858157262206e+00  -2.7981294263154268e+00  -2.3248245427384973e+00   1.1537755765020847e+00   2.4897875217720866e+00
  -2.2791037566494197e+00  -1.6624241098761559e+00  -1.5313424039632082e+00  -3.7143777357414365e+00  -2.7977683376520872e+00  -2.3251241603866220e+00   1.1541855372488499e+00   2.4900424266234040e+00
  -2.2790711850393564e+00  -1.6626837588846684e+00  -1.5318496562540531e+00  -3.7142688604071736e+00  -2.7974067833274603e+00  -2.3254233859479427e+00   1.1545956227928400e+00   2.4902968509122729e+00
  -2.2790393963223323e+00  -1.6629441594704986e+00  -1.5323571804910898e+00  -3.7141604083590209e+00  -2.7970454525202513e+00  -2.3257228052243590e+00   1.1550055816769600e+00   2.4905515210703015e+00
  -2.2790087360190228e+00  -1.6632056385278702e+00  -1.5328651070594788e+00  -3.7140525900758803e+00  -2.7966844681650400e+00  -2.3260225141420960e+00   1.1554153710603714e+00   2.4908065600320697e+00
  -2.2789758003782481e+00  -1.6634649727493525e+00  -1.5333721823990345e+00  -3.7139433501288295e+00  -2.7963226586580276e+00  -2.3263215338811278e+00   1.1558254100382328e+00   2.4910607468336821e+00
  -2.2789439251646399e+00  -1.6637253221124411e+00  -1.5338796321302652e+00  -3.7138347015716136e+00  -2.7959611695259809e+00  -2.3266208255663514e+00   1.1562352888286114e+00   2.4913152782246470e+00
  -2.2789131024619564e+00  -1.6639866782352328e+00  -1.5343874543905258e+00  -3.7137266397476196e+00  -2.7956000026315451e+00  -2.3269203873351216e+00   1.1566450074315071e+00   2.4915701523423195e+00
  -2.2788800272392109e+00  -1.6642459118738770e+00  -1.5348944365978241e+00  -3.7136171706952155e+00  -2.7952380161732435e+00  -2.3272192664444447e+00   1.1570549756288528e+00   2.4918241798877716e+00
  -2.2788479990558699e+00  -1.6645061457529664e+00  -1.5354017876088619e+00  -3.7135082851164043e+00  -2.7948763463646173e+00  -2.3275184119120240e+00   1.1574647836387157e+00   2.4920785492286086e+00
  -2.2788170546991751e+00  -1.6647674180567265e+00  -1.5359095223248005e+00  -3.7134000048972666e+00  -2.7945150081068277e+00  -2.3278178386390209e+00   1.1578744314610958e+00   2.4923332743346691e+00
  -2.2787837479263544e+00  -1.6650264626368880e+00  -1.5364163741469383e+00  -3.7132902513258159e+00  -2.7941528111696243e+00  -2.3281165491789579e+00   1.1582843363285065e+00   2.4925871118903160e+00
  -2.2787518972763792e+00  -1.6652868976816535e+00  -1.5369237493723631e+00  -3.7131813284941018e+00  -2.7937910743057728e+00  -2.3284156462177634e+00   1.1586940344423056e+00   2.4928414383903146e+00
  -2.2787196016870439e+00  -1.6655469201505184e+00  -1.5374309457838535e+00  -3.7130720885470510e+00  -2.7934291418641806e+00  -2.3287145793437958e+00   1.1591037549078465e+00   2.4930955693125725e+00
  -2.2786873372970149e+00  -1.6658069826662540e+00  -1.5379381384700537e+00  -3.7129628192633390e+00  -2.7930671740323305e+00  -2.3290134901180863e+00   1.1595134455710649e+00   2.4933496741577983e+00
  -2.2786551041062921e+00  -1.6660670842975378e+00  -1.5384453292936087e+00  -3.7128535206429660e+00  -2.7927051782608032e+00  -2.3293123748153448e+00   1.1599230989813805e+00   2.4936037566512823e+00
  -2.2786224259762093e+00  -1.6663267752155662e+00  -1.5389523413032293e+00  -3.7127439044415951e+00  -2.7923429850488901e+00  -2.3296110974624753e+00   1.1603327803313732e+00   2.4938576417043805e+00
  -2.2785912035033107e+00  -1.6665878575295210e+00  -1.5394598767161369e+00  -3.7126351194456220e+00  -2.7919812481850386e+00  -2.3299102084711194e+00   1.1607422530651093e+00   2.4941120175644755e+00
  -2.2785576194291934e+00  -1.6668467093259096e+00  -1.5399665273725986e+00  -3.7125248606316745e+00  -2.7916186582297087e+00  -2.3302086014300585e+00   1.1611519828438759e+00   2.4943655040115118e+00
  -2.2785251187160611e+00  -1.6671065995469689e+00  -1.5404735617339611e+00  -3.7124152076430619e+00  -2.7912563960999250e+00  -2.3305072737857699e+00   1.1615615524351597e+00   2.4946193462237716e+00
  -2.2784936646930873e+00  -1.6673674928024411e+00  -1.5409809686243534e+00  -3.7123061381280422e+00  -2.7908944543451071e+00  -2.3308062162250280e+00   1.1619709618389606e+00   2.4948735320940614e+00
  -2.2784599584992975e+00  -1.6676262598484755e+00  -1.5414875298738480e+00  -3.7121956609189510e+00  -2.7905316930264235e+00  -2.3311044722795486e+00   1.1623806171119213e+00   2.4951268676668406e+00
  -2.2784273062134162e+00  -1.6678860364481807e+00  -1.5419944636523724e+00  -3.7120857713744044e+00  -2.7901692520827055e+00  -2.3314029993489385e+00   1.1627901159226894e+00   2.4953805478289723e+00
  -2.2783957080682740e+00  -1.6681468244642019e+00  -1.5425017736852169e+00  -3.7119764694944024e+00  -2.7898071277886629e+00  -2.3317018002271652e+00   1.1631994545459747e+00   2.4956345744431019e+00
  -2.2783618567045778e+00  -1.6684054844081402e+00  -1.5430082399398088e+00  -3.7118657603859901e+00  -2.7894441895186901e+00  -2.3319999109953642e+00   1.1636090390384197e+00   2.4958877498283982e+00
  -2.2783290592487901e+00  -1.6686651539057493e+00  -1.5435150787234306e+00  -3.7117556384764612e+00  -2.7890815678983927e+00  -2.3322982955724001e+00   1.1640184633433819e+00   2.4961412707343698e+00
  -2.2782973145367578e+00  -1.6689258338883519e+00  -1.5440222918987274e+00  -3.7116461042314768e+00  -2.7887192685157061e+00  -2.3325969530269504e+00   1.1644277311861515e+00   2.4963951390236616e+00
  -2.2782633192837238e+00  -1.6691843876615167e+00  -1.5445286594331264e+00  -3.7115351632237434e+00  -2.7883561514317989e+00  -2.3328949213027954e+00   1.1648372411727905e+00   2.4966481532901525e+00
  -2.2782303701387718e+00  -1.6694439444690943e+00  -1.5450353994965553e+00  -3.7114248056896031e+00  -2.7879933509975672e+00  -2.3331931596621871e+00   1.1652465965598822e+00   2.4969015130773187e+00
  -2.2781985034234822e+00  -1.6697045397013426e+00  -1.5455425269901752e+00  -3.7113150521181524e+00  -2.7876308783888817e+00  -2.3334916811436415e+00   1.1656557917594910e+00   2.4971552304923534e+00
  -2.2781642769696191e+00  -1.6699629034847021e+00  -1.5460487660020590e+00  -3.7112038275226951e+00  -2.7872675526887178e+00  -2.3337894799187779e+00   1.1660652384161949e+00   2.4974080538377166e+00
  -2.2781315048923716e+00  -1.6702226595953107e+00  -1.5465555284172297e+00  -3.7110934318043292e+00  -2.7869046833366156e+00  -2.3340876698493958e+00   1.1664744839072227e+00   2.4976613707840443e+00
  -2.2780982884578407e+00  -1.6704820040613413e+00  -1.5470621120184660e+00  -3.7109827189706266e+00  -2.7865416221320629e+00  -2.3343856958672404e+00   1.1668837480247021e+00   2.4979144902899861e+00
  -2.2780651031062007e+00  -1.6707413876429200e+00  -1.5475686937570572e+00  -3.7108719777315855e+00  -2.7861785236746073e+00  -2.3346836967393756e+00   1.1672929823398590e+00   2.4981675855815411e+00
  -2.2780319482553750e+00  -1.6710008112713695e+00  -1.5480752699077129e+00  -3.7107612066902220e+00  -2.7858153954148293e+00  -2.3349816733971238e+00   1.1677021831274033e+00   2.4984206566587090e+00
  -2.2779983499785885e+00  -1.6712598232552409e+00  -1.5485816709697247e+00  -3.7106501189991832e+00  -2.7854520734399557e+00  -2.3352794870734215e+00   1.1681114062666893e+00   2.4986735302954912e+00
  -2.2779662059620023e+00  -1.6715202284976840e+00  -1.5490885935723782e+00  -3.7105398611165583e+00  -2.7850892059504986e+00  -2.3355776928365231e+00   1.1685204245150089e+00   2.4989268975332379e+00
  -2.2779317009262741e+00  -1.6717783976346254e+00  -1.5495946276932955e+00  -3.7104281303472817e+00  -2.7847254872322083e+00  -2.3358751721680164e+00   1.1689296960830688e+00   2.4991793697699904e+00
  -2.2778982799500227e+00  -1.6720376098528504e+00  -1.5501010492444038e+00  -3.7103170054033399e+00  -2.7843620963394642e+00  -2.3361729364842176e+00   1.1693388074636459e+00   2.4994322005659342e+00
  -2.2778659041505307e+00  -1.6722978251054883e+00  -1.5506078451871872e+00  -3.7102064630016685e+00  -2.7839990202337503e+00  -2.3364709736779332e+00   1.1697477661073208e+00   2.4996853787451982e+00
  -2.2778312781592831e+00  -1.6725559104233980e+00  -1.5511137899011374e+00  -3.7100945147685707e+00  -2.7836351320147514e+00  -2.3367683170363307e+00   1.1701569631695747e+00   2.4999376991763711e+00
  -2.2777977052610368e+00  -1.6728150080889463e+00  -1.5516201108694077e+00  -3.7099831532686949e+00  -2.7832715604454279e+00  -2.3370659351348877e+00   1.1705660037696362e+00   2.5001903679221869e+00
  -2.2777651840588078e+00  -1.6730751181021333e+00  -1.5521268099546432e+00  -3.7098723789677024e+00  -2.7829083055257797e+00  -2.3373638289049268e+00   1.1709748879075050e+00   2.5004433859139681e+00
  -2.2777304144110531e+00  -1.6733330972492695e+00  -1.5526326596736908e+00  -3.7097601988352835e+00  -2.7825442403554916e+00  -2.3376610279083252e+00   1.1713840104639530e+00   2.5006955461576581e+00
  -2.2776966899400577e+00  -1.6735920812934637e+00  -1.5531388819217682e+00  -3.7096486017107964e+00  -2.7821804881095886e+00  -2.3379585016518831e+00   1.1717929802834988e+00   2.5009480528533459e+00
  -2.2776640466181561e+00  -1.6738521056249738e+00  -1.5536454916000366e+00  -3.7095376085489988e+00  -2.7818170636892319e+00  -2.3382562585175037e+00   1.1722017917782068e+00   2.5012009209021926e+00
  -2.2776290460024029e+00  -1.6741098947823048e+00  -1.5541512109339237e+00  -3.7094251448288560e+00  -2.7814527899026871e+00  -2.3385532880201936e+00   1.1726108510047197e+00   2.5014528902247548e+00
  -2.2775954979006201e+00  -1.6743690781295300e+00  -1.5546574555337429e+00  -3.7093135090544820e+00  -2.7810889706015587e+00  -2.3388507124036551e+00   1.1730197090655565e+00   2.5017053540796041e+00
  -2.2775615059072152e+00  -1.6746278489008546e+00  -1.5551635194569826e+00  -3.7092015580274165e+00  -2.7807249575853348e+00  -2.3391479710116982e+00   1.1734285913407803e+00   2.5019576204940677e+00
  -2.2775275462772697e+00  -1.6748866615816951e+00  -1.5556695833802223e+00  -3.7090895781293511e+00  -2.7803609110414982e+00  -2.3394452054053545e+00   1.1738374382257462e+00   2.5022098645567894e+00
  -2.2774936159839854e+00  -1.6751455115154386e+00  -1.5561756417155266e+00  -3.7089775670319796e+00  -2.7799968346953392e+00  -2.3397424155846238e+00   1.1742462515830994e+00   2.5024620825424790e+00
  -2.2774592416826636e+00  -1.6754039488732815e+00  -1.5566815212368965e+00  -3.7088652402162552e+00  -2.7796325609087944e+00  -2.3400394618511200e+00   1.1746550872921944e+00   2.5027141021564603e+00
  -2.2774263211758807e+00  -1.6756637813523412e+00  -1.5571879260241985e+00  -3.7087537422776222e+00  -2.7792687416076660e+00  -2.3403369020670652e+00   1.1750637218356133e+00   2.5029666190966964e+00
  -2.2773910432588309e+00  -1.6759213786572218e+00  -1.5576934404671192e+00  -3.7086407737806439e+00  -2.7789040729403496e+00  -2.3406336130574346e+00   1.1754726022481918e+00   2.5032182363793254e+00
  -2.2773568461416289e+00  -1.6761800143867731e+00  -1.5581993423402309e+00  -3.7085284092463553e+00  -2.7785397339612246e+00  -2.3409306090325117e+00   1.1758813299238682e+00   2.5034702140837908e+00
  -2.2773236940847710e+00  -1.6764396587386727e+00  -1.5587056204676628e+00  -3.7084166272543371e+00  -2.7781757079064846e+00  -2.3412278816103935e+00   1.1762899029999971e+00   2.5037225401028991e+00
  -2.2772882940480486e+00  -1.6766971703618765e+00  -1.5592110436409712e+00  -3.7083034403622150e+00  -2.7778108716011047e+00  -2.3415244547650218e+00   1.1766987070441246e+00   2.5039740065112710e+00
  -2.2772539451252669e+00  -1.6769556924700737e+00  -1.5597168467938900e+00  -3.7081908397376537e+00  -2.7774463500827551e+00  -2.3418213054537773e+00   1.1771073602139950e+00   2.5042258212342858e+00
  -2.2772206488298252e+00  -1.6772152306511998e+00  -1.5602230243384838e+00  -3.7080788263119757e+00  -2.7770821452140808e+00  -2.3421184336766601e+00   1.1775158625096083e+00   2.5044779879972339e+00
  -2.2771851030411199e+00  -1.6774726323783398e+00  -1.5607283525168896e+00  -3.7079654070548713e+00  -2.7767171300947666e+00  -2.3424148624762893e+00   1.1779245939105749e+00   2.5047292923554778e+00
  -2.2771506098797545e+00  -1.6777310492470860e+00  -1.5612340569496155e+00  -3.7078525749966502e+00  -2.7763524334877729e+00  -2.3427115697413683e+00   1.1783331744372845e+00   2.5049809487536550e+00
  -2.2771171677159145e+00  -1.6779904784634709e+00  -1.5617401376366615e+00  -3.7077403278090060e+00  -2.7759880498051643e+00  -2.3430085545405746e+00   1.1787416040897369e+00   2.5052329553291202e+00
  -2.2770814774557948e+00  -1.6782477740198374e+00  -1.5622453670948744e+00  -3.7076266775839031e+00  -2.7756228595972061e+00  -2.3433048380538821e+00   1.1791502609848976e+00   2.5054840994998813e+00
  -2.2770468329545110e+00  -1.6785060763359070e+00  -1.5627509709447622e+00  -3.7075136089697480e+00  -2.7752579823136330e+00  -2.3436014000326395e+00   1.1795587688684464e+00   2.5057355929166079e+00
  -2.2770132686709985e+00  -1.6787654208019376e+00  -1.5632569640874863e+00  -3.7074011443182826e+00  -2.7748934291303158e+00  -2.3438982469961047e+00   1.1799671221524477e+00   2.5059874476864934e+00
  -2.2769773475592956e+00  -1.6790225263684988e+00  -1.5637620631605387e+00  -3.7072872095741332e+00  -2.7745280303061008e+00  -2.3441943619400263e+00   1.1803757175803185e+00   2.5062384000048041e+00
  -2.2769428787287325e+00  -1.6792810279875994e+00  -1.5642676874995232e+00  -3.7071741027757525e+00  -2.7741630859673023e+00  -2.3444908736273646e+00   1.1807841155678034e+00   2.5064898515120149e+00
  -2.2769079710124061e+00  -1.6795391207560897e+00  -1.5647731367498636e+00  -3.7070606835186481e+00  -2.7737979479134083e+00  -2.3447872214019299e+00   1.1811925321817398e+00   2.5067411055788398e+00
  -2.2768730720272288e+00  -1.6797972321510315e+00  -1.5652785710990429e+00  -3.7069472204893827e+00  -2.7734327688813210e+00  -2.3450835384428501e+00   1.1816009208559990e+00   2.5069923270493746e+00
  -2.2768382860813290e+00  -1.6800554627552629e+00  -1.5657840352505445e+00  -3.7068337779492140e+00  -2.7730675861239433e+00  -2.3453798545524478e+00   1.1820092648267746e+00   2.5072435550391674e+00
  -2.2768027551937848e+00  -1.6803129911422729e+00  -1.5662892088294029e+00  -3.7067198376171291e+00  -2.7727021090686321e+00  -2.3456759164109826e+00   1.1824176646769047e+00   2.5074944728985429e+00
  -2.2767697959206998e+00  -1.6805729866027832e+00  -1.5667953267693520e+00  -3.7066074009053409e+00  -2.7723374627530575e+00  -2.3459727102890611e+00   1.1828257404267788e+00   2.5077463043853641e+00
  -2.2767335993703455e+00  -1.6808298993855715e+00  -1.5673002172261477e+00  -3.7064929627813399e+00  -2.7719716709107161e+00  -2.3462685048580170e+00   1.1832341551780701e+00   2.5079969037324190e+00
  -2.2766975985141471e+00  -1.6810870096087456e+00  -1.5678051691502333e+00  -3.7063785945065320e+00  -2.7716059051454067e+00  -2.3465643255040050e+00   1.1836425196379423e+00   2.5082475403323770e+00
  -2.2766637598397210e+00  -1.6813461966812611e+00  -1.5683109145611525e+00  -3.7062654821202159e+00  -2.7712408322840929e+00  -2.3468607561662793e+00   1.1840506065636873e+00   2.5084989415481687e+00
  -2.2766273779561743e+00  -1.6816029632464051e+00  -1.5688156932592392e+00  -3.7061507878825068e+00  -2.7708748504519463e+00  -2.3471563952043653e+00   1.1844589523971081e+00   2.5087493658065796e+00
  -2.2765921268146485e+00  -1.6818608203902841e+00  -1.5693208798766136e+00  -3.7060367274098098e+00  -2.7705092094838619e+00  -2.3474523378536105e+00   1.1848671399056911e+00   2.5090001719072461e+00
  -2.2765579030383378e+00  -1.6821196703240275e+00  -1.5698264390230179e+00  -3.7059232383035123e+00  -2.7701438777148724e+00  -2.3477485524490476e+00   1.1852751821279526e+00   2.5092513244599104e+00
  -2.2765214414102957e+00  -1.6823763912543654e+00  -1.5703311432152987e+00  -3.7058083517476916e+00  -2.7697777431458235e+00  -2.3480440657585859e+00   1.1856834460049868e+00   2.5095016118139029e+00
  -2.2764860211173072e+00  -1.6826341180130839e+00  -1.5708362236618996e+00  -3.7056940444745123e+00  -2.7694119177758694e+00  -2.3483398566022515e+00   1.1860915627330542e+00   2.5097522502765059e+00
  -2.2764516801107675e+00  -1.6828928869217634e+00  -1.5713416952639818e+00  -3.7055803402327001e+00  -2.7690464183688164e+00  -2.3486359370872378e+00   1.1864995285868645e+00   2.5100032519549131e+00
  -2.2764149863505736e+00  -1.6831494169309735e+00  -1.5718462672084570e+00  -3.7054651686921716e+00  -2.7686800751835108e+00  -2.3489312790334225e+00   1.1869077291339636e+00   2.5102533455938101e+00
  -2.2763797426596284e+00  -1.6834073420614004e+00  -1.5723513700067997e+00  -3.7053508232347667e+00  -2.7683141827583313e+00  -2.3492270214483142e+00   1.1873157359659672e+00   2.5105039430782199e+00
  -2.2763440556591377e+00  -1.6836648555472493e+00  -1.5728562921285629e+00  -3.7052361625246704e+00  -2.7679480966180563e+00  -2.3495225980877876e+00   1.1877237632870674e+00   2.5107543393969536e+00
  -2.2763083995087072e+00  -1.6839224081486464e+00  -1.5733612105250359e+00  -3.7051214729435742e+00  -2.7675819769501686e+00  -2.3498181486502290e+00   1.1881317552179098e+00   2.5110047115013003e+00
  -2.2762727737426758e+00  -1.6841799998655915e+00  -1.5738661270588636e+00  -3.7050067526288331e+00  -2.7672158274799585e+00  -2.3501136759296060e+00   1.1885397154837847e+00   2.5112550593912601e+00
  -2.2762367058312520e+00  -1.6844371790066361e+00  -1.5743708610534668e+00  -3.7048917179927230e+00  -2.7668494842946529e+00  -2.3504090374335647e+00   1.1889476962387562e+00   2.5115052079781890e+00
  -2.2762020875234157e+00  -1.6846957560628653e+00  -1.5748761240392923e+00  -3.7047775089740753e+00  -2.7664835900068283e+00  -2.3507047994062304e+00   1.1893554832786322e+00   2.5117558594793081e+00
  -2.2761651159962639e+00  -1.6849520904943347e+00  -1.5753804910928011e+00  -3.7046618326567113e+00  -2.7661168556660414e+00  -2.3509998209774494e+00   1.1897635031491518e+00   2.5120056010782719e+00
  -2.2761292239883915e+00  -1.6852094680070877e+00  -1.5758852474391460e+00  -3.7045467598363757e+00  -2.7657504454255104e+00  -2.3512951331213117e+00   1.1901713740080595e+00   2.5122557086870074e+00
  -2.2760943737812340e+00  -1.6854678541421890e+00  -1.5763903800398111e+00  -3.7044322667643428e+00  -2.7653843443840742e+00  -2.3515907255932689e+00   1.1905790977180004e+00   2.5125061674043536e+00
  -2.2760572815313935e+00  -1.6857241028919816e+00  -1.5768946558237076e+00  -3.7043163734488189e+00  -2.7650174405425787e+00  -2.3518856093287468e+00   1.1909870412200689e+00   2.5127557571977377e+00
  -2.2760212379507720e+00  -1.6859813677147031e+00  -1.5773993115872145e+00  -3.7042010640725493e+00  -2.7646508514881134e+00  -2.3521807752549648e+00   1.1913948375731707e+00   2.5130057008937001e+00
  -2.2759862431557849e+00  -1.6862396467477083e+00  -1.5779043454676867e+00  -3.7040863391011953e+00  -2.7642845734953880e+00  -2.3524762233719230e+00   1.1918024867773056e+00   2.5132560003548861e+00
  -2.2759490065509453e+00  -1.6864957874640822e+00  -1.5784085225313902e+00  -3.7039702143520117e+00  -2.7639174927026033e+00  -2.3527709618210793e+00   1.1922103557735682e+00   2.5135054280981421e+00
  -2.2759128117468208e+00  -1.6867529377341270e+00  -1.5789130777120590e+00  -3.7038546693511307e+00  -2.7635507229715586e+00  -2.3530659815296531e+00   1.1926180794835091e+00   2.5137552088126540e+00
  -2.2758776949485764e+00  -1.6870111310854554e+00  -1.5794180221855640e+00  -3.7037397269159555e+00  -2.7631842773407698e+00  -2.3533612918108702e+00   1.1930256541818380e+00   2.5140053573995829e+00
  -2.2758402276085690e+00  -1.6872670818120241e+00  -1.5799220670014620e+00  -3.7036233181133866e+00  -2.7628169897943735e+00  -2.3536558598279953e+00   1.1934334579855204e+00   2.5142545923590660e+00
  -2.2758042089408264e+00  -1.6875244313850999e+00  -1.5804266445338726e+00  -3.7035077353939414e+00  -2.7624501530081034e+00  -2.3539508311077952e+00   1.1938410717993975e+00   2.5145043320953846e+00
  -2.2757677466142923e+00  -1.6877813655883074e+00  -1.5809310395270586e+00  -3.7033918364904821e+00  -2.7620831225067377e+00  -2.3542456347495317e+00   1.1942487042397261e+00   2.5147538715973496e+00
  -2.2757313164183870e+00  -1.6880383417010307e+00  -1.5814354307949543e+00  -3.7032759087160230e+00  -2.7617160603404045e+00  -2.3545404141768813e+00   1.1946563031524420e+00   2.5150033868849277e+00
  -2.2756949167232960e+00  -1.6882953569293022e+00  -1.5819398183375597e+00  -3.7031599516049027e+00  -2.7613489646464586e+00  -2.3548351693898439e+00   1.1950638685375452e+00   2.5152528779581189e+00
  -2.2756580730201676e+00  -1.6885519558563828e+00  -1.5824440252035856e+00  -3.7030436783097684e+00  -2.7609816789627075e+00  -2.3551297569647431e+00   1.1954714525490999e+00   2.5155021678656340e+00
  -2.2756226796191186e+00  -1.6888099573552608e+00  -1.5829487629234791e+00  -3.7029282315634191e+00  -2.7606148403137922e+00  -2.3554247496649623e+00   1.1958788484334946e+00   2.5157519653439522e+00
  -2.2755849346285686e+00  -1.6890657134354115e+00  -1.5834525991231203e+00  -3.7028113184496760e+00  -2.7602471616119146e+00  -2.3557189963757992e+00   1.1962864715605974e+00   2.5160008464008570e+00
  -2.2755482671782374e+00  -1.6893225135281682e+00  -1.5839568283408880e+00  -3.7026950074359775e+00  -2.7598798070102930e+00  -2.3560135364532471e+00   1.1966939475387335e+00   2.5162500962615013e+00
  -2.2755126426927745e+00  -1.6895803231745958e+00  -1.5844614338129759e+00  -3.7025792771019042e+00  -2.7595127634704113e+00  -2.3563083577901125e+00   1.1971012782305479e+00   2.5164997000247240e+00
  -2.2754747761646286e+00  -1.6898359926417470e+00  -1.5849651806056499e+00  -3.7024621460586786e+00  -2.7591449152678251e+00  -2.3566024675965309e+00   1.1975088231265545e+00   2.5167484292760491e+00
  -2.2754379574907944e+00  -1.6900926781818271e+00  -1.5854693073779345e+00  -3.7023455994203687e+00  -2.7587773837149143e+00  -2.3568968595936894e+00   1.1979162245988846e+00   2.5169975142925978e+00
  -2.2754021881846711e+00  -1.6903503816574812e+00  -1.5859738159924746e+00  -3.7022296367213130e+00  -2.7584101613610983e+00  -2.3571915365755558e+00   1.1983234807848930e+00   2.5172469587996602e+00
  -2.2753641761373729e+00  -1.6906059412285686e+00  -1.5864774603396654e+00  -3.7021122737787664e+00  -2.7580421399325132e+00  -2.3574855010956526e+00   1.1987309530377388e+00   2.5174955269321799e+00
  -2.2753272135742009e+00  -1.6908625196665525e+00  -1.5869814902544022e+00  -3.7019954957067966e+00  -2.7576744277030230e+00  -2.3577797487378120e+00   1.1991382781416178e+00   2.5177444517612457e+00
  -2.2752912981668487e+00  -1.6911201141774654e+00  -1.5874858982861042e+00  -3.7018793011084199e+00  -2.7573070302605629e+00  -2.3580742813646793e+00   1.1995454616844654e+00   2.5179937351495028e+00
  -2.2752531425794587e+00  -1.6913755666464567e+00  -1.5879894439131021e+00  -3.7017617071978748e+00  -2.7569388318806887e+00  -2.3583680987358093e+00   1.1999528575688601e+00   2.5182421412318945e+00
  -2.2752160280942917e+00  -1.6916320296004415e+00  -1.5884933713823557e+00  -3.7016446930356324e+00  -2.7565709426999092e+00  -2.3586621992290020e+00   1.2003601100295782e+00   2.5184909030795097e+00
  -2.2751799904508516e+00  -1.6918895374983549e+00  -1.5889976900070906e+00  -3.7015282800421119e+00  -2.7562033738940954e+00  -2.3589565940201283e+00   1.2007672172039747e+00   2.5187400346621871e+00
  -2.2751416041282937e+00  -1.6921447990462184e+00  -1.5895011033862829e+00  -3.7014104030095041e+00  -2.7558349724858999e+00  -2.3592502409592271e+00   1.2011745478957891e+00   2.5189882470294833e+00
  -2.2751046657795087e+00  -1.6924014622345567e+00  -1.5900050513446331e+00  -3.7012933501973748e+00  -2.7554670143872499e+00  -2.3595442939549685e+00   1.2015816904604435e+00   2.5192369688302279e+00
  -2.2750672854017466e+00  -1.6926577109843493e+00  -1.5905088167637587e+00  -3.7011759830638766e+00  -2.7550988662987947e+00  -2.3598381793126464e+00   1.2019888516515493e+00   2.5194854885339737e+00
  -2.2750299335457385e+00  -1.6929139969870448e+00  -1.5910125784575939e+00  -3.7010585851967335e+00  -2.7547306828200817e+00  -2.3601320395246148e+00   1.2023959793150425e+00   2.5197339840233326e+00
  -2.2749926142860204e+00  -1.6931703258305788e+00  -1.5915163364261389e+00  -3.7009411593899131e+00  -2.7543624695390463e+00  -2.3604258755221963e+00   1.2028030734509230e+00   2.5199824552983046e+00
  -2.2749548526480794e+00  -1.6934262383729219e+00  -1.5920199137181044e+00  -3.7008234178647399e+00  -2.7539940644055605e+00  -2.3607195429503918e+00   1.2032101843506098e+00   2.5202307254076004e+00
  -2.2749185367720202e+00  -1.6936835516244173e+00  -1.5925240237265825e+00  -3.7007065000943840e+00  -2.7536261063069105e+00  -2.3610136192291975e+00   1.2036171127110720e+00   2.5204795049503446e+00
  -2.2748798743123189e+00  -1.6939386185258627e+00  -1.5930272284895182e+00  -3.7005881192162633e+00  -2.7532573118805885e+00  -2.3613069439306855e+00   1.2040242590010166e+00   2.5207273634150624e+00
  -2.2748422877630219e+00  -1.6941947313025594e+00  -1.5935308281332254e+00  -3.7004703395068645e+00  -2.7528888378292322e+00  -2.3616005647927523e+00   1.2044312618672848e+00   2.5209755925461650e+00
  -2.2748057417338714e+00  -1.6944518545642495e+00  -1.5940348040312529e+00  -3.7003531386144459e+00  -2.7525206748396158e+00  -2.3618944687768817e+00   1.2048381231725216e+00   2.5212241793051362e+00
  -2.2747669571544975e+00  -1.6947068348526955e+00  -1.5945379193872213e+00  -3.7002345398068428e+00  -2.7521517109125853e+00  -2.3621876556426287e+00   1.2052451930940151e+00   2.5214718850329518e+00
  -2.2747292189160362e+00  -1.6949628321453929e+00  -1.5950414147228003e+00  -3.7001165240071714e+00  -2.7517830599099398e+00  -2.3624811284244061e+00   1.2056521214544773e+00   2.5217199502512813e+00
  -2.2746925289975479e+00  -1.6952198483049870e+00  -1.5955452937632799e+00  -3.6999990926124156e+00  -2.7514147181063890e+00  -2.3627748880535364e+00   1.2060589082539082e+00   2.5219683768227696e+00
  -2.2746536000631750e+00  -1.6954747196286917e+00  -1.5960483085364103e+00  -3.6998802623711526e+00  -2.7510455809533596e+00  -2.3630679296329618e+00   1.2064659018069506e+00   2.5222159214317799e+00
  -2.2746157106012106e+00  -1.6957306023687124e+00  -1.5965516995638609e+00  -3.6997620109468699e+00  -2.7506767511367798e+00  -2.3633612543344498e+00   1.2068727556616068e+00   2.5224638227373362e+00
  -2.2745788987958804e+00  -1.6959875328466296e+00  -1.5970554891973734e+00  -3.6996443611569703e+00  -2.7503082398325205e+00  -2.3636548761278391e+00   1.2072794660925865e+00   2.5227120975032449e+00
  -2.2745397393591702e+00  -1.6962422132492065e+00  -1.5975583698600531e+00  -3.6995252477936447e+00  -2.7499388996511698e+00  -2.3639477444812655e+00   1.2076863944530487e+00   2.5229594474658370e+00
  -2.2745020255679265e+00  -1.6964982962235808e+00  -1.5980617851018906e+00  -3.6994069577194750e+00  -2.7495700009167194e+00  -2.3642410226166248e+00   1.2080931384116411e+00   2.5232073096558452e+00
  -2.2744638709118590e+00  -1.6967539638280869e+00  -1.5985650178045034e+00  -3.6992883542552590e+00  -2.7492009121924639e+00  -2.3645341321825981e+00   1.2084998991340399e+00   2.5234549688175321e+00
  -2.2744257459416986e+00  -1.6970096705481410e+00  -1.5990682467818260e+00  -3.6991697205230594e+00  -2.7488317899405956e+00  -2.3648272175341845e+00   1.2089066300541162e+00   2.5237026046961546e+00
  -2.2743876521708444e+00  -1.6972654182463884e+00  -1.5995714720338583e+00  -3.6990510569885373e+00  -2.7484626360237598e+00  -2.3651202777400613e+00   1.2093133237212896e+00   2.5239502154290676e+00
  -2.2743491164874285e+00  -1.6975207505747676e+00  -1.6000745147466660e+00  -3.6989320795983076e+00  -2.7480932921171188e+00  -2.3654131684452295e+00   1.2097200322896242e+00   2.5241976249963045e+00
  -2.2743120243540034e+00  -1.6977774836122990e+00  -1.6005780939012766e+00  -3.6988139236345887e+00  -2.7477243896573782e+00  -2.3657064707949758e+00   1.2101265620440245e+00   2.5244455458596349e+00
  -2.2742725932039320e+00  -1.6980319730937481e+00  -1.6010807640850544e+00  -3.6986943096853793e+00  -2.7473546601831913e+00  -2.3659990178421140e+00   1.2105333078652620e+00   2.5246925428509712e+00
  -2.2742342158453539e+00  -1.6982874888926744e+00  -1.6015838216990232e+00  -3.6985752834007144e+00  -2.7469852399080992e+00  -2.3662918573245406e+00   1.2109399121254683e+00   2.5249399049207568e+00
  -2.2741969571216032e+00  -1.6985440924763680e+00  -1.6020872909575701e+00  -3.6984568834304810e+00  -2.7466161567717791e+00  -2.3665850069373846e+00   1.2113463673740625e+00   2.5251876572147012e+00
  -2.2741571643855423e+00  -1.6987982634454966e+00  -1.6025897804647684e+00  -3.6983369067311287e+00  -2.7462461777031422e+00  -2.3668773425742984e+00   1.2117530573159456e+00   2.5254344101995230e+00
  -2.2741195324342698e+00  -1.6990545289590955e+00  -1.6030930764973164e+00  -3.6982181854546070e+00  -2.7458768840879202e+00  -2.3671703096479177e+00   1.2121594939380884e+00   2.5256819501519203e+00
  -2.2740820664912462e+00  -1.6993109649047256e+00  -1.6035964228212833e+00  -3.6980995158664882e+00  -2.7455076016485691e+00  -2.3674632953479886e+00   1.2125658821314573e+00   2.5259295171126723e+00
  -2.2740414837608114e+00  -1.6995644047856331e+00  -1.6040985640138388e+00  -3.6979789189063013e+00  -2.7451372295618057e+00  -2.3677552854642272e+00   1.2129725646227598e+00   2.5261758640408516e+00
  -2.2740030628629029e+00  -1.6998199392110109e+00  -1.6046015154570341e+00  -3.6978595773689449e+00  -2.7447675410658121e+00  -2.3680479088798165e+00   1.2133789900690317e+00   2.5264229970052838e+00
  -2.2739653883036226e+00  -1.7000762047246099e+00  -1.6051047351211309e+00  -3.6977406381629407e+00  -2.7443980630487204e+00  -2.3683407297357917e+00   1.2137853112071753e+00   2.5266703786328435e+00
  -2.2739255595952272e+00  -1.7003304027020931e+00  -1.6056071203202009e+00  -3.6976203517988324e+00  -2.7440278176218271e+00  -2.3686328502371907e+00   1.2141918241977692e+00   2.5269169043749571e+00
  -2.2738867470761761e+00  -1.7005855906754732e+00  -1.6061098780483007e+00  -3.6975006298162043e+00  -2.7436578702181578e+00  -2.3689252519980073e+00   1.2145982030779123e+00   2.5271637821570039e+00
  -2.2738490143092349e+00  -1.7008418319746852e+00  -1.6066130306571722e+00  -3.6973815108649433e+00  -2.7432882450520992e+00  -2.3692179536446929e+00   1.2150044366717339e+00   2.5274110361933708e+00
  -2.2738089371705428e+00  -1.7010958194732666e+00  -1.6071152742952108e+00  -3.6972609306685627e+00  -2.7429177891463041e+00  -2.3695098962634802e+00   1.2154108844697475e+00   2.5276573598384857e+00
  -2.2737703043967485e+00  -1.7013512123376131e+00  -1.6076180543750525e+00  -3.6971411728300154e+00  -2.7425477784126997e+00  -2.3698022523894906e+00   1.2158171515911818e+00   2.5279042003676295e+00
  -2.2737312304088846e+00  -1.7016061889007688e+00  -1.6081206519156694e+00  -3.6970211011357605e+00  -2.7421775739639997e+00  -2.3700944380834699e+00   1.2162234354764223e+00   2.5281508360058069e+00
  -2.2736921873874962e+00  -1.7018612073734403e+00  -1.6086232457309961e+00  -3.6969009996391833e+00  -2.7418073397129774e+00  -2.3703865995630622e+00   1.2166296858340502e+00   2.5283974492922425e+00
  -2.2736531734699383e+00  -1.7021162621676922e+00  -1.6091258339583874e+00  -3.6967808683402836e+00  -2.7414370700716972e+00  -2.3706787368282676e+00   1.2170359026640654e+00   2.5286440365016460e+00
  -2.2736137181054801e+00  -1.7023709025233984e+00  -1.6096282396465540e+00  -3.6966604222543538e+00  -2.7410666123032570e+00  -2.3709707027301192e+00   1.2174421343952417e+00   2.5288904206827283e+00
  -2.2735757085029036e+00  -1.7026269482448697e+00  -1.6101311836391687e+00  -3.6965407999232411e+00  -2.7406965959817171e+00  -2.3712630840018392e+00   1.2178481873124838e+00   2.5291373226791620e+00
  -2.2735353547614068e+00  -1.7028807401657104e+00  -1.6106332130730152e+00  -3.6964197163470089e+00  -2.7403257526457310e+00  -2.3715547053143382e+00   1.2182544507086277e+00   2.5293832924216986e+00
  -2.2734960755333304e+00  -1.7031355816870928e+00  -1.6111356411129236e+00  -3.6962992325425148e+00  -2.7399552259594202e+00  -2.3718466246500611e+00   1.2186605725437403e+00   2.5296296374872327e+00
  -2.2734578332165256e+00  -1.7033914336934686e+00  -1.6116384509950876e+00  -3.6961793252266943e+00  -2.7395850047469139e+00  -2.3721388336271048e+00   1.2190665621310472e+00   2.5298763439059258e+00
  -2.2734173572389409e+00  -1.7036451380699873e+00  -1.6121403891593218e+00  -3.6960580241866410e+00  -2.7392139937728643e+00  -2.3724303143098950e+00   1.2194727454334497e+00   2.5301221599802375e+00
  -2.2733779279515147e+00  -1.7038998641073704e+00  -1.6126427128911018e+00  -3.6959373047575355e+00  -2.7388432901352644e+00  -2.3727220864966512e+00   1.2198787909001112e+00   2.5303683411329985e+00
  -2.2733395416289568e+00  -1.7041556099429727e+00  -1.6131454221904278e+00  -3.6958171669393778e+00  -2.7384728938341141e+00  -2.3730141501873732e+00   1.2202847022563219e+00   2.5306148864328861e+00
