   6.3779715613482333e+00
   6.3818309151677015e+00
   6.3856820136200003e+00
   6.3895248522810517e+00
   6.3933594267903064e+00
   6.3971857328031012e+00
   6.4010037659747709e+00
   6.4048135219606550e+00
   6.4086149964160848e+00
   6.4124081849963988e+00
   6.4161930833569309e+00
   6.4199696871530207e+00
   6.4237379920399995e+00
   6.4274979936958347e+00
   6.4312496878889949e+00
   6.4349930704105827e+00
   6.4387281370516956e+00
   6.4424548836034345e+00
   6.4461733058568988e+00
   6.4498833996031877e+00
   6.4535851606334020e+00
   6.4572785847386394e+00
   6.4609636677100006e+00
   6.4646404053538538e+00
   6.4683087935376342e+00
   6.4719688281440506e+00
   6.4756205050558062e+00
   6.4792638201556096e+00
   6.4828987693261624e+00
   6.4865253484501730e+00
   6.4901435534103449e+00
   6.4937533800893865e+00
   6.4973548243700003e+00
   6.5009478821532163e+00
   6.5045325494133506e+00
   6.5081088221430381e+00
   6.5116766963349209e+00
   6.5152361679816337e+00
   6.5187872330758161e+00
   6.5223298876101063e+00
   6.5258641275771412e+00
   6.5293899489695599e+00
   6.5329073477799993e+00
   6.5364163200201819e+00
   6.5399168617781669e+00
   6.5434089691610957e+00
   6.5468926382761117e+00
   6.5503678652303563e+00
   6.5538346461309720e+00
   6.5572929770851021e+00
   6.5607428541998889e+00
   6.5641842735824740e+00
   6.5676172313399999e+00
   6.5710417235947114e+00
   6.5744577465292595e+00
   6.5778652963413951e+00
   6.5812643692288724e+00
   6.5846549613894405e+00
   6.5880370690208538e+00
   6.5914106883208641e+00
   6.5947758154872238e+00
   6.5981324467176847e+00
   6.6014805782099995e+00
   6.6048202061858889e+00
   6.6081513269629530e+00
   6.6114739368827617e+00
   6.6147880322868806e+00
   6.6180936095168805e+00
   6.6213906649143306e+00
   6.6246791948207990e+00
   6.6279591955778541e+00
   6.6312306635270639e+00
   6.6344935950099995e+00
   6.6377479863798188e+00
   6.6409938340360437e+00
   6.6442311343897869e+00
   6.6474598838521635e+00
   6.6506800788342835e+00
   6.6538917157472603e+00
   6.6570947910022076e+00
   6.6602893010102386e+00
   6.6634752421824652e+00
   6.6666526109299999e+00
   6.6698214036876244e+00
   6.6729816169847913e+00
   6.6761332473746178e+00
   6.6792762914102255e+00
   6.6824107456447361e+00
   6.6855366066312669e+00
   6.6886538709229386e+00
   6.6917625350728711e+00
   6.6948625956341861e+00
   6.6979540491599998e+00
   6.7010368922203529e+00
   6.7041111214529545e+00
   6.7071767335124326e+00
   6.7102337250534125e+00
   6.7132820927305241e+00
   6.7163218331983927e+00
   6.7193529431116472e+00
   6.7223754191249148e+00
   6.7253892578928234e+00
   6.7283944560699993e+00
   6.7313910103280117e+00
   6.7343789174061897e+00
   6.7373581740608026e+00
   6.7403287770481217e+00
   6.7432907231244181e+00
   6.7462440090459612e+00
   6.7491886315690195e+00
   6.7521245874498668e+00
   6.7550518734447698e+00
   6.7579704863100005e+00
   6.7608804228245987e+00
   6.7637816798586874e+00
   6.7666742543051557e+00
   6.7695581430568970e+00
   6.7724333430068029e+00
   6.7752998510477633e+00
   6.7781576640726726e+00
   6.7810067789744206e+00
   6.7838471926458990e+00
   6.7866789019800002e+00
   6.7895019038820736e+00
   6.7923161953073041e+00
   6.7951217732233351e+00
   6.7979186345978109e+00
   6.8007067763983722e+00
   6.8034861955926642e+00
   6.8062568891483304e+00
   6.8090188540330123e+00
   6.8117720872143543e+00
   6.8145165856599998e+00
   6.8172523463595658e+00
   6.8199793663905748e+00
   6.8226976428525212e+00
   6.8254071728448995e+00
   6.8281079534672067e+00
   6.8307999818189362e+00
   6.8334832549995852e+00
   6.8361577701086489e+00
   6.8388235242456226e+00
   6.8414805145100006e+00
   6.8441287380166909e+00
   6.8467681919422354e+00
   6.8493988734785916e+00
   6.8520207798177122e+00
   6.8546339081515555e+00
   6.8572382556720735e+00
   6.8598338195712216e+00
   6.8624205970409555e+00
   6.8649985852732298e+00
   6.8675677814600000e+00
   6.8701281828108156e+00
   6.8726797866056071e+00
   6.8752225901418971e+00
   6.8777565907172127e+00
   6.8802817856290766e+00
   6.8827981721750158e+00
   6.8853057476525521e+00
   6.8878045093592117e+00
   6.8902944545925200e+00
   6.8927755806500013e+00
   6.8952478848477998e+00
   6.8977113645765415e+00
   6.9001660172454722e+00
   6.9026118402638401e+00
   6.9050488310408902e+00
   6.9074769869858690e+00
   6.9098963055080240e+00
   6.9123067840165993e+00
   6.9147084199208422e+00
   6.9171012106299994e+00
   6.9194851535700712e+00
   6.9218602462340719e+00
   6.9242264861317757e+00
   6.9265838707729479e+00
   6.9289323976673618e+00
   6.9312720643247880e+00
   6.9336028682549928e+00
   6.9359248069677504e+00
   6.9382378779728295e+00
   6.9405420787800001e+00
   6.9428374069215160e+00
   6.9451238600195673e+00
   6.9474014357188265e+00
   6.9496701316639662e+00
   6.9519299454996597e+00
   6.9541808748705813e+00
   6.9564229174214036e+00
   6.9586560707967973e+00
   6.9608803326414392e+00
   6.9630957006000003e+00
   6.9653021723327440e+00
   6.9674997455622991e+00
   6.9696884180268803e+00
   6.9718681874647075e+00
   6.9740390516139978e+00
   6.9762010082129668e+00
   6.9783540549998353e+00
   6.9804981897128178e+00
   6.9826334100901342e+00
   6.9847597138699999e+00
   6.9868770988130473e+00
   6.9889855627695585e+00
   6.9910851036122326e+00
   6.9931757192137640e+00
   6.9952574074468501e+00
   6.9973301661841889e+00
   6.9993939932984768e+00
   7.0014488866624101e+00
   7.0034948441486851e+00
   7.0055318636299999e+00
   7.0075599429973376e+00
   7.0095790802148255e+00
   7.0115892732648817e+00
   7.0135905201299185e+00
   7.0155828187923515e+00
   7.0175661672345973e+00
   7.0195405634390688e+00
   7.0215060053881846e+00
   7.0234624910643557e+00
   7.0254100184500006e+00
   7.0273485855468332e+00
   7.0292781904337769e+00
   7.0311988312090525e+00
   7.0331105059708845e+00
   7.0350132128174936e+00
   7.0369069498471033e+00
   7.0387917151579371e+00
   7.0406675068482159e+00
   7.0425343230161621e+00
   7.0443921617600012e+00
   7.0462410211975115e+00
   7.0480808995247086e+00
   7.0499117949571701e+00
   7.0517337057104674e+00
   7.0535466300001772e+00
   7.0553505660418718e+00
   7.0571455120511271e+00
   7.0589314662435170e+00
   7.0607084268346174e+00
   7.0624763920399998e+00
   7.0642353600928951e+00
   7.0659853292971491e+00
   7.0677262979742599e+00
   7.0694582644457276e+00
   7.0711812270330521e+00
   7.0728951840577308e+00
   7.0746001338412672e+00
   7.0762960747051569e+00
   7.0779830049709016e+00
   7.0796609229599996e+00
   7.0813298270143568e+00
   7.0829897155574946e+00
   7.0846405870333404e+00
   7.0862824398858217e+00
   7.0879152725588668e+00
   7.0895390834964029e+00
   7.0911538711423567e+00
   7.0927596339406556e+00
   7.0943563703352277e+00
   7.0959440787700006e+00
   7.0975227577055389e+00
   7.0990924056689542e+00
   7.1006530212040007e+00
   7.1022046028544263e+00
   7.1037471491639828e+00
   7.1052806586764197e+00
   7.1068051299354904e+00
   7.1083205614849430e+00
   7.1098269518685298e+00
   7.1113242996300006e+00
   7.1128126033330430e+00
   7.1142918616210897e+00
   7.1157620731575113e+00
   7.1172232366056765e+00
   7.1186753506289557e+00
   7.1201184138907196e+00
   7.1215524250543352e+00
   7.1229773827831737e+00
   7.1243932857406049e+00
   7.1258001325899993e+00
   7.1271979220130524e+00
   7.1285866527647679e+00
   7.1299663236184765e+00
   7.1313369333475078e+00
   7.1326984807251934e+00
   7.1340509645248638e+00
   7.1353943835198486e+00
   7.1367287364834793e+00
   7.1380540221890865e+00
   7.1393702394099989e+00
   7.1406773869383047e+00
   7.1419754636411170e+00
   7.1432644684043023e+00
   7.1445444001137295e+00
   7.1458152576552667e+00
   7.1470770399147829e+00
   7.1483297457781454e+00
   7.1495733741312240e+00
   7.1508079238598858e+00
   7.1520333938500000e+00
   7.1532497830068724e+00
   7.1544570903135609e+00
   7.1556553147725621e+00
   7.1568444553863717e+00
   7.1580245111574872e+00
   7.1591954810884024e+00
   7.1603573641816158e+00
   7.1615101594396222e+00
   7.1626538658649181e+00
   7.1637884824599993e+00
   7.1649140082460843e+00
   7.1660304423192791e+00
   7.1671377837944092e+00
   7.1682360317863019e+00
   7.1693251854097850e+00
   7.1704052437796850e+00
   7.1714762060108299e+00
   7.1725380712180460e+00
   7.1735908385161604e+00
   7.1746345070199995e+00
   7.1756690758635360e+00
   7.1766945442573213e+00
   7.1777109114310500e+00
   7.1787181766144172e+00
   7.1797163390371201e+00
   7.1807053979288531e+00
   7.1816853525193123e+00
   7.1826562020381921e+00
   7.1836179457151905e+00
   7.1845705827800002e+00
   7.1855141124809681e+00
   7.1864485341410349e+00
   7.1873738471017905e+00
   7.1882900507048273e+00
   7.1891971442917342e+00
   7.1900951272041018e+00
   7.1909839987835218e+00
