  -1.0132585848681015e+00
  -1.0134488846807050e+00
  -1.0136379122419534e+00
  -1.0138256672292325e+00
  -1.0140121495065275e+00
  -1.0141973589844739e+00
  -1.0143812955737075e+00
  -1.0145639591848636e+00
  -1.0147453497285779e+00
  -1.0149254671154855e+00
  -1.0151043112562221e+00
  -1.0152818820614236e+00
  -1.0154581794417250e+00
  -1.0156332032913138e+00
  -1.0158069534385836e+00
  -1.0159794296954801e+00
  -1.0161506318739486e+00
  -1.0163205597859346e+00
  -1.0164892132433834e+00
  -1.0166565920582409e+00
  -1.0168226960424522e+00
  -1.0169875250079632e+00
  -1.0171510787667188e+00
  -1.0173133571273567e+00
  -1.0174743598852809e+00
  -1.0176340868325873e+00
  -1.0177925377613717e+00
  -1.0179497124637302e+00
  -1.0181056107317585e+00
  -1.0182602323575529e+00
  -1.0184135771332088e+00
  -1.0185656448508225e+00
  -1.0187164353024896e+00
  -1.0188659482853668e+00
  -1.0190141836168527e+00
  -1.0191611411194061e+00
  -1.0193068206154867e+00
  -1.0194512219275531e+00
  -1.0195943448780647e+00
  -1.0197361892894807e+00
  -1.0198767549842600e+00
  -1.0200160417848618e+00
  -1.0201540495137453e+00
  -1.0202907779986063e+00
  -1.0204262270880864e+00
  -1.0205603966360643e+00
  -1.0206932864964187e+00
  -1.0208248965230275e+00
  -1.0209552265697699e+00
  -1.0210842764905237e+00
  -1.0212120461391678e+00
  -1.0213385353695807e+00
  -1.0214637440356404e+00
  -1.0215876720131638e+00
  -1.0217103192657191e+00
  -1.0218316857788119e+00
  -1.0219517715379485e+00
  -1.0220705765286346e+00
  -1.0221881007363767e+00
  -1.0223043441466806e+00
  -1.0224193067450522e+00
  -1.0225329885169978e+00
  -1.0226453894480232e+00
  -1.0227565094774618e+00
  -1.0228663483599560e+00
  -1.0229749058039754e+00
  -1.0230821815179898e+00
  -1.0231881752104690e+00
  -1.0232928865898825e+00
  -1.0233963153646997e+00
  -1.0234984612433908e+00
  -1.0235993239344252e+00
  -1.0236989031462727e+00
  -1.0237971986384020e+00
  -1.0238942103742774e+00
  -1.0239899383683624e+00
  -1.0240843826351209e+00
  -1.0241775431890157e+00
  -1.0242694200445113e+00
  -1.0243600132160700e+00
  -1.0244493227181564e+00
  -1.0245373485652334e+00
  -1.0246240907717645e+00
  -1.0247095493372962e+00
  -1.0247937242017071e+00
  -1.0248766152899580e+00
  -1.0249582225270100e+00
  -1.0250385458378242e+00
  -1.0251175851473617e+00
  -1.0251953403805842e+00
  -1.0252718114624524e+00
  -1.0253469983179275e+00
  -1.0254209008719706e+00
  -1.0254935190431853e+00
  -1.0255648527247447e+00
  -1.0256349018034636e+00
  -1.0257036661661580e+00
  -1.0257711456996426e+00
  -1.0258373402907328e+00
  -1.0259022498262440e+00
  -1.0259658741929916e+00
  -1.0260282132777907e+00
  -1.0260892669674566e+00
  -1.0261490351649831e+00
  -1.0262075178380781e+00
  -1.0262647149706279e+00
  -1.0263206265465188e+00
  -1.0263752525496372e+00
  -1.0264285929638692e+00
  -1.0264806477731014e+00
  -1.0265314169612201e+00
  -1.0265809005121111e+00
  -1.0266290984096615e+00
  -1.0266760106219579e+00
  -1.0267216370538905e+00
  -1.0267659775945501e+00
  -1.0268090321330274e+00
  -1.0268508005584134e+00
  -1.0268912827597987e+00
  -1.0269304786262743e+00
  -1.0269683880469309e+00
  -1.0270050109108593e+00
  -1.0270403471071503e+00
  -1.0270743965621651e+00
  -1.0271071593513454e+00
  -1.0271386355874035e+00
  -1.0271688253830511e+00
  -1.0271977288510008e+00
  -1.0272253461039644e+00
  -1.0272516772546543e+00
  -1.0272767224157819e+00
  -1.0273004817000599e+00
  -1.0273229552202003e+00
  -1.0273441430510750e+00
  -1.0273640451161941e+00
  -1.0273826613012285e+00
  -1.0273999914918479e+00
  -1.0274160355737227e+00
  -1.0274307934325231e+00
  -1.0274442649539197e+00
  -1.0274564500235823e+00
  -1.0274673485271815e+00
  -1.0274769603503870e+00
  -1.0274852854013947e+00
  -1.0274923236785001e+00
  -1.0274980752025233e+00
  -1.0275025399942856e+00
  -1.0275057180746072e+00
  -1.0275076094643090e+00
  -1.0275082141842116e+00
  -1.0275075322551352e+00
  -1.0275055636979009e+00
  -1.0275023085333295e+00
  -1.0274977667949918e+00
  -1.0274919385674619e+00
  -1.0274848239480641e+00
  -1.0274764230341233e+00
  -1.0274667359229643e+00
  -1.0274557627119110e+00
  -1.0274435034982881e+00
  -1.0274299583794202e+00
  -1.0274151274526317e+00
  -1.0273990108152478e+00
  -1.0273816085372995e+00
  -1.0273629205796497e+00
  -1.0273429468758672e+00
  -1.0273216873595217e+00
  -1.0272991419641826e+00
  -1.0272753106234194e+00
  -1.0272501932708014e+00
  -1.0272237898398979e+00
  -1.0271961002642791e+00
  -1.0271671244775133e+00
  -1.0271368624503463e+00
  -1.0271053143022244e+00
  -1.0270724801897690e+00
  -1.0270383602696027e+00
  -1.0270029546983472e+00
  -1.0269662636326244e+00
  -1.0269282872290564e+00
  -1.0268890256442651e+00
  -1.0268484790348720e+00
  -1.0268066475575000e+00
  -1.0267635313375287e+00
  -1.0267191303753733e+00
  -1.0266734446402077e+00
  -1.0266264741012046e+00
  -1.0265782187275379e+00
  -1.0265286784883809e+00
  -1.0264778533529071e+00
  -1.0264257432902899e+00
  -1.0263723482697027e+00
  -1.0263176682603194e+00
  -1.0262617032639290e+00
  -1.0262044534127852e+00
  -1.0261459188717574e+00
  -1.0260860998057157e+00
  -1.0260249963795298e+00
  -1.0259626087580689e+00
  -1.0258989371062026e+00
  -1.0258339815888009e+00
  -1.0257677423707332e+00
  -1.0257002196168692e+00
  -1.0256314134766826e+00
  -1.0255613240380645e+00
  -1.0254899513735103e+00
  -1.0254172955555148e+00
  -1.0253433566565733e+00
  -1.0252681347491805e+00
  -1.0251916299058321e+00
  -1.0251138421990229e+00
  -1.0250347717012485e+00
  -1.0249544184850035e+00
  -1.0248727826249593e+00
  -1.0247898642044899e+00
  -1.0247056633091456e+00
  -1.0246201800244767e+00
  -1.0245334144360330e+00
  -1.0244453666293647e+00
  -1.0243560366900222e+00
  -1.0242654247035552e+00
  -1.0241735307555140e+00
  -1.0240803549314492e+00
  -1.0239858973370191e+00
  -1.0238901581583175e+00
  -1.0237931376015474e+00
  -1.0236948358729112e+00
  -1.0235952531786114e+00
  -1.0234943897248510e+00
  -1.0233922457178319e+00
  -1.0232888213637570e+00
  -1.0231841168688292e+00
  -1.0230781324392506e+00
  -1.0229708682565661e+00
  -1.0228623244036881e+00
  -1.0227525009388709e+00
  -1.0226413979203690e+00
  -1.0225290154064370e+00
  -1.0224153534553289e+00
  -1.0223004121252997e+00
  -1.0221841914746035e+00
  -1.0220666915614944e+00
  -1.0219479124442277e+00
  -1.0218278542119630e+00
  -1.0217065170774848e+00
  -1.0215839012844832e+00
  -1.0214600070766480e+00
  -1.0213348346976696e+00
  -1.0212083843912378e+00
  -1.0210806564010428e+00
  -1.0209516509707748e+00
  -1.0208213683441236e+00
  -1.0206898087647795e+00
  -1.0205569724523667e+00
  -1.0204228595302451e+00
  -1.0202874700977089e+00
  -1.0201508042540521e+00
  -1.0200128620985691e+00
  -1.0198736437305540e+00
  -1.0197331492493009e+00
  -1.0195913787541038e+00
  -1.0194483323442571e+00
  -1.0193040101190549e+00
  -1.0191584122032025e+00
  -1.0190115388230496e+00
  -1.0188633902303581e+00
  -1.0187139666768887e+00
  -1.0185632684144033e+00
  -1.0184112956946625e+00
  -1.0182580487694277e+00
  -1.0181035278904604e+00
  -1.0179477333095217e+00
  -1.0177906652783728e+00
  -1.0176323240376053e+00
  -1.0174727097831311e+00
  -1.0173118226996931e+00
  -1.0171496629720334e+00
  -1.0169862307848943e+00
  -1.0168215263230185e+00
  -1.0166555497711482e+00
  -1.0164883013140260e+00
  -1.0163197811363942e+00
  -1.0161499894229951e+00
  -1.0159789263610055e+00
  -1.0158065921473391e+00
  -1.0156329869813436e+00
  -1.0154581110623671e+00
  -1.0152819645897571e+00
  -1.0151045477628620e+00
  -1.0149258607810290e+00
  -1.0147459038436066e+00
  -1.0145646771499424e+00
  -1.0143821808993843e+00
  -1.0141984153066548e+00
  -1.0140133806479747e+00
  -1.0138270772149396e+00
  -1.0136395052991454e+00
  -1.0134506651921871e+00
  -1.0132605571856605e+00
  -1.0130691815711612e+00
  -1.0128765386402845e+00
  -1.0126826286846262e+00
  -1.0124874519957818e+00
  -1.0122910088485635e+00
  -1.0120932994506511e+00
  -1.0118943239929408e+00
  -1.0116940826663294e+00
  -1.0114925756617132e+00
  -1.0112898031699886e+00
  -1.0110857653820522e+00
  -1.0108804624888004e+00
  -1.0106738946811293e+00
  -1.0104660621499360e+00
  -1.0102569651090254e+00
  -1.0100466038638392e+00
  -1.0098349787427277e+00
  -1.0096220900740409e+00
  -1.0094079381861298e+00
  -1.0091925234073442e+00
  -1.0089758460660347e+00
  -1.0087579064905516e+00
  -1.0085387050092454e+00
  -1.0083182419504662e+00
  -1.0080965176270633e+00
  -1.0078735322898815e+00
  -1.0076492861742645e+00
  -1.0074237795155556e+00
  -1.0071970125490985e+00
  -1.0069689855102371e+00
  -1.0067396986343145e+00
  -1.0065091521566747e+00
  -1.0062773463126611e+00
  -1.0060442813376171e+00
  -1.0058099574851258e+00
  -1.0055743750817259e+00
  -1.0053375344721953e+00
  -1.0050994360013119e+00
  -1.0048600800138539e+00
  -1.0046194668545994e+00
  -1.0043775968683257e+00
