   6.3779780000000001e+03
   6.3818360000000002e+03
   6.3856869999999999e+03
   6.3895290000000005e+03
   6.3933639999999996e+03
   6.3971900000000005e+03
   6.4010100000000002e+03
   6.4048209999999999e+03
   6.4086220000000003e+03
   6.4124150000000000e+03
   6.4161989999999996e+03
   6.4199760000000006e+03
   6.4237449999999999e+03
   6.4275050000000001e+03
   6.4312579999999998e+03
   6.4350019999999995e+03
   6.4387379999999994e+03
   6.4424629999999997e+03
   6.4461779999999999e+03
   6.4498850000000002e+03
   6.4535860000000002e+03
   6.4572790000000005e+03
   6.4609629999999997e+03
   6.4646390000000001e+03
   6.4683080000000000e+03
   6.4719669999999996e+03
   6.4756190000000006e+03
   6.4792610000000004e+03
   6.4828959999999997e+03
   6.4865209999999997e+03
   6.4901370000000006e+03
   6.4937460000000001e+03
   6.4973459999999995e+03
   6.5009390000000003e+03
   6.5045249999999996e+03
   6.5081010000000006e+03
   6.5116700000000001e+03
   6.5152309999999998e+03
   6.5187809999999999e+03
   6.5223249999999998e+03
   6.5258589999999995e+03
   6.5293840000000000e+03
   6.5328999999999996e+03
   6.5364080000000004e+03
   6.5399099999999999e+03
   6.5434050000000007e+03
   6.5468900000000003e+03
   6.5503670000000002e+03
   6.5538320000000003e+03
   6.5572910000000002e+03
   6.5607420000000002e+03
   6.5641830000000000e+03
   6.5676160000000000e+03
   6.5710410000000002e+03
   6.5744570000000003e+03
   6.5778639999999996e+03
   6.5812619999999997e+03
   6.5846530000000002e+03
   6.5880339999999997e+03
   6.5914059999999999e+03
   6.5947690000000002e+03
   6.5981250000000000e+03
   6.6014730000000000e+03
   6.6048119999999999e+03
   6.6081440000000002e+03
   6.6114660000000003e+03
   6.6147800000000007e+03
   6.6180830000000005e+03
   6.6213800000000001e+03
   6.6246700000000001e+03
   6.6279509999999991e+03
   6.6312230000000000e+03
   6.6344850000000006e+03
   6.6377380000000003e+03
   6.6409839999999995e+03
   6.6442219999999998e+03
   6.6474539999999997e+03
   6.6506770000000006e+03
   6.6538899999999994e+03
   6.6570919999999996e+03
   6.6602869999999994e+03
   6.6634750000000004e+03
   6.6666520000000000e+03
   6.6698199999999997e+03
   6.6729789999999994e+03
   6.6761279999999997e+03
   6.6792699999999995e+03
   6.6824059999999999e+03
   6.6855339999999997e+03
   6.6886520000000000e+03
   6.6917590000000000e+03
   6.6948589999999995e+03
   6.6979509999999991e+03
   6.7010360000000001e+03
   6.7041149999999998e+03
   6.7071830000000000e+03
   6.7102399999999998e+03
   6.7132889999999998e+03
   6.7163279999999995e+03
   6.7193609999999999e+03
   6.7223829999999998e+03
   6.7253979999999992e+03
   6.7284030000000002e+03
   6.7313990000000003e+03
   6.7343860000000004e+03
   6.7373660000000000e+03
   6.7403380000000006e+03
   6.7433009999999995e+03
   6.7462539999999990e+03
   6.7491999999999998e+03
   6.7521360000000004e+03
   6.7550630000000001e+03
   6.7579800000000005e+03
   6.7608890000000001e+03
   6.7637880000000005e+03
   6.7666789999999992e+03
   6.7695630000000001e+03
   6.7724390000000003e+03
   6.7753059999999996e+03
   6.7781639999999998e+03
   6.7810119999999997e+03
   6.7838530000000001e+03
   6.7866850000000004e+03
   6.7895070000000005e+03
   6.7923210000000008e+03
   6.7951259999999993e+03
   6.7979210000000003e+03
   6.8007100000000009e+03
   6.8034880000000003e+03
   6.8062570000000005e+03
   6.8090179999999991e+03
   6.8117710000000006e+03
   6.8145130000000008e+03
   6.8172440000000006e+03
   6.8199690000000001e+03
   6.8226869999999999e+03
   6.8253960000000006e+03
   6.8280969999999998e+03
   6.8307899999999991e+03
   6.8334740000000002e+03
   6.8361479999999992e+03
   6.8388149999999996e+03
   6.8414730000000000e+03
   6.8441199999999999e+03
   6.8467590000000000e+03
   6.8493899999999994e+03
   6.8520119999999997e+03
   6.8546250000000000e+03
   6.8572300000000005e+03
   6.8598259999999991e+03
   6.8624149999999991e+03
   6.8649920000000002e+03
   6.8675640000000003e+03
   6.8701250000000000e+03
   6.8726770000000006e+03
   6.8752210000000005e+03
   6.8777539999999990e+03
   6.8802809999999999e+03
   6.8827970000000005e+03
   6.8853059999999996e+03
   6.8878059999999996e+03
   6.8902970000000005e+03
   6.8927789999999995e+03
   6.8952509999999993e+03
   6.8977130000000006e+03
   6.9001660000000002e+03
   6.9026130000000003e+03
   6.9050500000000002e+03
   6.9074800000000005e+03
   6.9098999999999996e+03
   6.9123089999999993e+03
   6.9147089999999998e+03
   6.9170990000000002e+03
   6.9194809999999998e+03
   6.9218559999999998e+03
   6.9242230000000000e+03
   6.9265810000000001e+03
   6.9289300000000003e+03
   6.9312699999999995e+03
   6.9336000000000004e+03
   6.9359210000000003e+03
   6.9382339999999995e+03
   6.9405389999999998e+03
   6.9428339999999998e+03
   6.9451199999999999e+03
   6.9473990000000003e+03
   6.9496689999999999e+03
   6.9519289999999992e+03
   6.9541830000000000e+03
   6.9564289999999992e+03
   6.9586639999999998e+03
   6.9608899999999994e+03
   6.9631070000000009e+03
   6.9653100000000004e+03
   6.9675039999999990e+03
   6.9696920000000000e+03
   6.9718720000000003e+03
   6.9740419999999995e+03
   6.9762060000000001e+03
   6.9783609999999999e+03
   6.9805070000000005e+03
   6.9826449999999995e+03
   6.9847719999999999e+03
   6.9868890000000001e+03
   6.9889990000000007e+03
   6.9910990000000002e+03
   6.9931899999999996e+03
   6.9952729999999992e+03
   6.9973449999999993e+03
   6.9994100000000008e+03
   7.0014639999999999e+03
   7.0035090000000000e+03
   7.0055450000000001e+03
   7.0075729999999994e+03
   7.0095940000000001e+03
   7.0116030000000001e+03
   7.0136030000000001e+03
   7.0155949999999993e+03
   7.0175779999999995e+03
   7.0195529999999999e+03
   7.0215179999999991e+03
   7.0234730000000000e+03
   7.0254169999999995e+03
   7.0273539999999994e+03
   7.0292830000000004e+03
   7.0312060000000001e+03
   7.0331179999999995e+03
   7.0350219999999999e+03
   7.0369130000000005e+03
   7.0387970000000005e+03
   7.0406740000000009e+03
   7.0425410000000002e+03
   7.0444009999999998e+03
   7.0462529999999997e+03
   7.0480949999999993e+03
   7.0499270000000006e+03
   7.0517490000000007e+03
   7.0535609999999997e+03
   7.0553649999999998e+03
   7.0571600000000008e+03
   7.0589440000000004e+03
   7.0607210000000005e+03
   7.0624889999999996e+03
   7.0642449999999999e+03
   7.0659949999999999e+03
   7.0677339999999995e+03
   7.0694639999999999e+03
   7.0711899999999996e+03
   7.0729059999999999e+03
   7.0746130000000003e+03
   7.0763080000000000e+03
   7.0779929999999995e+03
   7.0796660000000002e+03
   7.0813320000000003e+03
   7.0829889999999996e+03
   7.0846369999999997e+03
   7.0862759999999998e+03
   7.0879080000000004e+03
   7.0895309999999999e+03
   7.0911440000000002e+03
   7.0927479999999996e+03
   7.0943410000000003e+03
   7.0959250000000002e+03
   7.0975009999999993e+03
   7.0990670000000000e+03
   7.1006250000000000e+03
   7.1021770000000006e+03
   7.1037190000000001e+03
   7.1052509999999993e+03
   7.1067729999999992e+03
   7.1082889999999998e+03
   7.1097950000000001e+03
   7.1112939999999999e+03
   7.1127830000000004e+03
   7.1142640000000001e+03
   7.1157350000000006e+03
   7.1171990000000005e+03
   7.1186530000000002e+03
   7.1200990000000002e+03
   7.1215350000000008e+03
   7.1229630000000006e+03
   7.1243820000000005e+03
   7.1257899999999991e+03
   7.1271859999999997e+03
   7.1285770000000002e+03
   7.1299600000000009e+03
   7.1313350000000009e+03
   7.1326970000000001e+03
   7.1340470000000005e+03
   7.1353910000000005e+03
   7.1367280000000001e+03
   7.1380539999999992e+03
   7.1393690000000006e+03
   7.1406740000000009e+03
   7.1419690000000001e+03
   7.1432579999999998e+03
   7.1445380000000005e+03
   7.1458100000000004e+03
   7.1470710000000008e+03
   7.1483240000000005e+03
   7.1495699999999997e+03
   7.1508050000000003e+03
   7.1520320000000011e+03
   7.1532500000000000e+03
   7.1544560000000001e+03
   7.1556539999999995e+03
   7.1568419999999996e+03
   7.1580249999999996e+03
   7.1591990000000005e+03
   7.1603649999999998e+03
   7.1615210000000006e+03
   7.1626669999999995e+03
   7.1638059999999996e+03
   7.1649350000000004e+03
   7.1660520000000006e+03
   7.1671600000000008e+03
   7.1682559999999994e+03
   7.1693429999999989e+03
   7.1704200000000001e+03
   7.1714899999999998e+03
   7.1725509999999995e+03
   7.1736009999999997e+03
   7.1746440000000002e+03
   7.1756779999999999e+03
   7.1767009999999991e+03
   7.1777160000000003e+03
   7.1787219999999998e+03
   7.1797210000000005e+03
   7.1807089999999998e+03
   7.1816890000000003e+03
   7.1826580000000004e+03
   7.1836170000000002e+03
   7.1845699999999997e+03
   7.1855149999999994e+03
   7.1864529999999995e+03
   7.1873800000000001e+03
   7.1882990000000009e+03
   7.1892070000000003e+03
   7.1901050000000005e+03
   7.1909940000000006e+03
