  -2.8350422818696526e+00   3.0048598024810849e+00  -2.9803722896978706e+00   2.0161261835039482e-01   1.6625534593057445e+00  -6.0119466687700529e-01  -1.7092742021657907e+00  -2.5768912259578336e-01
  -2.8348167750463444e+00   3.0050001686773289e+00  -2.9802412886046117e+00   2.0206789793575350e-01   1.6629494360953185e+00  -6.0074645029097939e-01  -1.7088700738820106e+00  -2.5721863749480600e-01
  -2.8345912066642192e+00   3.0051404713730481e+00  -2.9801102245013440e+00   2.0252317435532197e-01   1.6633453814569081e+00  -6.0029821871655165e-01  -1.7084659042224617e+00  -2.5674814719436245e-01
  -2.8343655789333031e+00   3.0052807100845191e+00  -2.9799790986252361e+00   2.0297844612554466e-01   1.6637412936226768e+00  -5.9984997105511606e-01  -1.7080616936855657e+00  -2.5627765017081017e-01
  -2.8341398915556413e+00   3.0054208847730322e+00  -2.9798479103185671e+00   2.0343371456917608e-01   1.6641371700679393e+00  -5.9940171164509426e-01  -1.7076574442559045e+00  -2.5580714649231456e-01
  -2.8339141426942684e+00   3.0055609959426315e+00  -2.9797166595104541e+00   2.0388898339127459e-01   1.6645330144640038e+00  -5.9895343671676660e-01  -1.7072531541344269e+00  -2.5533663805628387e-01
  -2.8336883344550614e+00   3.0057010434703941e+00  -2.9795853467011324e+00   2.0434424761000536e-01   1.6649288221028731e+00  -5.9850514770684271e-01  -1.7068488229504126e+00  -2.5486612464071506e-01
  -2.8334624665842703e+00   3.0058410274771075e+00  -2.9794539718625743e+00   2.0479950849222409e-01   1.6653245977082287e+00  -5.9805684318483399e-01  -1.7064444529241574e+00  -2.5439560460334881e-01
  -2.8332365372115809e+00   3.0059809470314058e+00  -2.9793225340674407e+00   2.0525476603794207e-01   1.6657203412763537e+00  -5.9760852501155648e-01  -1.7060400421924076e+00  -2.5392507794221253e-01
  -2.8330105484821559e+00   3.0061208029282964e+00  -2.9791910347419992e+00   2.0571002269085720e-01   1.6661160480776656e+00  -5.9716019276213783e-01  -1.7056355904038287e+00  -2.5345454815917995e-01
  -2.8327845001106011e+00   3.0062605953176940e+00  -2.9790594724524087e+00   2.0616527228836784e-01   1.6665117228473978e+00  -5.9671184686053358e-01  -1.7052310997699531e+00  -2.5298400989326136e-01
  -2.8325583902371427e+00   3.0064003237126600e+00  -2.9789278481355836e+00   2.0662052227658023e-01   1.6669073655836804e+00  -5.9626348730764611e-01  -1.7048265665684532e+00  -2.5251346873079455e-01
  -2.8323322219277411e+00   3.0065399884638166e+00  -2.9787961613611533e+00   2.0707576765116900e-01   1.6673029715569574e+00  -5.9581511181606572e-01  -1.7044219941678032e+00  -2.5204291885718633e-01
  -2.8321059921345859e+00   3.0066795892262128e+00  -2.9786644125439512e+00   2.0753100968290644e-01   1.6676985454815063e+00  -5.9536672266636070e-01  -1.7040173829384229e+00  -2.5157236609125538e-01
  -2.8318797036232448e+00   3.0068191264463100e+00  -2.9785326017573084e+00   2.0798624839584981e-01   1.6680940836931937e+00  -5.9491831803642348e-01  -1.7036127309569802e+00  -2.5110180667811915e-01
  -2.8316533538961890e+00   3.0069585992035548e+00  -2.9784007282786944e+00   2.0844148617704991e-01   1.6684895887064950e+00  -5.9446990292025270e-01  -1.7032080380862236e+00  -2.5063124053098113e-01
  -2.8314269444957509e+00   3.0070980089337556e+00  -2.9782687926847928e+00   2.0889671891761458e-01   1.6688850622619906e+00  -5.9402147093003121e-01  -1.7028033038749557e+00  -2.5016066919946323e-01
  -2.8312004737233818e+00   3.0072373544398472e+00  -2.9781367947112694e+00   2.0935194774444524e-01   1.6692805016420402e+00  -5.9357302341093343e-01  -1.7023985313288776e+00  -2.4969009283143964e-01
  -2.8309739452661997e+00   3.0073766361402017e+00  -2.9780047344197458e+00   2.0980717469294918e-01   1.6696759037927333e+00  -5.9312456281939507e-01  -1.7019937178363997e+00  -2.4921951092216385e-01
  -2.8307473553855025e+00   3.0075158545046698e+00  -2.9778726118086341e+00   2.1026239791901416e-01   1.6700712761740886e+00  -5.9267608915265979e-01  -1.7015888652571067e+00  -2.4874892347581931e-01
  -2.8305207050641941e+00   3.0076550081870774e+00  -2.9777404272796422e+00   2.1071762095661276e-01   1.6704666106527934e+00  -5.9222759995414131e-01  -1.7011839706176901e+00  -2.4827833099394070e-01
  -2.8302939950695003e+00   3.0077940988424068e+00  -2.9776081801697241e+00   2.1117283709094287e-01   1.6708619136775362e+00  -5.9177909760785008e-01  -1.7007790365013900e+00  -2.4780773146692808e-01
  -2.8300672248009646e+00   3.0079331250212871e+00  -2.9774758713047982e+00   2.1162805228138798e-01   1.6712571834943790e+00  -5.9133057919117193e-01  -1.7003740633579769e+00  -2.4733712706311531e-01
  -2.8298403948829249e+00   3.0080720876617257e+00  -2.9773434995390406e+00   2.1208326043542719e-01   1.6716524176021526e+00  -5.9088204901852415e-01  -1.6999690494636144e+00  -2.4686651601120913e-01
  -2.8296135053255389e+00   3.0082109867887912e+00  -2.9772110657269204e+00   2.1253846897829434e-01   1.6720476196688661e+00  -5.9043350332046618e-01  -1.6995639948780590e+00  -2.4639590207422635e-01
  -2.8293865545536097e+00   3.0083498222682552e+00  -2.9770785699208520e+00   2.1299367289793594e-01   1.6724427849629409e+00  -5.8998494355110598e-01  -1.6991589010906032e+00  -2.4592527942043876e-01
  -2.8291595441452877e+00   3.0084885932816512e+00  -2.9769460120932156e+00   2.1344887720765446e-01   1.6728379182236568e+00  -5.8953637013137106e-01  -1.6987537665996912e+00  -2.4545465386845308e-01
  -2.8289324740871389e+00   3.0086273007837327e+00  -2.9768133912956816e+00   2.1390407446773541e-01   1.6732330194585385e+00  -5.8908778305369269e-01  -1.6983485914070269e+00  -2.4498402170293890e-01
  -2.8287053428145104e+00   3.0087659437030085e+00  -2.9766807089871299e+00   2.1435926710454101e-01   1.6736280839264883e+00  -5.8863918005070370e-01  -1.6979433770024401e+00  -2.4451338453916718e-01
  -2.8284781528388914e+00   3.0089045235890661e+00  -2.9765479641222727e+00   2.1481446012330901e-01   1.6740231144602038e+00  -5.8819056522015811e-01  -1.6975381219423931e+00  -2.4404274078638311e-01
  -2.8282509022784983e+00   3.0090430393722225e+00  -2.9764151565255501e+00   2.1526964612944555e-01   1.6744181131211242e+00  -5.8774193501022287e-01  -1.6971328260049974e+00  -2.4357209216181697e-01
  -2.8280235914713323e+00   3.0091814914843584e+00  -2.9762822874752208e+00   2.1572483107661308e-01   1.6748130762829208e+00  -5.8729329021826759e-01  -1.6967274933745846e+00  -2.4310143897751982e-01
  -2.8277962218111754e+00   3.0093198793542659e+00  -2.9761493558726189e+00   2.1618001329695516e-01   1.6752080058835701e+00  -5.8684463181789248e-01  -1.6963221157680068e+00  -2.4263077756767121e-01
  -2.8275687908617981e+00   3.0094582039713247e+00  -2.9760163618820661e+00   2.1663519124869518e-01   1.6756029000273689e+00  -5.8639595863951033e-01  -1.6959167030915256e+00  -2.4216011391615824e-01
  -2.8273413004476953e+00   3.0095964643300421e+00  -2.9758833060520256e+00   2.1709036884332156e-01   1.6759977631262610e+00  -5.8594727314435757e-01  -1.6955112471418443e+00  -2.4168944379485016e-01
  -2.8271137494381704e+00   3.0097346606072279e+00  -2.9757501879290160e+00   2.1754553942792268e-01   1.6763925906155539e+00  -5.8549857411811079e-01  -1.6951057521930839e+00  -2.4121876695418973e-01
  -2.8268861389468571e+00   3.0098727934625633e+00  -2.9756170072543364e+00   2.1800070970136348e-01   1.6767873834933591e+00  -5.8504985918248220e-01  -1.6947002175233603e+00  -2.4074808539255491e-01
  -2.8266584687676817e+00   3.0100108622705024e+00  -2.9754837646372474e+00   2.1845587311319134e-01   1.6771821450415505e+00  -5.8460112933543251e-01  -1.6942946413847997e+00  -2.4027739856759900e-01
  -2.8264307383297638e+00   3.0101488675527319e+00  -2.9753504597552438e+00   2.1891103556210320e-01   1.6775768696163542e+00  -5.8415238712300799e-01  -1.6938890262541895e+00  -2.3980670688034889e-01
  -2.8262029473110908e+00   3.0102868078918013e+00  -2.9752170929114921e+00   2.1936619470368623e-01   1.6779715622188573e+00  -5.8370363129397584e-01  -1.6934833703648293e+00  -2.3933600854494397e-01
  -2.8259750966377113e+00   3.0104246856564929e+00  -2.9750836635537361e+00   2.1982134679121071e-01   1.6783662190550277e+00  -5.8325485993566051e-01  -1.6930776775115635e+00  -2.3886530732640018e-01
  -2.8257471866383210e+00   3.0105624988209772e+00  -2.9749501717477913e+00   2.2027649796290705e-01   1.6787608428343264e+00  -5.8280607637917681e-01  -1.6926719398671273e+00  -2.3839459738271149e-01
  -2.8255192160462879e+00   3.0107002484779559e+00  -2.9748166183727536e+00   2.2073164954319757e-01   1.6791554308663506e+00  -5.8235727729923170e-01  -1.6922661671074055e+00  -2.3792388454981436e-01
  -2.8252911848798425e+00   3.0108379336824851e+00  -2.9746830029647406e+00   2.2118679407320058e-01   1.6795499868744903e+00  -5.8190846456418377e-01  -1.6918603517815305e+00  -2.3745316510273962e-01
  -2.8250630953004672e+00   3.0109755552356399e+00  -2.9745493246352797e+00   2.2164193396465406e-01   1.6799445098218628e+00  -5.8145963776258192e-01  -1.6914544953920807e+00  -2.3698244065746052e-01
  -2.8248349442220375e+00   3.0111131132616951e+00  -2.9744155842766111e+00   2.2209707052474059e-01   1.6803389970125424e+00  -5.8101079730681449e-01  -1.6910486001650888e+00  -2.3651171145704233e-01
  -2.8246067344212933e+00   3.0112506073107372e+00  -2.9742817823507668e+00   2.2255220749533067e-01   1.6807334484616987e+00  -5.8056194319024157e-01  -1.6906426660966150e+00  -2.3604097564405696e-01
  -2.8243784634098459e+00   3.0113880372388993e+00  -2.9741479175053716e+00   2.2300733982735541e-01   1.6811278687126590e+00  -5.8011307501190867e-01  -1.6902366909612427e+00  -2.3557023669359137e-01
  -2.8241501337009121e+00   3.0115254036438652e+00  -2.9740139906192553e+00   2.2346246510276957e-01   1.6815222531993090e+00  -5.7966419316979934e-01  -1.6898306769988993e+00  -2.3509949113209699e-01
  -2.8239217443309648e+00   3.0116627055790501e+00  -2.9738800017560125e+00   2.2391759079617515e-01   1.6819166057098587e+00  -5.7921529584074583e-01  -1.6894246204252212e+00  -2.3462873892917446e-01
  -2.8236932937645038e+00   3.0117999439751202e+00  -2.9737459506778885e+00   2.2437271180569468e-01   1.6823109212755787e+00  -5.7876638617612230e-01  -1.6890185266823490e+00  -2.3415798370423022e-01
  -2.8234647835131428e+00   3.0119371184204331e+00  -2.9736118374768243e+00   2.2482782965640738e-01   1.6827052053969505e+00  -5.7831746149248864e-01  -1.6886123934658872e+00  -2.3368722144080448e-01
  -2.8232362137668559e+00   3.0120742290975446e+00  -2.9734776619017467e+00   2.2528294357741485e-01   1.6830994553333984e+00  -5.7786852500809638e-01  -1.6882062200525194e+00  -2.3321645599806606e-01
  -2.8230075844597140e+00   3.0122112755112953e+00  -2.9733434244669343e+00   2.2573805377597220e-01   1.6834936699144611e+00  -5.7741957358389873e-01  -1.6878000056897215e+00  -2.3274568315661237e-01
  -2.8227788937357809e+00   3.0123482585870573e+00  -2.9732091247181374e+00   2.2619316024377936e-01   1.6838878491325584e+00  -5.7697060722564808e-01  -1.6873937503779948e+00  -2.3227490664006381e-01
  -2.8225501444443881e+00   3.0124851769671452e+00  -2.9730747630551515e+00   2.2664826278380498e-01   1.6842819960283282e+00  -5.7652162720301714e-01  -1.6869874567344290e+00  -2.3180412321698873e-01
  -2.8223213354613952e+00   3.0126220323375783e+00  -2.9729403383342912e+00   2.2710336217141339e-01   1.6846761077601937e+00  -5.7607263401737352e-01  -1.6865811236166997e+00  -2.3133333649004270e-01
  -2.8220924652819179e+00   3.0127588232299050e+00  -2.9728058528012280e+00   2.2755846059846827e-01   1.6850701862705502e+00  -5.7562362664113964e-01  -1.6861747495992474e+00  -2.3086254300717973e-01
  -2.8218635354557877e+00   3.0128955501083183e+00  -2.9726713043615436e+00   2.2801355198850681e-01   1.6854642309403673e+00  -5.7517460563963807e-01  -1.6857683367005980e+00  -2.3039174474579249e-01
  -2.8216345469206323e+00   3.0130322130093572e+00  -2.9725366934097353e+00   2.2846864377635406e-01   1.6858582398459077e+00  -5.7472557097057264e-01  -1.6853618831146888e+00  -2.2992094173980876e-01
  -2.8214054971796196e+00   3.0131688122534954e+00  -2.9724020209411930e+00   2.2892372719712598e-01   1.6862522156923734e+00  -5.7427652224258119e-01  -1.6849553884561164e+00  -2.2945013372965103e-01
  -2.8211763887153021e+00   3.0133053475185090e+00  -2.9722672859701800e+00   2.2937881102392751e-01   1.6866461576523877e+00  -5.7382745985470196e-01  -1.6845488586852375e+00  -2.2897931910816169e-01
  -2.8209472196765493e+00   3.0134418188005356e+00  -2.9721324889643781e+00   2.2983388780815625e-01   1.6870400638690446e+00  -5.7337838380507455e-01  -1.6841422863524222e+00  -2.2850849973889989e-01
  -2.8207179913117906e+00   3.0135782264060405e+00  -2.9719976299855180e+00   2.3028896366311846e-01   1.6874339370134814e+00  -5.7292929184248098e-01  -1.6837356729484587e+00  -2.2803767721903204e-01
  -2.8204887023543130e+00   3.0137145700499532e+00  -2.9718627084832772e+00   2.3074403620335582e-01   1.6878277744068471e+00  -5.7248018806637280e-01  -1.6833290207188421e+00  -2.2756684810005048e-01
  -2.8202593537463625e+00   3.0138508496799457e+00  -2.9717277254732353e+00   2.3119910171038874e-01   1.6882215798222482e+00  -5.7203107066687131e-01  -1.6829223296056561e+00  -2.2709601233991317e-01
  -2.8200299448914250e+00   3.0139870648297320e+00  -2.9715926797921721e+00   2.3165416624093008e-01   1.6886153501440726e+00  -5.7158193907967214e-01  -1.6825155975961277e+00  -2.2662517354459419e-01
  -2.8198004772723677e+00   3.0141232169660230e+00  -2.9714575724501273e+00   2.3210922762480887e-01   1.6890090853038844e+00  -5.7113279432657627e-01  -1.6821088261143482e+00  -2.2615432958467521e-01
  -2.8195709492127201e+00   3.0142593044125778e+00  -2.9713224027283776e+00   2.3256428508533575e-01   1.6894027881450795e+00  -5.7068363591196358e-01  -1.6817020144318442e+00  -2.2568348058158791e-01
  -2.8193413606819311e+00   3.0143953280456777e+00  -2.9711871706887112e+00   2.3301933881068601e-01   1.6897964556215510e+00  -5.7023446256236177e-01  -1.6812951636668962e+00  -2.2521262417547974e-01
  -2.8191117135177826e+00   3.0145312878811188e+00  -2.9710518763293932e+00   2.3347438881165442e-01   1.6901900896052442e+00  -5.6978527613558272e-01  -1.6808882719535034e+00  -2.2474176595959056e-01
  -2.8188820059168656e+00   3.0146671835001699e+00  -2.9709165205216510e+00   2.3392943488928231e-01   1.6905836875412208e+00  -5.6933607604441772e-01  -1.6804813419034277e+00  -2.2427090083979193e-01
  -2.8186522386324482e+00   3.0148030156253336e+00  -2.9707811025910442e+00   2.3438447781262103e-01   1.6909772521760980e+00  -5.6888686279169032e-01  -1.6800743723842846e+00  -2.2380003055189399e-01
  -2.8184224110943790e+00   3.0149387832685961e+00  -2.9706456219855939e+00   2.3483951603478878e-01   1.6913707835818124e+00  -5.6843763535314162e-01  -1.6796673619644267e+00  -2.2332915536405631e-01
  -2.8181925239005645e+00   3.0150744873761766e+00  -2.9705100794048880e+00   2.3529455095797611e-01   1.6917642792880829e+00  -5.6798839242237253e-01  -1.6792603126612560e+00  -2.2285827540234981e-01
  -2.8179625770558743e+00   3.0152101275085021e+00  -2.9703744747701211e+00   2.3574958256198913e-01   1.6921577411021858e+00  -5.6753913768094877e-01  -1.6788532245357992e+00  -2.2238739070441352e-01
  -2.8177325708890173e+00   3.0153457035024989e+00  -2.9702388086299671e+00   2.3620460950379166e-01   1.6925511679756824e+00  -5.6708986889304680e-01  -1.6784460953363038e+00  -2.2191650098652962e-01
  -2.8175025050608475e+00   3.0154812155194808e+00  -2.9701030795160337e+00   2.3665963686377139e-01   1.6929445609740992e+00  -5.6664058643856474e-01  -1.6780389273006302e+00  -2.2144560466470078e-01
  -2.8172723777154105e+00   3.0156166635650101e+00  -2.9699672888367474e+00   2.3711465718306526e-01   1.6933379200956333e+00  -5.6619129218399866e-01  -1.6776317204283271e+00  -2.2097470546063824e-01
  -2.8170421929181049e+00   3.0157520474645620e+00  -2.9698314357110993e+00   2.3756967283632457e-01   1.6937312442707748e+00  -5.6574198201932457e-01  -1.6772244724853556e+00  -2.2050380123761443e-01
  -2.8168119465968502e+00   3.0158873678604183e+00  -2.9696955210125280e+00   2.3802468518247150e-01   1.6941245345708527e+00  -5.6529265818615748e-01  -1.6768171857057301e+00  -2.2003289041160884e-01
  -2.8165816406209427e+00   3.0160226238114620e+00  -2.9695595438096700e+00   2.3847969421708320e-01   1.6945177891314827e+00  -5.6484332068646703e-01  -1.6764098600927324e+00  -2.1956197484354584e-01
  -2.8163512753267250e+00   3.0161578165478389e+00  -2.9694235046376072e+00   2.3893469858178837e-01   1.6949110106102367e+00  -5.6439397100768662e-01  -1.6760024934038735e+00  -2.1909105611439258e-01
  -2.8161208503711199e+00   3.0162929448569566e+00  -2.9692874034096466e+00   2.3938970150207267e-01   1.6953041982043808e+00  -5.6394460765273535e-01  -1.6755950878898263e+00  -2.1862013078994663e-01
  -2.8158903657611796e+00   3.0164280086941413e+00  -2.9691512402025699e+00   2.3984470112213579e-01   1.6956973500991912e+00  -5.6349522880319203e-01  -1.6751876416343012e+00  -2.1814920069268942e-01
  -2.8156598218432660e+00   3.0165630089671249e+00  -2.9690150143320784e+00   2.4029969416434299e-01   1.6960904687533813e+00  -5.6304583763907079e-01  -1.6747801563384537e+00  -2.1767826568617715e-01
  -2.8154292163634351e+00   3.0166979453068041e+00  -2.9688787272605146e+00   2.4075468406563202e-01   1.6964835522570874e+00  -5.6259643330425346e-01  -1.6743726315737026e+00  -2.1720732552176242e-01
  -2.8151985532408026e+00   3.0168328174185413e+00  -2.9687423778092681e+00   2.4120967004551405e-01   1.6968766015719055e+00  -5.6214701530796451e-01  -1.6739650666091213e+00  -2.1673638217583174e-01
  -2.8149678287118669e+00   3.0169676252511772e+00  -2.9686059660458755e+00   2.4166465228637093e-01   1.6972696173865478e+00  -5.6169758237667711e-01  -1.6735574625611782e+00  -2.1626543142688592e-01
  -2.8147370446220998e+00   3.0171023697479913e+00  -2.9684694919569981e+00   2.4211963080475371e-01   1.6976625978438016e+00  -5.6124813636816562e-01  -1.6731498194284160e+00  -2.1579447700554305e-01
  -2.8145062019582059e+00   3.0172370500284167e+00  -2.9683329564236143e+00   2.4257460726052474e-01   1.6980555441160115e+00  -5.6079867855985188e-01  -1.6727421360953771e+00  -2.1532351754196294e-01
  -2.8142752986770532e+00   3.0173716663481676e+00  -2.9681963587635209e+00   2.4302957683931053e-01   1.6984484552322809e+00  -5.6034920572405988e-01  -1.6723344151589012e+00  -2.1485255477490478e-01
  -2.8140443360784322e+00   3.0175062181920920e+00  -2.9680596988999310e+00   2.4348454729967778e-01   1.6988413331076306e+00  -5.5989971870613819e-01  -1.6719266533161581e+00  -2.1438158524130926e-01
  -2.8138133138178003e+00   3.0176407064915356e+00  -2.9679229770572837e+00   2.4393951073645331e-01   1.6992341752855789e+00  -5.5945021991988952e-01  -1.6715188507314409e+00  -2.1391061093679037e-01
  -2.8135822309854692e+00   3.0177751308173990e+00  -2.9677861926987252e+00   2.4439447085921454e-01   1.6996269835772839e+00  -5.5900070559684800e-01  -1.6711110111898959e+00  -2.1343963189428200e-01
  -2.8133510888176434e+00   3.0179094910131155e+00  -2.9676493468309961e+00   2.4484942631520237e-01   1.7000197569261242e+00  -5.5855117909267815e-01  -1.6707031305677149e+00  -2.1296864969507420e-01
  -2.8131198879264963e+00   3.0180437872296575e+00  -2.9675124389226792e+00   2.4530437846156197e-01   1.7004124963961869e+00  -5.5810163892102205e-01  -1.6702952111122120e+00  -2.1249766089117589e-01
  -2.8128886264637361e+00   3.0181780194572174e+00  -2.9673754685157423e+00   2.4575932357431673e-01   1.7008052019933795e+00  -5.5765208508383823e-01  -1.6698872509621663e+00  -2.1202666734352760e-01
  -2.8126573056654625e+00   3.0183121870889509e+00  -2.9672384365977167e+00   2.4621426773984575e-01   1.7011978726400689e+00  -5.5720251906461971e-01  -1.6694792515964862e+00  -2.1155566877554316e-01
  -2.8124259242812100e+00   3.0184462912187358e+00  -2.9671013426352641e+00   2.4666920859959007e-01   1.7015905075511062e+00  -5.5675293751237132e-01  -1.6690712133998757e+00  -2.1108466733201864e-01
  -2.8121944841842144e+00   3.0185803313479096e+00  -2.9669641861876701e+00   2.4712414615098147e-01   1.7019831085931032e+00  -5.5630334416495131e-01  -1.6686631363612712e+00  -2.1061365927437192e-01
  -2.8119629838239395e+00   3.0187143073779219e+00  -2.9668269681694115e+00   2.4757907902236415e-01   1.7023756765108891e+00  -5.5585373487941481e-01  -1.6682550201492405e+00  -2.1014264622433940e-01
  -2.8117314247337339e+00   3.0188482193280635e+00  -2.9666896873944193e+00   2.4803400862757080e-01   1.7027682069776382e+00  -5.5540411391107447e-01  -1.6678468630831642e+00  -2.0967163019194299e-01
  -2.8114998051024895e+00   3.0189820672260366e+00  -2.9665523456634380e+00   2.4848893104049283e-01   1.7031607048852613e+00  -5.5495448067572473e-01  -1.6674386659125717e+00  -2.0920060794373990e-01
  -2.8112681260008334e+00   3.0191158513510121e+00  -2.9664149406865161e+00   2.4894385308983091e-01   1.7035531680109182e+00  -5.5450483326566979e-01  -1.6670304310514295e+00  -2.0872958108318040e-01
  -2.8110363874392799e+00   3.0192495712274874e+00  -2.9662774743338289e+00   2.4939876731483543e-01   1.7039455963528263e+00  -5.5405517168573248e-01  -1.6666221566365906e+00  -2.0825854960185142e-01
  -2.8108045892679949e+00   3.0193832270518106e+00  -2.9661399460919942e+00   2.4985368179811665e-01   1.7043379921375268e+00  -5.5360549783592350e-01  -1.6662138421186350e+00  -2.0778751377213053e-01
  -2.8105727314172801e+00   3.0195168188060757e+00  -2.9660023560171145e+00   2.5030858930013955e-01   1.7047303523375663e+00  -5.5315580857512137e-01  -1.6658054886083471e+00  -2.0731647310102311e-01
  -2.8103408123939855e+00   3.0196503464475022e+00  -2.9658647034497778e+00   2.5076349583533492e-01   1.7051226756786453e+00  -5.5270610710727597e-01  -1.6653970959255582e+00  -2.0684542929177246e-01
  -2.8101088355854258e+00   3.0197838100960386e+00  -2.9657269893247662e+00   2.5121839533879387e-01   1.7055149670171657e+00  -5.5225639384232605e-01  -1.6649886644003289e+00  -2.0637437887319607e-01
  -2.8098767991078755e+00   3.0199172097790528e+00  -2.9655892126878305e+00   2.5167329154666407e-01   1.7059072226256395e+00  -5.5180666503954856e-01  -1.6645801921810297e+00  -2.0590332371906106e-01
  -2.8096447014608485e+00   3.0200505448466703e+00  -2.9654513745492124e+00   2.5212818306355322e-01   1.7062994414097055e+00  -5.5135692220361976e-01  -1.6641716826097515e+00  -2.0543226353356953e-01
  -2.8094125460113291e+00   3.0201838164105581e+00  -2.9653134739025662e+00   2.5258307501013016e-01   1.7066916281909548e+00  -5.5090716941875828e-01  -1.6637631304793354e+00  -2.0496120047707153e-01
  -2.8091803299720040e+00   3.0203170244686257e+00  -2.9651755112133742e+00   2.5303795620417407e-01   1.7070837810991675e+00  -5.5045739923633819e-01  -1.6633545432437513e+00  -2.0449013081874956e-01
  -2.8089480546297074e+00   3.0204501674417363e+00  -2.9650374870302572e+00   2.5349284015971929e-01   1.7074758971868294e+00  -5.5000761875086224e-01  -1.6629459130639259e+00  -2.0401905798786107e-01
  -2.8087157196183523e+00   3.0205832469189047e+00  -2.9648994007817020e+00   2.5394771336338884e-01   1.7078679793975735e+00  -5.4955782458059288e-01  -1.6625372440627435e+00  -2.0354798043102459e-01
  -2.8084833249449712e+00   3.0207162619279635e+00  -2.9647612520863911e+00   2.5440258700554247e-01   1.7082600296399837e+00  -5.4910801677264476e-01  -1.6621285380501558e+00  -2.0307689810997862e-01
  -2.8082508700477136e+00   3.0208492133574265e+00  -2.9646230416820218e+00   2.5485745590943404e-01   1.7086520429088388e+00  -5.4865819480757683e-01  -1.6617197911178117e+00  -2.0260581085763693e-01
  -2.8080183573058619e+00   3.0209821004188693e+00  -2.9644847700113042e+00   2.5531232168026174e-01   1.7090440209947051e+00  -5.4820835962959868e-01  -1.6613110047649629e+00  -2.0213471848486847e-01
  -2.8077857831893480e+00   3.0211149231401921e+00  -2.9643464352504529e+00   2.5576717983823583e-01   1.7094359650446636e+00  -5.4775851278341126e-01  -1.6609021799097536e+00  -2.0166362282192357e-01
  -2.8075531505024851e+00   3.0212476819964644e+00  -2.9642080392371550e+00   2.5622203782384195e-01   1.7098278750340432e+00  -5.4730865053041944e-01  -1.6604933147128857e+00  -2.0119252015134406e-01
  -2.8073204581009983e+00   3.0213803769232461e+00  -2.9640695806181778e+00   2.5667688896242868e-01   1.7102197480217984e+00  -5.4685877509527803e-01  -1.6600844119135723e+00  -2.0072141605866706e-01
  -2.8070877054923766e+00   3.0215130079104444e+00  -2.9639310605482296e+00   2.5713173531859562e-01   1.7106115876100136e+00  -5.4640888910951246e-01  -1.6596754683505388e+00  -2.0025030527402715e-01
  -2.8068548941032647e+00   3.0216455740308255e+00  -2.9637924783439691e+00   2.5758657854860023e-01   1.7110033939181817e+00  -5.4595898808187393e-01  -1.6592664853252632e+00  -1.9977919120288948e-01
  -2.8066220222692904e+00   3.0217780772207119e+00  -2.9636538339540963e+00   2.5804141789045765e-01   1.7113951624517720e+00  -5.4550907350949440e-01  -1.6588574656767499e+00  -1.9930807198651063e-01
  -2.8063890918689114e+00   3.0219105156026425e+00  -2.9635151278691483e+00   2.5849625334035359e-01   1.7117868988007767e+00  -5.4505914540446876e-01  -1.6584484038067073e+00  -1.9883694761937568e-01
  -2.8061561017536203e+00   3.0220428900860563e+00  -2.9633763595884406e+00   2.5895108565716790e-01   1.7121785999725290e+00  -5.4460920594624285e-01  -1.6580393043793056e+00  -1.9836581999446412e-01
  -2.8059230514154989e+00   3.0221752000569277e+00  -2.9632375300604479e+00   2.5940591323630052e-01   1.7125702660293241e+00  -5.4415925233559992e-01  -1.6576301658905852e+00  -1.9789468743813768e-01
  -2.8056899414181466e+00   3.0223074464888011e+00  -2.9630986376200994e+00   2.5986073752230215e-01   1.7129618963927180e+00  -5.4370928508644834e-01  -1.6572209866674676e+00  -1.9742355011387008e-01
  -2.8054567726792330e+00   3.0224396284934092e+00  -2.9629596840532972e+00   2.6031555479129426e-01   1.7133534947494984e+00  -5.4325930415057533e-01  -1.6568117686244304e+00  -1.9695240806942729e-01
  -2.8052235446422147e+00   3.0225717463542692e+00  -2.9628206680554241e+00   2.6077036922677388e-01   1.7137450562739958e+00  -5.4280931105271146e-01  -1.6564025132208686e+00  -1.9648126098197985e-01
  -2.8049902560143507e+00   3.0227038002260729e+00  -2.9626815900189052e+00   2.6122518036163311e-01   1.7141365820707464e+00  -5.4235930428174650e-01  -1.6559932189891426e+00  -1.9601011102385973e-01
  -2.8047569086526667e+00   3.0228357901400340e+00  -2.9625424499342450e+00   2.6167998634400697e-01   1.7145280758646400e+00  -5.4190928569345398e-01  -1.6555838822030833e+00  -1.9553895633402341e-01
  -2.8045235019880144e+00   3.0229677154270846e+00  -2.9624032483574525e+00   2.6213478762003684e-01   1.7149195328263975e+00  -5.4145925122274186e-01  -1.6551745080569453e+00  -1.9506779660135590e-01
  -2.8042900347268276e+00   3.0230995772220015e+00  -2.9622639847190655e+00   2.6258958560626533e-01   1.7153109540524447e+00  -5.4100920678868969e-01  -1.6547650950913624e+00  -1.9459663214656006e-01
  -2.8040565087311058e+00   3.0232313745487747e+00  -2.9621246590977623e+00   2.6304437844688922e-01   1.7157023433217204e+00  -5.4055914685054340e-01  -1.6543556432507187e+00  -1.9412546479016238e-01
  -2.8038229234542835e+00   3.0233631078303942e+00  -2.9619852717577015e+00   2.6349916653585725e-01   1.7160936955943886e+00  -5.4010907275904341e-01  -1.6539461504966217e+00  -1.9365429063989972e-01
  -2.8035892775276703e+00   3.0234947771902303e+00  -2.9618458222737289e+00   2.6395395336956584e-01   1.7164850164571706e+00  -5.3965898920584343e-01  -1.6535366220080299e+00  -1.9318311320874501e-01
  -2.8033555739620972e+00   3.0236263818487883e+00  -2.9617063108815307e+00   2.6440873254506853e-01   1.7168762994019606e+00  -5.3920889013331996e-01  -1.6531270533177149e+00  -1.9271193259129904e-01
  -2.8031218089940402e+00   3.0237579231633460e+00  -2.9615667371753105e+00   2.6486350798925384e-01   1.7172675469878174e+00  -5.3875877985115783e-01  -1.6527174436807848e+00  -1.9224074643436301e-01
  -2.8028879863278222e+00   3.0238893992795175e+00  -2.9614271020786394e+00   2.6531828343237018e-01   1.7176587610769345e+00  -5.3830865462902899e-01  -1.6523077968218414e+00  -1.9176955660606587e-01
  -2.8026541023078231e+00   3.0240208125548871e+00  -2.9612874050737297e+00   2.6577305121095540e-01   1.7180499391109110e+00  -5.3785851761294567e-01  -1.6518981097644290e+00  -1.9129836172707906e-01
  -2.8024201604358474e+00   3.0241521609809516e+00  -2.9611476459268453e+00   2.6622781215403174e-01   1.7184410838723423e+00  -5.3740836554726734e-01  -1.6514883832462763e+00  -1.9082716170452432e-01
  -2.8021861574096656e+00   3.0242834448907217e+00  -2.9610078250631742e+00   2.6668257206746560e-01   1.7188321916389151e+00  -5.3695820119269877e-01  -1.6510786195347629e+00  -1.9035595861134219e-01
  -2.8019520965868869e+00   3.0244146652614678e+00  -2.9608679422146231e+00   2.6713732683281871e-01   1.7192232674450927e+00  -5.3650802505940753e-01  -1.6506688132271086e+00  -1.8988475075403335e-01
  -2.8017179760988999e+00   3.0245458212203014e+00  -2.9607279973025471e+00   2.6759207831219023e-01   1.7196143075174215e+00  -5.3605783337197388e-01  -1.6502589718281950e+00  -1.8941353818038648e-01
  -2.8014837953842968e+00   3.0246769134681966e+00  -2.9605879909021868e+00   2.6804682321491530e-01   1.7200053126125887e+00  -5.3560763139579970e-01  -1.6498490893410498e+00  -1.8894232241696068e-01
  -2.8012495549968865e+00   3.0248079412925772e+00  -2.9604479215223538e+00   2.6850156483162463e-01   1.7203962819892753e+00  -5.3515741573676034e-01  -1.6494391680239158e+00  -1.8847110192948321e-01
  -2.8010152558707877e+00   3.0249389046874362e+00  -2.9603077910275375e+00   2.6895630316172925e-01   1.7207872156418020e+00  -5.3470718639880399e-01  -1.6490292078800963e+00  -1.8799987671045323e-01
  -2.8007808974647483e+00   3.0250698043713555e+00  -2.9601675990482996e+00   2.6941103677207451e-01   1.7211781161779474e+00  -5.3425694490947107e-01  -1.6486192103732875e+00  -1.8752864643899034e-01
  -2.8005464793781427e+00   3.0252006396433457e+00  -2.9600273450016936e+00   2.6986576337308210e-01   1.7215689809802350e+00  -5.3380668972766354e-01  -1.6482091740494493e+00  -1.8705741331191711e-01
  -2.8003120016218332e+00   3.0253314109166660e+00  -2.9598870285026768e+00   2.7032049042025458e-01   1.7219598101062745e+00  -5.3335642276513995e-01  -1.6477990951281518e+00  -1.8658617542630554e-01
  -2.8000774645959376e+00   3.0254621181333623e+00  -2.9597466502925496e+00   2.7077520897897639e-01   1.7223506059494464e+00  -5.3290614165499461e-01  -1.6473889790148553e+00  -1.8611493446448982e-01
  -2.7998428687790682e+00   3.0255927604969126e+00  -2.9596062104003789e+00   2.7122992442938249e-01   1.7227413648024781e+00  -5.3245584735501150e-01  -1.6469788234427298e+00  -1.8564368836294670e-01
  -2.7996082125435846e+00   3.0257233390883393e+00  -2.9594657086057001e+00   2.7168463593862202e-01   1.7231320894591604e+00  -5.3200554126397137e-01  -1.6465686313950241e+00  -1.8517243720876900e-01
  -2.7993734976786264e+00   3.0258538534165318e+00  -2.9593251449549554e+00   2.7213934186463140e-01   1.7235227787603269e+00  -5.3155522023198520e-01  -1.6461583983995252e+00  -1.8470118238323971e-01
  -2.7991387232661191e+00   3.0259843043930124e+00  -2.9591845194520268e+00   2.7259404405166093e-01   1.7239134345575673e+00  -5.3110488799040700e-01  -1.6457481281864959e+00  -1.8422992387892895e-01
  -2.7989038893492348e+00   3.0261146906858274e+00  -2.9590438315732106e+00   2.7304874044944505e-01   1.7243040561714251e+00  -5.3065454022740932e-01  -1.6453378177675886e+00  -1.8375866032942303e-01
  -2.7986689957243631e+00   3.0262450121117639e+00  -2.9589030824838085e+00   2.7350343373641822e-01   1.7246946389289002e+00  -5.3020418300097294e-01  -1.6449274678911661e+00  -1.8328739164029684e-01
  -2.7984340428260466e+00   3.0263752699544315e+00  -2.9587622716813411e+00   2.7395812411328724e-01   1.7250851902604039e+00  -5.2975381162880175e-01  -1.6445170789625314e+00  -1.8281612173187317e-01
  -2.7981990302437407e+00   3.0265054638044466e+00  -2.9586213984245786e+00   2.7441280749974278e-01   1.7254757059202221e+00  -5.2930342661028140e-01  -1.6441066511575018e+00  -1.8234484520598743e-01
  -2.7979639589407985e+00   3.0266355932189448e+00  -2.9584804631080890e+00   2.7486748945213363e-01   1.7258661839839819e+00  -5.2885302976507365e-01  -1.6436961864030883e+00  -1.8187356582276970e-01
  -2.7977288283369672e+00   3.0267656584881477e+00  -2.9583394662975975e+00   2.7532216296639589e-01   1.7262566289270473e+00  -5.2840261890363982e-01  -1.6432856805573384e+00  -1.8140228138695352e-01
  -2.7974936380736022e+00   3.0268956593063927e+00  -2.9581984083778887e+00   2.7577683318963486e-01   1.7266470400127250e+00  -5.2795219622799150e-01  -1.6428751377468973e+00  -1.8093099222156639e-01
  -2.7972583881297663e+00   3.0270255961667827e+00  -2.9580572874767745e+00   2.7623150013643438e-01   1.7270374153836845e+00  -5.2750175986662651e-01  -1.6424645561084468e+00  -1.8045970019476748e-01
  -2.7970230798268032e+00   3.0271554688682132e+00  -2.9579161050854417e+00   2.7668616235832261e-01   1.7274277557629336e+00  -5.2705131135367955e-01  -1.6420539333837716e+00  -1.7998840498004984e-01
  -2.7967877118643134e+00   3.0272852775919916e+00  -2.9577748611173162e+00   2.7714082129110224e-01   1.7278180604240363e+00  -5.2660084916487027e-01  -1.6416432718308389e+00  -1.7951710316927688e-01
  -2.7965522832976815e+00   3.0274150218922724e+00  -2.9576335550914856e+00   2.7759547322410477e-01   1.7282083293685264e+00  -5.2615037514817886e-01  -1.6412325733158504e+00  -1.7904579850285246e-01
  -2.7963167973137537e+00   3.0275447020198372e+00  -2.9574921871231616e+00   2.7805012042390093e-01   1.7285985633214878e+00  -5.2569988712795857e-01  -1.6408218374340922e+00  -1.7857449063711306e-01
  -2.7960812497866407e+00   3.0276743177277652e+00  -2.9573507575550551e+00   2.7850476434731758e-01   1.7289887634137600e+00  -5.2524938913768693e-01  -1.6404110590095160e+00  -1.7810317805501244e-01
  -2.7958456444447553e+00   3.0278038699142047e+00  -2.9572092659925624e+00   2.7895940499931454e-01   1.7293789278279117e+00  -5.2479887377113321e-01  -1.6400002454447073e+00  -1.7763186072393661e-01
  -2.7956099798448650e+00   3.0279333566316815e+00  -2.9570677127323441e+00   2.7941403900818268e-01   1.7297690570984181e+00  -5.2434834799851748e-01  -1.6395893909483441e+00  -1.7716054029750763e-01
  -2.7953742555147785e+00   3.0280627803856741e+00  -2.9569260977478704e+00   2.7986866991080017e-01   1.7301591512137122e+00  -5.2389781086797493e-01  -1.6391784970300001e+00  -1.7668921475825755e-01
  -2.7951384716943939e+00   3.0281921393472220e+00  -2.9567844205604219e+00   2.8032329504362169e-01   1.7305492112493610e+00  -5.2344725831817351e-01  -1.6387675646469406e+00  -1.7621788594817325e-01
  -2.7949026283484373e+00   3.0283214343668123e+00  -2.9566426813562980e+00   2.8077791632161025e-01   1.7309392354866506e+00  -5.2299669605011967e-01  -1.6383565955131667e+00  -1.7574655191204011e-01
  -2.7946667271808128e+00   3.0284506648484699e+00  -2.9565008812427931e+00   2.8123253063693859e-01   1.7313292241577183e+00  -5.2254612021950997e-01  -1.6379455855343903e+00  -1.7527521491260131e-01
  -2.7944307647651732e+00   3.0285798311055419e+00  -2.9563590187738114e+00   2.8168714434506159e-01   1.7317191773240181e+00  -5.2209552778745982e-01  -1.6375345367451997e+00  -1.7480387376508133e-01
  -2.7941947445956798e+00   3.0287089334501029e+00  -2.9562170941736841e+00   2.8214175084360060e-01   1.7321090959296255e+00  -5.2164492666268569e-01  -1.6371234498885840e+00  -1.7433252839579336e-01
  -2.7939586650264499e+00   3.0288379710076168e+00  -2.9560751083472465e+00   2.8259635304932479e-01   1.7324989791662651e+00  -5.2119431277707484e-01  -1.6367123240740318e+00  -1.7386118064675246e-01
  -2.7937225258122593e+00   3.0289669448975993e+00  -2.9559330603638880e+00   2.8305094813616660e-01   1.7328888281558930e+00  -5.2074368300767715e-01  -1.6363011598596562e+00  -1.7338982659583804e-01
  -2.7934863269239205e+00   3.0290958542706741e+00  -2.9557909504899551e+00   2.8350554369901926e-01   1.7332786396719233e+00  -5.2029304337040283e-01  -1.6358899567086875e+00  -1.7291846960480531e-01
  -2.7932500687460244e+00   3.0292246999720582e+00  -2.9556487795510420e+00   2.8396013079699522e-01   1.7336684180279522e+00  -5.1984238970044061e-01  -1.6354787162181019e+00  -1.7244710943737074e-01
  -2.7930137509086190e+00   3.0293534802949460e+00  -2.9555065461097851e+00   2.8441471461352591e-01   1.7340581606744896e+00  -5.1939172607991713e-01  -1.6350674368968285e+00  -1.7197574454033701e-01
  -2.7927773752495164e+00   3.0294821971294645e+00  -2.9553642506108320e+00   2.8486929329676508e-01   1.7344478676073223e+00  -5.1894104504170380e-01  -1.6346561168910501e+00  -1.7150437492881748e-01
  -2.7925409393854519e+00   3.0296108502542118e+00  -2.9552218941007147e+00   2.8532386724036779e-01   1.7348375395436657e+00  -5.1849035372946095e-01  -1.6342447595140503e+00  -1.7103300211030228e-01
  -2.7923044438474465e+00   3.0297394380296812e+00  -2.9550794755270249e+00   2.8577843604053754e-01   1.7352271776176520e+00  -5.1803965058367840e-01  -1.6338333633242230e+00  -1.7056162457745017e-01
  -2.7920678904933047e+00   3.0298679622770011e+00  -2.9549369949570883e+00   2.8623300158011705e-01   1.7356167781613061e+00  -5.1758893378449533e-01  -1.6334219282647862e+00  -1.7009024416008220e-01
  -2.7918312769459366e+00   3.0299964219944182e+00  -2.9547944526874814e+00   2.8668756232774389e-01   1.7360063454038652e+00  -5.1713820471751781e-01  -1.6330104541436519e+00  -1.6961886064739587e-01
  -2.7915946036724408e+00   3.0301248177899960e+00  -2.9546518487320039e+00   2.8714211625710778e-01   1.7363958775304180e+00  -5.1668746244919606e-01  -1.6325989424315777e+00  -1.6914747200457486e-01
  -2.7913578718467789e+00   3.0302531488859743e+00  -2.9545091828701890e+00   2.8759666810605328e-01   1.7367853735922396e+00  -5.1623670839365987e-01  -1.6321873923822290e+00  -1.6867607830909698e-01
  -2.7911210813878342e+00   3.0303814161805458e+00  -2.9543664556179401e+00   2.8805121436983455e-01   1.7371748343004683e+00  -5.1578594125790511e-01  -1.6317758013841253e+00  -1.6820468280304340e-01
  -2.7908842304576917e+00   3.0305096187302349e+00  -2.9542236660574908e+00   2.8850575503199533e-01   1.7375642596478602e+00  -5.1533516291642312e-01  -1.6313641750282604e+00  -1.6773328361811490e-01
  -2.7906473209544953e+00   3.0306377575237993e+00  -2.9540808150447275e+00   2.8896029176371535e-01   1.7379536489386513e+00  -5.1488436905248169e-01  -1.6309525084694445e+00  -1.6726187938617840e-01
  -2.7904103526592570e+00   3.0307658314580928e+00  -2.9539379018843617e+00   2.8941482167662008e-01   1.7383430049725563e+00  -5.1443356571462495e-01  -1.6305408024592567e+00  -1.6679047188870005e-01
  -2.7901733251136278e+00   3.0308938417938327e+00  -2.9537949270262289e+00   2.8986934865255060e-01   1.7387323239781183e+00  -5.1398274638655717e-01  -1.6301290592485635e+00  -1.6631905942751837e-01
  -2.7899362369450027e+00   3.0310217872132519e+00  -2.9536518911011997e+00   2.9032387237295060e-01   1.7391216091813988e+00  -5.1353191712784008e-01  -1.6297172771676567e+00  -1.6584764408372188e-01
  -2.7896990909793615e+00   3.0311496691322612e+00  -2.9535087926489125e+00   2.9077838908671305e-01   1.7395108567972271e+00  -5.1308107417315363e-01  -1.6293054562780811e+00  -1.6537622588828982e-01
  -2.7894618857244025e+00   3.0312774859593832e+00  -2.9533656327159461e+00   2.9123290106266669e-01   1.7399000712760391e+00  -5.1263021721937974e-01  -1.6288935961503097e+00  -1.6490480262694338e-01
  -2.7892246208060212e+00   3.0314052392745192e+00  -2.9532224111985377e+00   2.9168740975721891e-01   1.7402892481779431e+00  -5.1217935030451522e-01  -1.6284816990644897e+00  -1.6443337463980265e-01
  -2.7889872962033380e+00   3.0315329272424743e+00  -2.9530791276272366e+00   2.9214191146347923e-01   1.7406783930990981e+00  -5.1172846969722730e-01  -1.6280697612923150e+00  -1.6396194566730538e-01
  -2.7887499141986862e+00   3.0316605514880672e+00  -2.9529357825810441e+00   2.9259640841353857e-01   1.7410675011477947e+00  -5.1127757882122682e-01  -1.6276577861495511e+00  -1.6349051161755757e-01
  -2.7885124706470910e+00   3.0317881122529897e+00  -2.9527923754770593e+00   2.9305090209867013e-01   1.7414565734904448e+00  -5.1082667052654618e-01  -1.6272457740457340e+00  -1.6301907285527409e-01
  -2.7882749692804252e+00   3.0319156076570084e+00  -2.9526489067848187e+00   2.9350539064991205e-01   1.7418456101224242e+00  -5.1037575599111795e-01  -1.6268337212592143e+00  -1.6254763123739530e-01
  -2.7880374086530120e+00   3.0320430393386335e+00  -2.9525053766215290e+00   2.9395987444687582e-01   1.7422346098829644e+00  -5.0992482374027559e-01  -1.6264216310978070e+00  -1.6207618454228259e-01
  -2.7877997902142950e+00   3.0321704066022672e+00  -2.9523617843908703e+00   2.9441435310423814e-01   1.7426235776495407e+00  -5.0947388151569961e-01  -1.6260095021263916e+00  -1.6160473500118769e-01
  -2.7875621102174248e+00   3.0322977094152459e+00  -2.9522181306296051e+00   2.9486882478847376e-01   1.7430125078914183e+00  -5.0902292563138130e-01  -1.6255973342871763e+00  -1.6113328257746912e-01
  -2.7873243728300481e+00   3.0324249481662506e+00  -2.9520744151666802e+00   2.9532329539699720e-01   1.7434014029635345e+00  -5.0857195934647303e-01  -1.6251851292428743e+00  -1.6066182519193695e-01
  -2.7870865757259002e+00   3.0325521225214067e+00  -2.9519306375580783e+00   2.9577775918424748e-01   1.7437902629173048e+00  -5.0812097613729013e-01  -1.6247728847507992e+00  -1.6019036453706850e-01
  -2.7868487191212266e+00   3.0326792321891194e+00  -2.9517867985029449e+00   2.9623221717457676e-01   1.7441790868144336e+00  -5.0766998486003378e-01  -1.6243606019175447e+00  -1.5971890069975439e-01
  -2.7866108039041491e+00   3.0328062780356015e+00  -2.9516428980651495e+00   2.9668667142783589e-01   1.7445678772115323e+00  -5.0721897864793863e-01  -1.6239482800011735e+00  -1.5924743317974321e-01
  -2.7863728291263112e+00   3.0329332596226952e+00  -2.9514989353055836e+00   2.9714112009593097e-01   1.7449566303923338e+00  -5.0676796122015166e-01  -1.6235359208637814e+00  -1.5877596199226879e-01
  -2.7861347957963076e+00   3.0330601769681604e+00  -2.9513549111092132e+00   2.9759556481905253e-01   1.7453453493710360e+00  -5.0631693200709449e-01  -1.6231235233857402e+00  -1.5830448760710511e-01
  -2.7858967027286656e+00   3.0331870294642735e+00  -2.9512108256906981e+00   2.9805000273541571e-01   1.7457340332414482e+00  -5.0586588958506085e-01  -1.6227110864579561e+00  -1.5783300810328707e-01
  -2.7856585513496102e+00   3.0333138183618753e+00  -2.9510666776392513e+00   2.9850443583683040e-01   1.7461226800691494e+00  -5.0541483304211687e-01  -1.6222986123277428e+00  -1.5736152735532277e-01
  -2.7854203402789057e+00   3.0334405418697923e+00  -2.9509224685285886e+00   2.9895886569420987e-01   1.7465112912414864e+00  -5.0496376656662900e-01  -1.6218860974647178e+00  -1.5689004000138221e-01
  -2.7851820704721639e+00   3.0335672018887738e+00  -2.9507781978143890e+00   2.9941329041145059e-01   1.7468998685546300e+00  -5.0451268639141478e-01  -1.6214735475200894e+00  -1.5641855166219806e-01
  -2.7849437413876394e+00   3.0336937972662472e+00  -2.9506338651614286e+00   2.9986771037551396e-01   1.7472884089948257e+00  -5.0406159594995048e-01  -1.6210609564718670e+00  -1.5594705638498316e-01
  -2.7847053526358421e+00   3.0338203291432118e+00  -2.9504894704545630e+00   3.0032212334249514e-01   1.7476769137255863e+00  -5.0361049181832984e-01  -1.6206483284670223e+00  -1.5547556011295660e-01
  -2.7844669051272142e+00   3.0339467956729647e+00  -2.9503450146213535e+00   3.0077653305030849e-01   1.7480653846177758e+00  -5.0315937398856192e-01  -1.6202356616427258e+00  -1.5500405913601004e-01
  -2.7842283992930033e+00   3.0340731984727443e+00  -2.9502004963894808e+00   3.0123093612583746e-01   1.7484538186297642e+00  -5.0270824590055829e-01  -1.6198229574402752e+00  -1.5453255679375319e-01
  -2.7839898337705726e+00   3.0341995364025656e+00  -2.9500559170158507e+00   3.0168533594224267e-01   1.7488422187917043e+00  -5.0225710410671820e-01  -1.6194102144279323e+00  -1.5406104975236554e-01
  -2.7837512094982220e+00   3.0343258103451594e+00  -2.9499112756459356e+00   3.0213972878111339e-01   1.7492305832927497e+00  -5.0180594865329498e-01  -1.6189974325509879e+00  -1.5358953796768196e-01
  -2.7835125259831623e+00   3.0344520202082137e+00  -2.9497665735172309e+00   3.0259411866382618e-01   1.7496189107491609e+00  -5.0135478281191925e-01  -1.6185846134663817e+00  -1.5311802306856589e-01
  -2.7832737827370453e+00   3.0345781652196573e+00  -2.9496218087675707e+00   3.0304850173925019e-01   1.7500072030956206e+00  -5.0090360376084331e-01  -1.6181717530739508e+00  -1.5264650491347426e-01
  -2.7830349818568929e+00   3.0347042460054894e+00  -2.9494769825732856e+00   3.0350288273917847e-01   1.7503954593825821e+00  -5.0045241291830100e-01  -1.6177588562014917e+00  -1.5217498170563112e-01
  -2.7827961205017004e+00   3.0348302625082288e+00  -2.9493320945326289e+00   3.0395725628060444e-01   1.7507836821742868e+00  -5.0000121086719262e-01  -1.6173459221066728e+00  -1.5170345668153026e-01
  -2.7825572014483870e+00   3.0349562147477926e+00  -2.9491871451014888e+00   3.0441162423686957e-01   1.7511718658831870e+00  -4.9954999387507704e-01  -1.6169329507927916e+00  -1.5123192799001617e-01
  -2.7823182219840867e+00   3.0350821032113871e+00  -2.9490421342296802e+00   3.0486598824048461e-01   1.7515600153881228e+00  -4.9909876882106469e-01  -1.6165199392770353e+00  -1.5076039609888425e-01
  -2.7820791846409625e+00   3.0352079268332846e+00  -2.9488970612025351e+00   3.0532034730957736e-01   1.7519481316550805e+00  -4.9864752683088831e-01  -1.6161068883119860e+00  -1.5028886095746360e-01
  -2.7818400871238000e+00   3.0353336859138293e+00  -2.9487519264852633e+00   3.0577469969531540e-01   1.7523362108706833e+00  -4.9819627445369413e-01  -1.6156938001397791e+00  -1.4981732083706401e-01
  -2.7816009317814467e+00   3.0354593805437227e+00  -2.9486067306992085e+00   3.0622904883511459e-01   1.7527242525692308e+00  -4.9774501213820416e-01  -1.6152806749642761e+00  -1.4934577970050850e-01
  -2.7813617167536360e+00   3.0355850107593989e+00  -2.9484614728419860e+00   3.0668339098610198e-01   1.7531122622824775e+00  -4.9729373611705152e-01  -1.6148675109816479e+00  -1.4887423386489310e-01
  -2.7811224424804224e+00   3.0357105772450956e+00  -2.9483161530555915e+00   3.0713772836170483e-01   1.7535002351050180e+00  -4.9684244611812611e-01  -1.6144543077568128e+00  -1.4840268293675377e-01
  -2.7808831103830780e+00   3.0358360788481522e+00  -2.9481707721390245e+00   3.0759206061426342e-01   1.7538881722274271e+00  -4.9639114614403673e-01  -1.6140410657140762e+00  -1.4793113102711095e-01
  -2.7806437186041921e+00   3.0359615164910565e+00  -2.9480253291685425e+00   3.0804638960900099e-01   1.7542760736526481e+00  -4.9593983247485179e-01  -1.6136277885769810e+00  -1.4745957440493293e-01
  -2.7804042675617850e+00   3.0360868894864486e+00  -2.9478798251945055e+00   3.0850071196819584e-01   1.7546639381859723e+00  -4.9548850482290163e-01  -1.6132144703366786e+00  -1.4698801455860461e-01
  -2.7801647568416756e+00   3.0362121980522003e+00  -2.9477342591646565e+00   3.0895502920309098e-01   1.7550517670211305e+00  -4.9503716720114821e-01  -1.6128011170015379e+00  -1.4651645186430143e-01
  -2.7799251882974434e+00   3.0363374422009932e+00  -2.9475886310731902e+00   3.0940934132261028e-01   1.7554395601570718e+00  -4.9458581773961946e-01  -1.6123877211242392e+00  -1.4604488446323513e-01
  -2.7796855605039577e+00   3.0364626226274614e+00  -2.9474429415183163e+00   3.0986364865715121e-01   1.7558273201247250e+00  -4.9413445430321884e-01  -1.6119742915926414e+00  -1.4557331569492180e-01
  -2.7794458730288572e+00   3.0365877376968831e+00  -2.9472971908255166e+00   3.1031794900673276e-01   1.7562150443837306e+00  -4.9368308274815464e-01  -1.6115608195266395e+00  -1.4510174035912632e-01
  -2.7792061277208977e+00   3.0367127892546355e+00  -2.9471513781325851e+00   3.1077224798067410e-01   1.7566027292659332e+00  -4.9323169380227566e-01  -1.6111473123224469e+00  -1.4463016401487222e-01
  -2.7789663231855619e+00   3.0368377762672250e+00  -2.9470055042132586e+00   3.1122653839520120e-01   1.7569903808153422e+00  -4.9278029447321120e-01  -1.6107337679091838e+00  -1.4415858454853198e-01
  -2.7787264588972449e+00   3.0369626984419504e+00  -2.9468595681385841e+00   3.1168082388096158e-01   1.7573779972679526e+00  -4.9232888565472299e-01  -1.6103201840494876e+00  -1.4368699997309523e-01
  -2.7784865369957852e+00   3.0370875568330011e+00  -2.9467135710985075e+00   3.1213510541403705e-01   1.7577655757960620e+00  -4.9187746133048632e-01  -1.6099065599802864e+00  -1.4321541405299582e-01
  -2.7782465555333533e+00   3.0372123500489141e+00  -2.9465675116943735e+00   3.1258938135633751e-01   1.7581531207997030e+00  -4.9142602576553118e-01  -1.6094928987231161e+00  -1.4274382448856524e-01
  -2.7780065145242046e+00   3.0373370793660355e+00  -2.9464213910766848e+00   3.1304364987414091e-01   1.7585406287023579e+00  -4.9097457909103537e-01  -1.6090792001180541e+00  -1.4227223116437107e-01
  -2.7777664159162341e+00   3.0374617443055763e+00  -2.9462752088537338e+00   3.1349791617453154e-01   1.7589281019566423e+00  -4.9052312025785910e-01  -1.6086654655053496e+00  -1.4180063495041259e-01
  -2.7775262574239998e+00   3.0375863446095916e+00  -2.9461289649431621e+00   3.1395217619938820e-01   1.7593155417834838e+00  -4.9007164957130711e-01  -1.6082516896956702e+00  -1.4132903435436037e-01
  -2.7772860398179016e+00   3.0377108808320035e+00  -2.9459826593723042e+00   3.1440642911501021e-01   1.7597029432323046e+00  -4.8962016743648268e-01  -1.6078378780550704e+00  -1.4085742966482917e-01
  -2.7770457635715120e+00   3.0378353526108937e+00  -2.9458362922931332e+00   3.1486067837746046e-01   1.7600903077070513e+00  -4.8916867056273744e-01  -1.6074240270733793e+00  -1.4038582299347876e-01
  -2.7768054284188577e+00   3.0379597597282997e+00  -2.9456898635988984e+00   3.1531492490678870e-01   1.7604776381495910e+00  -4.8871716319723096e-01  -1.6070101392592320e+00  -1.3991421422223788e-01
  -2.7765650340598742e+00   3.0380841029598527e+00  -2.9455433737596604e+00   3.1576916278391692e-01   1.7608649312480478e+00  -4.8826564336284656e-01  -1.6065962126656159e+00  -1.3944260065112507e-01
  -2.7763245818608957e+00   3.0382083812285510e+00  -2.9453968220240521e+00   3.1622339558665818e-01   1.7612521887724797e+00  -4.8781411178329215e-01  -1.6061822471294622e+00  -1.3897098602148344e-01
  -2.7760840699866849e+00   3.0383325950962456e+00  -2.9452502081847354e+00   3.1667762325706011e-01   1.7616394142889387e+00  -4.8736256834176128e-01  -1.6057682428141025e+00  -1.3849936670428975e-01
  -2.7758434988578524e+00   3.0384567447689754e+00  -2.9451035328971082e+00   3.1713184614924717e-01   1.7620265991974102e+00  -4.8691101093249861e-01  -1.6053542011015318e+00  -1.3802774228693965e-01
  -2.7756028689775745e+00   3.0385808300175339e+00  -2.9449567964640027e+00   3.1758606391669092e-01   1.7624137521180621e+00  -4.8645944354027465e-01  -1.6049401243134620e+00  -1.3755611689383454e-01
  -2.7753621812644385e+00   3.0387048508307570e+00  -2.9448099984964942e+00   3.1804027472441987e-01   1.7628008656667156e+00  -4.8600786620402875e-01  -1.6045260068001768e+00  -1.3708448677079468e-01
  -2.7751214333926320e+00   3.0388288080186587e+00  -2.9446631388425577e+00   3.1849448068839492e-01   1.7631879458748465e+00  -4.8555627290520903e-01  -1.6041118520716990e+00  -1.3661285538071821e-01
  -2.7748806276381539e+00   3.0389526994373730e+00  -2.9445162174932640e+00   3.1894868172937418e-01   1.7635749891293424e+00  -4.8510467011125352e-01  -1.6036976597637018e+00  -1.3614121888149247e-01
  -2.7746397624078325e+00   3.0390765270801068e+00  -2.9443692342414436e+00   3.1940287881386903e-01   1.7639619981740802e+00  -4.8465305367131223e-01  -1.6032834272523944e+00  -1.3566958104913943e-01
  -2.7743988376091089e+00   3.0392002904558115e+00  -2.9442221900686705e+00   3.1985706845437217e-01   1.7643489681418110e+00  -4.8420142601560606e-01  -1.6028691593818247e+00  -1.3519793954553871e-01
  -2.7741578551407775e+00   3.0393239895522624e+00  -2.9440750835781189e+00   3.2031125435977009e-01   1.7647359046094786e+00  -4.8374978715043127e-01  -1.6024548542926431e+00  -1.3472629436301237e-01
  -2.7739168131681318e+00   3.0394476234841479e+00  -2.9439279161162064e+00   3.2076543259788831e-01   1.7651228050147281e+00  -4.8329813463492277e-01  -1.6020405071341801e+00  -1.3425464598661846e-01
  -2.7736757133336187e+00   3.0395711934972311e+00  -2.9437806869590535e+00   3.2121960776499586e-01   1.7655096703238180e+00  -4.8284647076406695e-01  -1.6016261242607288e+00  -1.3378299436372368e-01
  -2.7734345542613408e+00   3.0396946989636628e+00  -2.9436333965830253e+00   3.2167377622624693e-01   1.7658964967022255e+00  -4.8239479465756835e-01  -1.6012117041718736e+00  -1.3331134147380955e-01
  -2.7731933354935729e+00   3.0398181399909152e+00  -2.9434860437374089e+00   3.2212793773161108e-01   1.7662832911620869e+00  -4.8194310674248630e-01  -1.6007972452199573e+00  -1.3283968385394179e-01
  -2.7729520588991252e+00   3.0399415166077701e+00  -2.9433386302118696e+00   3.2258209784954189e-01   1.7666700461918832e+00  -4.8149140883844443e-01  -1.6003827511918618e+00  -1.3236802153880581e-01
  -2.7727107230708072e+00   3.0400648285480103e+00  -2.9431911552362560e+00   3.2303624943801468e-01   1.7670567680418405e+00  -4.8103969697287863e-01  -1.5999682160493882e+00  -1.3189635784114284e-01
  -2.7724693275532344e+00   3.0401880760662383e+00  -2.9430436177315946e+00   3.2349039591565826e-01   1.7674434541975446e+00  -4.8058797512799500e-01  -1.5995536439565456e+00  -1.3142469316384678e-01
  -2.7722278742025006e+00   3.0403112596496564e+00  -2.9428960190908313e+00   3.2394453728680689e-01   1.7678301009400965e+00  -4.8013623957434653e-01  -1.5991390330491195e+00  -1.3095302193055136e-01
  -2.7719863616178895e+00   3.0404343785525993e+00  -2.9427483594657184e+00   3.2439867199499040e-01   1.7682167144980612e+00  -4.7968449192376339e-01  -1.5987243866151881e+00  -1.3048134930896799e-01
  -2.7717447911923645e+00   3.0405574330589396e+00  -2.9426006377597860e+00   3.2485280345553991e-01   1.7686032923595487e+00  -4.7923273428011320e-01  -1.5983097013781411e+00  -1.3000967386051843e-01
  -2.7715031610921361e+00   3.0406804231023603e+00  -2.9424528549871325e+00   3.2530692795339156e-01   1.7689898345681829e+00  -4.7878096110695562e-01  -1.5978949772823137e+00  -1.2953799367632404e-01
  -2.7712614717514410e+00   3.0408033486090607e+00  -2.9423050105298860e+00   3.2576104760472679e-01   1.7693763397114257e+00  -4.7832918128677854e-01  -1.5974802159660717e+00  -1.2906631222322243e-01
  -2.7710197245411923e+00   3.0409262092656393e+00  -2.9421571043793255e+00   3.2621516046551274e-01   1.7697628078977441e+00  -4.7787738452335299e-01  -1.5970654152114527e+00  -1.2859462752744161e-01
  -2.7707779178342959e+00   3.0410490056890018e+00  -2.9420091367821581e+00   3.2666926938240204e-01   1.7701492418804512e+00  -4.7742557969365329e-01  -1.5966505798410209e+00  -1.2812293963781121e-01
  -2.7705360534501264e+00   3.0411717378330914e+00  -2.9418611073443386e+00   3.2712337270536201e-01   1.7705356386416562e+00  -4.7697375993302704e-01  -1.5962357035233632e+00  -1.2765124806733638e-01
  -2.7702941295156283e+00   3.0412944052345181e+00  -2.9417130169818368e+00   3.2757747043493946e-01   1.7709220000456953e+00  -4.7652193268317672e-01  -1.5958207918485374e+00  -1.2717955282559251e-01
  -2.7700521470158010e+00   3.0414170088722519e+00  -2.9415648647109016e+00   3.2803156049341448e-01   1.7713083253824686e+00  -4.7607008991839045e-01  -1.5954058418321553e+00  -1.2670785625074474e-01
  -2.7698101057074389e+00   3.0415395471979960e+00  -2.9414166512161377e+00   3.2848564749237313e-01   1.7716946156307549e+00  -4.7561823766094802e-01  -1.5949908542376128e+00  -1.2623615829582172e-01
  -2.7695680061052732e+00   3.0416620214450316e+00  -2.9412683755711129e+00   3.2893972778026320e-01   1.7720808688059679e+00  -4.7516637130684203e-01  -1.5945758275614685e+00  -1.2576445534290223e-01
  -2.7693258468130439e+00   3.0417844312329976e+00  -2.9411200388555137e+00   3.2939380110352884e-01   1.7724670863321281e+00  -4.7471449500923940e-01  -1.5941607638906370e+00  -1.2529274766000253e-01
  -2.7690836287562797e+00   3.0419067766243462e+00  -2.9409716409923505e+00   3.2984787118682635e-01   1.7728532681647047e+00  -4.7426260499425865e-01  -1.5937456632773972e+00  -1.2482103901285950e-01
  -2.7688413524007780e+00   3.0420290573390845e+00  -2.9408231807478238e+00   3.3030193459182727e-01   1.7732394130807203e+00  -4.7381070474880366e-01  -1.5933305234124258e+00  -1.2434932897169915e-01
  -2.7685990182096343e+00   3.0421512736368310e+00  -2.9406746602985883e+00   3.3075599289678470e-01   1.7736255223080011e+00  -4.7335879079136312e-01  -1.5929153465984522e+00  -1.2387761423909069e-01
  -2.7683566233979326e+00   3.0422734255202291e+00  -2.9405260773222226e+00   3.3121004609665700e-01   1.7740115958497007e+00  -4.7290686685270467e-01  -1.5925001328326678e+00  -1.2340589480535391e-01
  -2.7681141712251249e+00   3.0423955127320386e+00  -2.9403774328937953e+00   3.3166409261753216e-01   1.7743976324736714e+00  -4.7245493268102262e-01  -1.5920848798159923e+00  -1.2293417398147130e-01
  -2.7678716602725042e+00   3.0425175355356617e+00  -2.9402287273293299e+00   3.3211813218076858e-01   1.7747836352772104e+00  -4.7200298479960517e-01  -1.5916695898469200e+00  -1.2246245219144203e-01
  -2.7676290896410083e+00   3.0426394939111252e+00  -2.9400799601691490e+00   3.3257216849529792e-01   1.7751696005270516e+00  -4.7155102507368385e-01  -1.5912542610683091e+00  -1.2199072569831901e-01
  -2.7673864616251804e+00   3.0427613880956406e+00  -2.9399311315547867e+00   3.3302619814021833e-01   1.7755555288624960e+00  -4.7109905511470440e-01  -1.5908388967586364e+00  -1.2151899781899352e-01
  -2.7671437739342513e+00   3.0428832173902420e+00  -2.9397822417950361e+00   3.3348022267190758e-01   1.7759414214992533e+00  -4.7064707330351552e-01  -1.5904234936485715e+00  -1.2104726524620650e-01
  -2.7669010274638000e+00   3.0430049822533531e+00  -2.9396332900274773e+00   3.3393424025921697e-01   1.7763272784979161e+00  -4.7019507781437092e-01  -1.5900080535433956e+00  -1.2057552981187292e-01
  -2.7666582236478252e+00   3.0431266830178560e+00  -2.9394842770545102e+00   3.3438825297400682e-01   1.7767131002722749e+00  -4.6974307196780757e-01  -1.5895925743532244e+00  -1.2010379309329801e-01
  -2.7664153600854187e+00   3.0432483184764791e+00  -2.9393352023824550e+00   3.3484226077870510e-01   1.7770988851029437e+00  -4.6929105289442818e-01  -1.5891770575885000e+00  -1.1963205127510310e-01
  -2.7661724370263943e+00   3.0433698901675634e+00  -2.9391860667351737e+00   3.3529626277107927e-01   1.7774846320027324e+00  -4.6883902575953451e-01  -1.5887615043420062e+00  -1.1916030812575491e-01
  -2.7659294562938848e+00   3.0434913971137481e+00  -2.9390368692357409e+00   3.3575025730307212e-01   1.7778703454044378e+00  -4.6838698368701237e-01  -1.5883459138797786e+00  -1.1868856316393658e-01
  -2.7656864178594929e+00   3.0436128393272175e+00  -2.9388876103516042e+00   3.3620424811633454e-01   1.7782560215898002e+00  -4.6793493040062895e-01  -1.5879302843306269e+00  -1.1821681266442692e-01
  -2.7654433199492350e+00   3.0437342172913739e+00  -2.9387382900325925e+00   3.3665823124595001e-01   1.7786416617037746e+00  -4.6748286533382105e-01  -1.5875146183019595e+00  -1.1774506268860864e-01
  -2.7652001622821527e+00   3.0438555304330057e+00  -2.9385889084703769e+00   3.3711220946981219e-01   1.7790272648746086e+00  -4.6703079075941184e-01  -1.5870989128387967e+00  -1.1727330762092469e-01
  -2.7649569472733964e+00   3.0439767794645105e+00  -2.9384394652428547e+00   3.3756618281731643e-01   1.7794128328202303e+00  -4.6657870210610758e-01  -1.5866831720121310e+00  -1.1680155126325575e-01
  -2.7647136725680115e+00   3.0440979640545316e+00  -2.9382899600095977e+00   3.3802014921800760e-01   1.7797983651252078e+00  -4.6612660350141805e-01  -1.5862673923307353e+00  -1.1632979018133688e-01
  -2.7644703400178878e+00   3.0442190833204523e+00  -2.9381403940886637e+00   3.3847410865537131e-01   1.7801838617404171e+00  -4.6567449303623171e-01  -1.5858515757107585e+00  -1.1585802814091335e-01
  -2.7642269482530759e+00   3.0443401388257851e+00  -2.9379907667252954e+00   3.3892806513202567e-01   1.7805693195667751e+00  -4.6522237235009078e-01  -1.5854357216960095e+00  -1.1538626097551469e-01
  -2.7639834986435883e+00   3.0444611299344317e+00  -2.9378410772888204e+00   3.3938201464914725e-01   1.7809547435746225e+00  -4.6477023794659605e-01  -1.5850198288718846e+00  -1.1491449284583723e-01
  -2.7637399893475574e+00   3.0445820556797361e+00  -2.9376913271879843e+00   3.3983595719993787e-01   1.7813401300345673e+00  -4.6431809169861704e-01  -1.5846039009615907e+00  -1.1444272374215325e-01
  -2.7634964226890926e+00   3.0447029176821201e+00  -2.9375415151770130e+00   3.4028989492790829e-01   1.7817254814324976e+00  -4.6386593522649799e-01  -1.5841879337937226e+00  -1.1397094951738609e-01
  -2.7632527963270821e+00   3.0448237148260771e+00  -2.9373916420088211e+00   3.4074382755901883e-01   1.7821107952761044e+00  -4.6341376689193320e-01  -1.5837719278265701e+00  -1.1349917433414976e-01
  -2.7630091121338030e+00   3.0449444475146965e+00  -2.9372417073064789e+00   3.4119775323896240e-01   1.7824960734823045e+00  -4.6296158674655818e-01  -1.5833558867277133e+00  -1.1302739442272537e-01
  -2.7627653687269538e+00   3.0450651156475361e+00  -2.9370917109289842e+00   3.4165167404742364e-01   1.7828813164616097e+00  -4.6250939438044586e-01  -1.5829398065402280e+00  -1.1255561322722769e-01
  -2.7625215674351589e+00   3.0451857194073528e+00  -2.9369416533162127e+00   3.4210558808263347e-01   1.7832665206348952e+00  -4.6205719251121646e-01  -1.5825236906457758e+00  -1.1208382879659508e-01
  -2.7622777066506035e+00   3.0453062584644934e+00  -2.9367915342663777e+00   3.4255949630550553e-01   1.7836516906025717e+00  -4.6160497699443659e-01  -1.5821075345423956e+00  -1.1161204117028023e-01
  -2.7620337881887211e+00   3.0454267327766615e+00  -2.9366413538320657e+00   3.4301340079521919e-01   1.7840368252095773e+00  -4.6115275026730779e-01  -1.5816913430838790e+00  -1.1114025172758739e-01
  -2.7617898101803631e+00   3.0455471428118495e+00  -2.9364911120130874e+00   3.4346729783081448e-01   1.7844219225976572e+00  -4.6070051232753467e-01  -1.5812751125420539e+00  -1.1066845861175534e-01
  -2.7615457745380332e+00   3.0456674886176911e+00  -2.9363408087532243e+00   3.4392118719527942e-01   1.7848069839165415e+00  -4.6024826446453165e-01  -1.5808588473806717e+00  -1.1019666602549864e-01
  -2.7613016800832515e+00   3.0457877686535229e+00  -2.9361904442562308e+00   3.4437507350988295e-01   1.7851920064294364e+00  -4.5979600336934190e-01  -1.5804425427903022e+00  -1.0972486834336678e-01
  -2.7610575264111548e+00   3.0459079850571773e+00  -2.9360400180993902e+00   3.4482895122765728e-01   1.7855769955857042e+00  -4.5934373192847600e-01  -1.5800262009605723e+00  -1.0925306750494655e-01
  -2.7608133149113727e+00   3.0460281370287423e+00  -2.9358895308259703e+00   3.4528282570817986e-01   1.7859619472074828e+00  -4.5889144864797587e-01  -1.5796098203112467e+00  -1.0878126568480662e-01
  -2.7605690446286970e+00   3.0461482245223421e+00  -2.9357389825606619e+00   3.4573669327473538e-01   1.7863468632629003e+00  -4.5843915359833476e-01  -1.5791934044638261e+00  -1.0830945910960418e-01
  -2.7603247151742383e+00   3.0462682467101994e+00  -2.9355883722381071e+00   3.4619055399611304e-01   1.7867317437946173e+00  -4.5798684611321544e-01  -1.5787769516843946e+00  -1.0783765142161997e-01
  -2.7600803277245713e+00   3.0463882051692597e+00  -2.9354377003025944e+00   3.4664440830263826e-01   1.7871165866132841e+00  -4.5753452998026295e-01  -1.5783604583525037e+00  -1.0736583979005468e-01
  -2.7598358825552576e+00   3.0465080987639048e+00  -2.9352869677247022e+00   3.4709825895670299e-01   1.7875013924222531e+00  -4.5708219906869602e-01  -1.5779439313137549e+00  -1.0689402808166573e-01
  -2.7595913773764624e+00   3.0466279276569708e+00  -2.9351361732761299e+00   3.4755210247779084e-01   1.7878861636824461e+00  -4.5662986060872846e-01  -1.5775273645284034e+00  -1.0642221211662013e-01
  -2.7593468141986293e+00   3.0467476918975835e+00  -2.9349853176803187e+00   3.4800593958594850e-01   1.7882708972324994e+00  -4.5617750791399581e-01  -1.5771107609149380e+00  -1.0595039407063336e-01
  -2.7591021922838630e+00   3.0468673920513067e+00  -2.9348344003202653e+00   3.4845977146103491e-01   1.7886555946537561e+00  -4.5572514486287280e-01  -1.5766941189605681e+00  -1.0547857536451784e-01
  -2.7588575130140751e+00   3.0469870274241151e+00  -2.9346834221601492e+00   3.4891359667262395e-01   1.7890402552606568e+00  -4.5527276983670273e-01  -1.5762774394797316e+00  -1.0500675144109255e-01
  -2.7586127740405089e+00   3.0471065979655472e+00  -2.9345323818654792e+00   3.4936741678367450e-01   1.7894248801481956e+00  -4.5482038291739746e-01  -1.5758607249612504e+00  -1.0453492658608685e-01
  -2.7583679772318552e+00   3.0472261040515964e+00  -2.9343812809717345e+00   3.4982122995120640e-01   1.7898094694068902e+00  -4.5436798605090467e-01  -1.5754439715824620e+00  -1.0406309700478392e-01
  -2.7581231212238615e+00   3.0473455455680778e+00  -2.9342301184125597e+00   3.5027503636491131e-01   1.7901940215649139e+00  -4.5391557697641355e-01  -1.5750271809740248e+00  -1.0359126612404930e-01
  -2.7578782073101844e+00   3.0474649222581403e+00  -2.9340788941426599e+00   3.5072883975085450e-01   1.7905785367913236e+00  -4.5346315652308355e-01  -1.5746103546582877e+00  -1.0311943388434087e-01
  -2.7576332339283107e+00   3.0475842351645586e+00  -2.9339276093749076e+00   3.5118263358281748e-01   1.7909630178041946e+00  -4.5301072429315220e-01  -1.5741934881367927e+00  -1.0264759844115201e-01
  -2.7573882028497350e+00   3.0477034828753018e+00  -2.9337762622873469e+00   3.5163642369293219e-01   1.7913474597372838e+00  -4.5255828271070192e-01  -1.5737765881192713e+00  -1.0217576118744251e-01
  -2.7571431140873019e+00   3.0478226658434537e+00  -2.9336248547425807e+00   3.5209020634892807e-01   1.7917318644486071e+00  -4.5210582805201510e-01  -1.5733596471591207e+00  -1.0170392025868545e-01
  -2.7568979658476489e+00   3.0479417840939336e+00  -2.9334733852991022e+00   3.5254398504585210e-01   1.7921162349480968e+00  -4.5165336161320035e-01  -1.5729426697179536e+00  -1.0123207799102124e-01
  -2.7566527578358504e+00   3.0480608384608203e+00  -2.9333218546125135e+00   3.5299775512899390e-01   1.7925005703844166e+00  -4.5120088566013344e-01  -1.5725256565675396e+00  -1.0076023249980789e-01
  -2.7564074934328682e+00   3.0481798277786516e+00  -2.9331702627300422e+00   3.5345152031085619e-01   1.7928848649854896e+00  -4.5074839750419121e-01  -1.5721086061876504e+00  -1.0028838570718267e-01
  -2.7561621693255773e+00   3.0482987526549521e+00  -2.9330186093056190e+00   3.5390527855358289e-01   1.7932691276798649e+00  -4.5029589752753096e-01  -1.5716915169549301e+00  -9.9816536056731145e-02
  -2.7559167883010307e+00   3.0484176131423486e+00  -2.9328668947182521e+00   3.5435903357360415e-01   1.7936533509668526e+00  -4.4984338754534325e-01  -1.5712743889272101e+00  -9.9344681732106671e-02
  -2.7556713480733102e+00   3.0485364084645079e+00  -2.9327151187018536e+00   3.5481278001622141e-01   1.7940375410346658e+00  -4.4939086549294527e-01  -1.5708572272223829e+00  -9.8872827855115697e-02
  -2.7554258481344740e+00   3.0486551393899717e+00  -2.9325632810760807e+00   3.5526651951655497e-01   1.7944216917075455e+00  -4.4893833158391067e-01  -1.5704400267077430e+00  -9.8400969294319796e-02
  -2.7551802912953116e+00   3.0487738063643728e+00  -2.9324113823126794e+00   3.5572025392283063e-01   1.7948058067028947e+00  -4.4848578768067027e-01  -1.5700227911154261e+00  -9.7929111629744506e-02
