  -2.8377502309158444e+00   3.0086093959398568e+00  -2.9762994875200093e+00   1.9980135560035706e-01   1.6585100702941418e+00  -5.9486959129571915e-01  -1.7162429839372635e+00  -2.6389889791607857e-01
  -2.8375257914885879e+00   3.0087487855926156e+00  -2.9761688476428390e+00   2.0025600492954254e-01   1.6589056700468063e+00  -5.9442164935171604e-01  -1.7158390246331692e+00  -2.6342805847525597e-01
  -2.8373012905940413e+00   3.0088881133124232e+00  -2.9760381416417658e+00   2.0071065053343773e-01   1.6593012362718582e+00  -5.9397369064390659e-01  -1.7154350262135267e+00  -2.6295721530914307e-01
  -2.8370767300948501e+00   3.0090273744426668e+00  -2.9759073788300157e+00   2.0116529241204262e-01   1.6596967726945877e+00  -5.9352571889758110e-01  -1.7150309830904007e+00  -2.6248636282980442e-01
  -2.8368521099910140e+00   3.0091665727086365e+00  -2.9757765512913465e+00   2.0161993056535721e-01   1.6600922718644142e+00  -5.9307773411273956e-01  -1.7146269027143717e+00  -2.6201550476253033e-01
  -2.8366274284198880e+00   3.0093057085759938e+00  -2.9756456590257585e+00   2.0207456871867180e-01   1.6604877375066280e+00  -5.9262973256409168e-01  -1.7142227832227945e+00  -2.6154464296996593e-01
  -2.8364026872441173e+00   3.0094447783194482e+00  -2.9755147094838321e+00   2.0252920314669609e-01   1.6608831696212292e+00  -5.9218171983957291e-01  -1.7138186190277338e+00  -2.6107377372682095e-01
  -2.8361778864637017e+00   3.0095837856642902e+00  -2.9753836956806481e+00   2.0298383384943008e-01   1.6612785682082176e+00  -5.9173369035124779e-01  -1.7134144175797701e+00  -2.6060289889574051e-01
  -2.8359530242159963e+00   3.0097227296791971e+00  -2.9752526166848838e+00   2.0343846082687378e-01   1.6616739332675934e+00  -5.9128564596176147e-01  -1.7130101770162582e+00  -2.6013201847672462e-01
  -2.8357281023636460e+00   3.0098616075702012e+00  -2.9751214808784425e+00   2.0389308780431747e-01   1.6620692647993565e+00  -5.9083759039640427e-01  -1.7126058917492628e+00  -2.5966113246977329e-01
  -2.8355031209066510e+00   3.0100004230625927e+00  -2.9749902798794210e+00   2.0434770733118057e-01   1.6624645628035069e+00  -5.9038951992988586e-01  -1.7122015692293644e+00  -2.5919023901224136e-01
  -2.8352780779823661e+00   3.0101391756907105e+00  -2.9748590146191418e+00   2.0480232685804367e-01   1.6628598272800446e+00  -5.8994143456220627e-01  -1.7117972057312727e+00  -2.5871934369206429e-01
  -2.8350529763847589e+00   3.0102778621949255e+00  -2.9747276916168630e+00   2.0525694265961647e-01   1.6632550582289696e+00  -5.8949333615601063e-01  -1.7113927993923426e+00  -2.5824843719601631e-01
  -2.8348278133198619e+00   3.0104164858348668e+00  -2.9745963043533266e+00   2.0571155473589897e-01   1.6636502556502819e+00  -5.8904522284865379e-01  -1.7109883558005095e+00  -2.5777752883732319e-01
  -2.8346025915816426e+00   3.0105550470761955e+00  -2.9744648528285325e+00   2.0616616308689117e-01   1.6640454158186913e+00  -5.8859709277749062e-01  -1.7105838730931282e+00  -2.5730661489069462e-01
  -2.8343773083761334e+00   3.0106935412622988e+00  -2.9743333435617387e+00   2.0662077143788338e-01   1.6644405461847782e+00  -5.8814895525574684e-01  -1.7101793456822634e+00  -2.5683569163084030e-01
  -2.8341519655659795e+00   3.0108319739811122e+00  -2.9742017691023648e+00   2.0707537420094013e-01   1.6648356430232525e+00  -5.8770079910755157e-01  -1.7097747791558504e+00  -2.5636476464569569e-01
  -2.8339265612885356e+00   3.0109703419730067e+00  -2.9740701331757009e+00   2.0752997323870659e-01   1.6652307063341141e+00  -5.8725262805819511e-01  -1.7093701735138893e+00  -2.5589383207261562e-01
  -2.8337010992690921e+00   3.0111086461693048e+00  -2.9739384348504245e+00   2.0798457041382790e-01   1.6656257323920727e+00  -5.8680444397032261e-01  -1.7089655268937349e+00  -2.5542289391160011e-01
  -2.8334755757823586e+00   3.0112468870356679e+00  -2.9738066741265357e+00   2.0843916386365891e-01   1.6660207286477089e+00  -5.8635624684393406e-01  -1.7085608411580324e+00  -2.5495195016264915e-01
  -2.8332499917596579e+00   3.0113850627094507e+00  -2.9736748524010181e+00   2.0889375731348991e-01   1.6664156876504421e+00  -5.8590803481638432e-01  -1.7081561125814915e+00  -2.5448100082576275e-01
  -2.8330243481323123e+00   3.0115231769159436e+00  -2.9735429650172591e+00   2.0934834331274033e-01   1.6668106131255627e+00  -5.8545980788767338e-01  -1.7077513467520475e+00  -2.5401004590094090e-01
  -2.8327986439689994e+00   3.0116612240672112e+00  -2.9734110208228230e+00   2.0980292931199074e-01   1.6672055087983608e+00  -5.8501156792044640e-01  -1.7073465380817652e+00  -2.5353908352553844e-01
  -2.8325728802010417e+00   3.0117992088198662e+00  -2.9732790114358068e+00   2.1025750786066055e-01   1.6676003672182560e+00  -5.8456331491470337e-01  -1.7069416902959347e+00  -2.5306811556220055e-01
  -2.8323470568284392e+00   3.0119371311739087e+00  -2.9731469377875328e+00   2.1071208640933037e-01   1.6679951921105385e+00  -5.8411504514515400e-01  -1.7065368033945560e+00  -2.5259714573621750e-01
  -2.8321211719885468e+00   3.0120749874040484e+00  -2.9730148068629205e+00   2.1116666123270988e-01   1.6683899834752083e+00  -5.8366676419973373e-01  -1.7061318736523390e+00  -2.5212616473436356e-01
  -2.8318952275440097e+00   3.0122127803042531e+00  -2.9728826116770506e+00   2.1162123605608940e-01   1.6687847413122654e+00  -5.8321846835315228e-01  -1.7057269047945738e+00  -2.5165518186986446e-01
  -2.8316692234948277e+00   3.0123505108058453e+00  -2.9727503512986004e+00   2.1207580342888832e-01   1.6691794656217098e+00  -5.8277015760540962e-01  -1.7053218968212605e+00  -2.5118419341742992e-01
  -2.8314431579783559e+00   3.0124881742522120e+00  -2.9726180341094732e+00   2.1253036707639694e-01   1.6695741564035416e+00  -5.8232183381915092e-01  -1.7049168460071087e+00  -2.5071319751441479e-01
  -2.8312170337885618e+00   3.0126257757656276e+00  -2.9724856521934271e+00   2.1298493072390556e-01   1.6699688117951155e+00  -5.8187349699437618e-01  -1.7045117560774088e+00  -2.5024219602346420e-01
  -2.8309908490628004e+00   3.0127633144147694e+00  -2.9723532050848007e+00   2.1343948692083359e-01   1.6703634336590767e+00  -5.8142514340579510e-01  -1.7041066270321608e+00  -2.4977119080722332e-01
  -2.8307646038010716e+00   3.0129007864743471e+00  -2.9722207020968199e+00   2.1389404311776161e-01   1.6707580238580704e+00  -5.8097677864134312e-01  -1.7037014570087194e+00  -2.4930017814040184e-01
  -2.8305382998660207e+00   3.0130381970666349e+00  -2.9720881311222911e+00   2.1434859558939934e-01   1.6711525768041611e+00  -5.8052839711308479e-01  -1.7032962460070848e+00  -2.4882915988564491e-01
  -2.8303119344636798e+00   3.0131755429320037e+00  -2.9719555005431175e+00   2.1480314433574677e-01   1.6715470962226391e+00  -5.8008000254631042e-01  -1.7028909977525473e+00  -2.4835813790559769e-01
  -2.8300855094566941e+00   3.0133128236047924e+00  -2.9718228098936379e+00   2.1525769308209419e-01   1.6719415858387947e+00  -5.7963159680366516e-01  -1.7024857047945261e+00  -2.4788710847496986e-01
  -2.8298590239137411e+00   3.0134500414133072e+00  -2.9716900545172393e+00   2.1571223437786102e-01   1.6723360382020473e+00  -5.7918317615985870e-01  -1.7020803745836020e+00  -2.4741607345640659e-01
  -2.8296324787661433e+00   3.0135871949605644e+00  -2.9715572381392121e+00   2.1616677567362785e-01   1.6727304570376873e+00  -5.7873474061489105e-01  -1.7016750033944845e+00  -2.4694503284990788e-01
  -2.8294058740139008e+00   3.0137242861092091e+00  -2.9714243565686047e+00   2.1662130951881409e-01   1.6731248423457146e+00  -5.7828628830611706e-01  -1.7012695930898190e+00  -2.4647398851811886e-01
  -2.8291792087256908e+00   3.0138613111339509e+00  -2.9712914177216589e+00   2.1707584336400032e-01   1.6735191941261292e+00  -5.7783782668411732e-01  -1.7008641399443150e+00  -2.4600293673574924e-01
  -2.8289524829015136e+00   3.0139982723630965e+00  -2.9711584146134555e+00   2.1753037348389626e-01   1.6739135123789310e+00  -5.7738935016095638e-01  -1.7004586476832628e+00  -2.4553187936544418e-01
  -2.8287256974726915e+00   3.0141351721249521e+00  -2.9710253467783332e+00   2.1798489615321159e-01   1.6743077933788300e+00  -5.7694085687398911e-01  -1.7000531200319529e+00  -2.4506082013249397e-01
  -2.8284988524392247e+00   3.0142720048315823e+00  -2.9708922212012112e+00   2.1843941882252693e-01   1.6747020445764065e+00  -5.7649235427379608e-01  -1.6996475439518690e+00  -2.4458974972367287e-01
  -2.8282719468697906e+00   3.0144087751396000e+00  -2.9707590318284929e+00   2.1889394149184227e-01   1.6750962585210800e+00  -5.7604383490979671e-01  -1.6992419343441725e+00  -2.4411867745220661e-01
  -2.8280449807643890e+00   3.0145454821176827e+00  -2.9706257781945169e+00   2.1934845671057701e-01   1.6754904389381409e+00  -5.7559530064463615e-01  -1.6988362837582827e+00  -2.4364759959280491e-01
  -2.8278179559856653e+00   3.0146821229718626e+00  -2.9704924663528800e+00   2.1980296820402145e-01   1.6758845895528793e+00  -5.7514675520360470e-01  -1.6984305884689093e+00  -2.4317651428282261e-01
  -2.8275908697396517e+00   3.0148187014274299e+00  -2.9703590902499855e+00   2.2025747597217560e-01   1.6762787029147148e+00  -5.7469819486141205e-01  -1.6980248559266329e+00  -2.4270542524755001e-01
  -2.8273637248203158e+00   3.0149552170187235e+00  -2.9702256503514946e+00   2.2071198374032974e-01   1.6766727790236473e+00  -5.7424961961805820e-01  -1.6976190861314535e+00  -2.4223433062434196e-01
  -2.8271365184336901e+00   3.0150916660204530e+00  -2.9700921522453427e+00   2.2116648778319359e-01   1.6770668271929026e+00  -5.7380103319883347e-01  -1.6972132716327906e+00  -2.4176323041319847e-01
  -2.8269092533737421e+00   3.0152280526235700e+00  -2.9699585898779333e+00   2.2162098437547684e-01   1.6774608381092548e+00  -5.7335243187844753e-01  -1.6968074198812246e+00  -2.4129212461411953e-01
  -2.8266819287091494e+00   3.0153643758967519e+00  -2.9698249632492661e+00   2.2207548096776009e-01   1.6778548154979944e+00  -5.7290381379425526e-01  -1.6964015271514654e+00  -2.4082101322710514e-01
  -2.8264545425772667e+00   3.0155006330460310e+00  -2.9696912793442607e+00   2.2252997383475304e-01   1.6782487593591213e+00  -5.7245518639683723e-01  -1.6959955934435129e+00  -2.4034989625215530e-01
  -2.8262270968407393e+00   3.0156368277966976e+00  -2.9695575302466750e+00   2.2298446297645569e-01   1.6786426696926355e+00  -5.7200654223561287e-01  -1.6955896224826574e+00  -2.3987877368927002e-01
  -2.8259995914995670e+00   3.0157729582861066e+00  -2.9694237196817994e+00   2.2343894839286804e-01   1.6790365464985371e+00  -5.7155788689851761e-01  -1.6951836105436087e+00  -2.3940764740109444e-01
  -2.8257720265537500e+00   3.0159090245142579e+00  -2.9692898471839726e+00   2.2389343008399010e-01   1.6794303879141808e+00  -5.7110921666026115e-01  -1.6947775576263666e+00  -2.3893651366233826e-01
  -2.8255444001406431e+00   3.0160450274124742e+00  -2.9691559122875333e+00   2.2434790804982185e-01   1.6798241939395666e+00  -5.7066053152084351e-01  -1.6943714637309313e+00  -2.3846537619829178e-01
  -2.8253167150542140e+00   3.0161809651181102e+00  -2.9690219163894653e+00   2.2480238229036331e-01   1.6802179682999849e+00  -5.7021183334290981e-01  -1.6939653307199478e+00  -2.3799423128366470e-01
  -2.8250889703631401e+00   3.0163168413564563e+00  -2.9688878543674946e+00   2.2525685280561447e-01   1.6806117054075003e+00  -5.6976312026381493e-01  -1.6935591604560614e+00  -2.3752308450639248e-01
  -2.8248611642047763e+00   3.0164526505395770e+00  -2.9687537364661694e+00   2.2571132332086563e-01   1.6810054127126932e+00  -5.6931439600884914e-01  -1.6931529454886913e+00  -2.3705192841589451e-01
  -2.8246332984417677e+00   3.0165883968584239e+00  -2.9686195533722639e+00   2.2616578638553619e-01   1.6813990846276283e+00  -5.6886565685272217e-01  -1.6927466932684183e+00  -2.3658076860010624e-01
  -2.8244053740054369e+00   3.0167240803129971e+00  -2.9684853055514395e+00   2.2662024945020676e-01   1.6817927192896605e+00  -5.6841690279543400e-01  -1.6923404019325972e+00  -2.3610960505902767e-01
  -2.8241773881018162e+00   3.0168596976436675e+00  -2.9683510009199381e+00   2.2707470506429672e-01   1.6821863241493702e+00  -5.6796813756227493e-01  -1.6919340658932924e+00  -2.3563843406736851e-01
  -2.8239493435248733e+00   3.0169952521100640e+00  -2.9682166315615177e+00   2.2752916067838669e-01   1.6825798936188221e+00  -5.6751935742795467e-01  -1.6915276963263750e+00  -2.3516725748777390e-01
  -2.8237212384119630e+00   3.0171307437121868e+00  -2.9680821979418397e+00   2.2798360884189606e-01   1.6829734258353710e+00  -5.6707056239247322e-01  -1.6911212857812643e+00  -2.3469607718288898e-01
  -2.8234930736944079e+00   3.0172661691904068e+00  -2.9679477070458233e+00   2.2843805700540543e-01   1.6833669282495975e+00  -5.6662175431847572e-01  -1.6907148305326700e+00  -2.3422489129006863e-01
  -2.8232648484408855e+00   3.0174015318043530e+00  -2.9678131514228880e+00   2.2889250144362450e-01   1.6837603934109211e+00  -5.6617293320596218e-01  -1.6903083380311728e+00  -2.3375369980931282e-01
  -2.8230365635827184e+00   3.0175368315540254e+00  -2.9676785320043564e+00   2.2934693843126297e-01   1.6841538250446320e+00  -5.6572409719228745e-01  -1.6899018082767725e+00  -2.3328250274062157e-01
  -2.8228082181885839e+00   3.0176720642484725e+00  -2.9675438548438251e+00   2.2980137541890144e-01   1.6845472250133753e+00  -5.6527525000274181e-01  -1.6894952338188887e+00  -2.3281130008399487e-01
  -2.8225798141211271e+00   3.0178072354756296e+00  -2.9674091129563749e+00   2.3025580868124962e-01   1.6849405877292156e+00  -5.6482638791203499e-01  -1.6890886221081018e+00  -2.3234009370207787e-01
  -2.8223513495177031e+00   3.0179423415102065e+00  -2.9672743096016347e+00   2.3071023821830750e-01   1.6853339187800884e+00  -5.6437751278281212e-01  -1.6886819694191217e+00  -2.3186888173222542e-01
  -2.8221228243783116e+00   3.0180773837491870e+00  -2.9671394438482821e+00   2.3116466403007507e-01   1.6857272144407034e+00  -5.6392862275242805e-01  -1.6882752776145935e+00  -2.3139766231179237e-01
  -2.8218942405655980e+00   3.0182123621925712e+00  -2.9670045156963170e+00   2.3161908611655235e-01   1.6861204765737057e+00  -5.6347971968352795e-01  -1.6878685448318720e+00  -2.3092644102871418e-01
  -2.8216655962169170e+00   3.0183472759090364e+00  -2.9668695270083845e+00   2.3207350447773933e-01   1.6865137033164501e+00  -5.6303080357611179e-01  -1.6874617729336023e+00  -2.3045521229505539e-01
  -2.8214368922635913e+00   3.0184821276925504e+00  -2.9667344731278718e+00   2.3252791911363602e-01   1.6869068946689367e+00  -5.6258187256753445e-01  -1.6870549637824297e+00  -2.2998397983610630e-01
  -2.8212081277742982e+00   3.0186169124208391e+00  -2.9665993615053594e+00   2.3298233002424240e-01   1.6873000562191010e+00  -5.6213293038308620e-01  -1.6866481099277735e+00  -2.2951273992657661e-01
  -2.8209793036803603e+00   3.0187516347505152e+00  -2.9664641856215894e+00   2.3343673720955849e-01   1.6876931805163622e+00  -5.6168397143483162e-01  -1.6862412188202143e+00  -2.2904149629175663e-01
  -2.8207504199817777e+00   3.0188862942159176e+00  -2.9663289454765618e+00   2.3389114066958427e-01   1.6880862694233656e+00  -5.6123499944806099e-01  -1.6858342904597521e+00  -2.2857024893164635e-01
  -2.8205214766785502e+00   3.0190208870917559e+00  -2.9661936485208571e+00   2.3434554040431976e-01   1.6884793266654015e+00  -5.6078601628541946e-01  -1.6854273173958063e+00  -2.2809899412095547e-01
  -2.8202924737706780e+00   3.0191554171033204e+00  -2.9660582863725722e+00   2.3479994013905525e-01   1.6888723485171795e+00  -5.6033701822161674e-01  -1.6850203070789576e+00  -2.2762773372232914e-01
  -2.8200634093955159e+00   3.0192898842506111e+00  -2.9659228604286909e+00   2.3525433242321014e-01   1.6892653349786997e+00  -5.5988800711929798e-01  -1.6846132595092058e+00  -2.2715647146105766e-01
  -2.8198342872783542e+00   3.0194242848083377e+00  -2.9657873767428100e+00   2.3570872098207474e-01   1.6896582897752523e+00  -5.5943898297846317e-01  -1.6842061672359705e+00  -2.2668520174920559e-01
  -2.8196051036939025e+00   3.0195586229674518e+00  -2.9656518292613328e+00   2.3616310581564903e-01   1.6900512091815472e+00  -5.5898994393646717e-01  -1.6837990377098322e+00  -2.2621392644941807e-01
  -2.8193758605048060e+00   3.0196928977966309e+00  -2.9655162170529366e+00   2.3661748692393303e-01   1.6904440913349390e+00  -5.5854088999330997e-01  -1.6833918709307909e+00  -2.2574264742434025e-01
  -2.8191465577110648e+00   3.0198271069675684e+00  -2.9653805475682020e+00   2.3707186430692673e-01   1.6908369436860085e+00  -5.5809182673692703e-01  -1.6829846594482660e+00  -2.2527136281132698e-01
  -2.8189171953126788e+00   3.0199612528085709e+00  -2.9652448138222098e+00   2.3752623982727528e-01   1.6912297606468201e+00  -5.5764274857938290e-01  -1.6825774107128382e+00  -2.2480007261037827e-01
  -2.8186877733096480e+00   3.0200953353196383e+00  -2.9651090158149600e+00   2.3798061162233353e-01   1.6916225403547287e+00  -5.5719365365803242e-01  -1.6821701228618622e+00  -2.2432877868413925e-01
  -2.8184582917019725e+00   3.0202293517068028e+00  -2.9649731600657105e+00   2.3843497782945633e-01   1.6920152902603149e+00  -5.5674454942345619e-01  -1.6817627921700478e+00  -2.2385747730731964e-01
  -2.8182287486270070e+00   3.0203633056953549e+00  -2.9648372400552034e+00   2.3888934031128883e-01   1.6924080029129982e+00  -5.5629543028771877e-01  -1.6813554242253304e+00  -2.2338617220520973e-01
  -2.8179991478100419e+00   3.0204971949569881e+00  -2.9647012585774064e+00   2.3934369906783104e-01   1.6928006820380688e+00  -5.5584629811346531e-01  -1.6809480153024197e+00  -2.2291486337780952e-01
  -2.8177694855257869e+00   3.0206310199573636e+00  -2.9645652147009969e+00   2.3979805409908295e-01   1.6931933276355267e+00  -5.5539715103805065e-01  -1.6805405672639608e+00  -2.2244354709982872e-01
  -2.8175397636368871e+00   3.0207647816278040e+00  -2.9644291084259748e+00   2.4025240540504456e-01   1.6935859378427267e+00  -5.5494799092411995e-01  -1.6801330801099539e+00  -2.2197222709655762e-01
  -2.8173099830746651e+00   3.0208984785713255e+00  -2.9642929416149855e+00   2.4070675484836102e-01   1.6939785145223141e+00  -5.5449881963431835e-01  -1.6797255519777536e+00  -2.2150090150535107e-01
  -2.8170801419764757e+00   3.0210321131162345e+00  -2.9641567096114159e+00   2.4116109684109688e-01   1.6943710539489985e+00  -5.5404963158071041e-01  -1.6793179884552956e+00  -2.2102957405149937e-01
  -2.8168502412736416e+00   3.0211656806059182e+00  -2.9640204203315079e+00   2.4161544069647789e-01   1.6947635635733604e+00  -5.5360043235123158e-01  -1.6789103802293539e+00  -2.2055823728442192e-01
  -2.8166202809661627e+00   3.0212991856969893e+00  -2.9638840667903423e+00   2.4206977710127831e-01   1.6951560359448195e+00  -5.5315122008323669e-01  -1.6785027328878641e+00  -2.2008689679205418e-01
  -2.8163902601227164e+00   3.0214326279237866e+00  -2.9637476485222578e+00   2.4252410978078842e-01   1.6955484729260206e+00  -5.5270199105143547e-01  -1.6780950501561165e+00  -2.1961555257439613e-01
  -2.8161601796746254e+00   3.0215660035610199e+00  -2.9636111734434962e+00   2.4297843873500824e-01   1.6959408782422543e+00  -5.5225275270640850e-01  -1.6776873227208853e+00  -2.1914420276880264e-01
  -2.8159300405532122e+00   3.0216993163339794e+00  -2.9634746341034770e+00   2.4343276396393776e-01   1.6963332481682301e+00  -5.5180349946022034e-01  -1.6772795580327511e+00  -2.1867284737527370e-01
  -2.8156998408958316e+00   3.0218325662426651e+00  -2.9633380300365388e+00   2.4388708174228668e-01   1.6967255827039480e+00  -5.5135423131287098e-01  -1.6768717542290688e+00  -2.1820148825645447e-01
  -2.8154695816338062e+00   3.0219657490961254e+00  -2.9632013691589236e+00   2.4434139952063560e-01   1.6971178855746984e+00  -5.5090495385229588e-01  -1.6764639075845480e+00  -2.1773012168705463e-01
  -2.8152392618358135e+00   3.0220988695509732e+00  -2.9630646440200508e+00   2.4479571357369423e-01   1.6975101511925459e+00  -5.5045565962791443e-01  -1.6760560236871243e+00  -2.1725875325500965e-01
  -2.8150088833644986e+00   3.0222319271415472e+00  -2.9629278541542590e+00   2.4525002390146255e-01   1.6979023814201355e+00  -5.5000635236501694e-01  -1.6756481025367975e+00  -2.1678737923502922e-01
  -2.8147784443572164e+00   3.0223649181425571e+00  -2.9627910074777901e+00   2.4570433050394058e-01   1.6982945818454027e+00  -5.4955703206360340e-01  -1.6752401385456324e+00  -2.1631599776446819e-01
  -2.8145479466766119e+00   3.0224978462792933e+00  -2.9626540956087410e+00   2.4615863338112831e-01   1.6986867431551218e+00  -5.4910769872367382e-01  -1.6748321354389191e+00  -2.1584461443126202e-01
  -2.8143173884600401e+00   3.0226307110860944e+00  -2.9625171213410795e+00   2.4661292880773544e-01   1.6990788709372282e+00  -5.4865835234522820e-01  -1.6744240932166576e+00  -2.1537322551012039e-01
  -2.8140867706388235e+00   3.0227635111659765e+00  -2.9623800856061280e+00   2.4706722423434258e-01   1.6994709651917219e+00  -5.4820899292826653e-01  -1.6740160118788481e+00  -2.1490183100104332e-01
  -2.8138560932129622e+00   3.0228962460532784e+00  -2.9622429902665317e+00   2.4752151221036911e-01   1.6998630259186029e+00  -5.4775962047278881e-01  -1.6736078895628452e+00  -2.1443043090403080e-01
  -2.8136253561824560e+00   3.0230289176106453e+00  -2.9621058315970004e+00   2.4797580018639565e-01   1.7002550531178713e+00  -5.4731023497879505e-01  -1.6731997281312943e+00  -2.1395902708172798e-01
  -2.8133945595473051e+00   3.0231615263037384e+00  -2.9619686086662114e+00   2.4843008071184158e-01   1.7006470430642366e+00  -5.4686083272099495e-01  -1.6727915294468403e+00  -2.1348761953413486e-01
  -2.8131637014448643e+00   3.0232940684072673e+00  -2.9618313279934227e+00   2.4888436123728752e-01   1.7010389994829893e+00  -5.4641142114996910e-01  -1.6723832879215479e+00  -2.1301620639860630e-01
  -2.8129327856004238e+00   3.0234265476465225e+00  -2.9616939835250378e+00   2.4933863431215286e-01   1.7014309223741293e+00  -5.4596199654042721e-01  -1.6719750091433525e+00  -2.1254478767514229e-01
  -2.8127018101513386e+00   3.0235589640215039e+00  -2.9615565743297338e+00   2.4979290366172791e-01   1.7018228080123663e+00  -5.4551255516707897e-01  -1.6715666912496090e+00  -2.1207336522638798e-01
  -2.8124707732349634e+00   3.0236913133412600e+00  -2.9614191083237529e+00   2.5024716928601265e-01   1.7022146601229906e+00  -5.4506310261785984e-01  -1.6711583323776722e+00  -2.1160193532705307e-01
  -2.8122396785765886e+00   3.0238236002624035e+00  -2.9612815775908530e+00   2.5070143491029739e-01   1.7026064787060022e+00  -5.4461363889276981e-01  -1.6707499325275421e+00  -2.1113050356507301e-01
  -2.8120085233822465e+00   3.0239558247849345e+00  -2.9611439825966954e+00   2.5115568935871124e-01   1.7029982618987560e+00  -5.4416415654122829e-01  -1.6703414991497993e+00  -2.1065906621515751e-01
  -2.8117773085832596e+00   3.0240879817865789e+00  -2.9610063307918608e+00   2.5160994753241539e-01   1.7033900115638971e+00  -5.4371466673910618e-01  -1.6699330192059278e+00  -2.1018762327730656e-01
  -2.8115460341796279e+00   3.0242200763896108e+00  -2.9608686147257686e+00   2.5206419453024864e-01   1.7037817258387804e+00  -5.4326516203582287e-01  -1.6695245020091534e+00  -2.0971617661416531e-01
  -2.8113147001713514e+00   3.0243521076627076e+00  -2.9607308339327574e+00   2.5251844152808189e-01   1.7041734065860510e+00  -5.4281564243137836e-01  -1.6691159494221210e+00  -2.0924472622573376e-01
  -2.8110833056271076e+00   3.0244840728119016e+00  -2.9605929963290691e+00   2.5297268480062485e-01   1.7045650538057089e+00  -5.4236611165106297e-01  -1.6687073521316051e+00  -2.0877326838672161e-01
  -2.8108518533408642e+00   3.0246159750968218e+00  -2.9604550944641232e+00   2.5342692434787750e-01   1.7049566637724638e+00  -5.4191656596958637e-01  -1.6682987175881863e+00  -2.0830180682241917e-01
  -2.8106203395873308e+00   3.0247478126548231e+00  -2.9603171302005649e+00   2.5388115644454956e-01   1.7053482402116060e+00  -5.4146700911223888e-01  -1.6678900439292192e+00  -2.0783034153282642e-01
  -2.8103887671604753e+00   3.0248795859515667e+00  -2.9601791054010391e+00   2.5433538854122162e-01   1.7057397831231356e+00  -5.4101743735373020e-01  -1.6674813292920589e+00  -2.0735886879265308e-01
  -2.8101571351289749e+00   3.0250112968496978e+00  -2.9600410149432719e+00   2.5478961318731308e-01   1.7061312869191170e+00  -5.4056785069406033e-01  -1.6670725792646408e+00  -2.0688739605247974e-01
  -2.8099254425615072e+00   3.0251429411582649e+00  -2.9599028681404889e+00   2.5524383410811424e-01   1.7065227609127760e+00  -5.4011825658380985e-01  -1.6666637845337391e+00  -2.0641591399908066e-01
  -2.8096936913207173e+00   3.0252745221368968e+00  -2.9597646561451256e+00   2.5569805130362511e-01   1.7069141995161772e+00  -5.3966864570975304e-01  -1.6662549525499344e+00  -2.0594443008303642e-01
  -2.8094618795439601e+00   3.0254060397855937e+00  -2.9596263826824725e+00   2.5615226477384567e-01   1.7073056008666754e+00  -5.3921902179718018e-01  -1.6658460833132267e+00  -2.0547294057905674e-01
  -2.8092300090938807e+00   3.0255374922417104e+00  -2.9594880482181907e+00   2.5660647451877594e-01   1.7076969705522060e+00  -5.3876938484609127e-01  -1.6654371712356806e+00  -2.0500144548714161e-01
  -2.8089980790391564e+00   3.0256688822992146e+00  -2.9593496485613286e+00   2.5706068053841591e-01   1.7080883029848337e+00  -5.3831973485648632e-01  -1.6650282237678766e+00  -2.0452994853258133e-01
  -2.8087660884484649e+00   3.0258002053014934e+00  -2.9592111925594509e+00   2.5751488283276558e-01   1.7084796037524939e+00  -5.3787007369101048e-01  -1.6646192334592342e+00  -2.0405844412744045e-01
  -2.8085340382531285e+00   3.0259314659051597e+00  -2.9590726713649929e+00   2.5796908140182495e-01   1.7088708672672510e+00  -5.3742039762437344e-01  -1.6642102040350437e+00  -2.0358693599700928e-01
  -2.8083019293844700e+00   3.0260626631788909e+00  -2.9589340868405998e+00   2.5842327252030373e-01   1.7092620972543955e+00  -5.3697070665657520e-01  -1.6638011373579502e+00  -2.0311542414128780e-01
  -2.8080697609111667e+00   3.0261937938630581e+00  -2.9587954445742071e+00   2.5887746177613735e-01   1.7096532937139273e+00  -5.3652100637555122e-01  -1.6633920297026634e+00  -2.0264390483498573e-01
  -2.8078375319018960e+00   3.0263248616829515e+00  -2.9586567380465567e+00   2.5933164730668068e-01   1.7100444529205561e+00  -5.3607129119336605e-01  -1.6629828847944736e+00  -2.0217238366603851e-01
  -2.8076052442193031e+00   3.0264558666385710e+00  -2.9585179672576487e+00   2.5978582724928856e-01   1.7104355785995722e+00  -5.3562156297266483e-01  -1.6625736989080906e+00  -2.0170085877180099e-01
  -2.8073728969320655e+00   3.0265868045389652e+00  -2.9583791396580637e+00   2.6024000346660614e-01   1.7108266707509756e+00  -5.3517182171344757e-01  -1.6621644720435143e+00  -2.0122932642698288e-01
  -2.8071404891088605e+00   3.0267176800407469e+00  -2.9582402477972209e+00   2.6069417595863342e-01   1.7112177256494761e+00  -5.3472206927835941e-01  -1.6617552079260349e+00  -2.0075779035687447e-01
  -2.8069080226123333e+00   3.0268484922125936e+00  -2.9581012916751206e+00   2.6114834286272526e-01   1.7116087470203638e+00  -5.3427230007946491e-01  -1.6613459065556526e+00  -2.0028625242412090e-01
  -2.8066754965111613e+00   3.0269792377948761e+00  -2.9579622787423432e+00   2.6160250604152679e-01   1.7119997348636389e+00  -5.3382251970469952e-01  -1.6609365604817867e+00  -1.9981470517814159e-01
  -2.8064429098740220e+00   3.0271099209785461e+00  -2.9578232006169856e+00   2.6205666735768318e-01   1.7123906891793013e+00  -5.3337272815406322e-01  -1.6605271808803082e+00  -1.9934315606951714e-01
  -2.8062102654948831e+00   3.0272405389696360e+00  -2.9576840614899993e+00   2.6251082122325897e-01   1.7127816062420607e+00  -5.3292292170226574e-01  -1.6601177603006363e+00  -1.9887160323560238e-01
  -2.8059775596484542e+00   3.0273710936307907e+00  -2.9575448599644005e+00   2.6296497136354446e-01   1.7131724879145622e+00  -5.3247310407459736e-01  -1.6597082987427711e+00  -1.9840004481375217e-01
  -2.8057447960600257e+00   3.0275015830993652e+00  -2.9574055969715118e+00   2.6341912150382996e-01   1.7135633360594511e+00  -5.3202327154576778e-01  -1.6592987999320030e+00  -1.9792848266661167e-01
  -2.8055119710043073e+00   3.0276320092380047e+00  -2.9572662729769945e+00   2.6387326419353485e-01   1.7139541488140821e+00  -5.3157342784106731e-01  -1.6588892601430416e+00  -1.9745691493153572e-01
  -2.8052790882065892e+00   3.0277623720467091e+00  -2.9571268837898970e+00   2.6432739943265915e-01   1.7143449261784554e+00  -5.3112356737256050e-01  -1.6584796831011772e+00  -1.9698534347116947e-01
  -2.8050461439415812e+00   3.0278926678001881e+00  -2.9569874377921224e+00   2.6478153467178345e-01   1.7147356700152159e+00  -5.3067369759082794e-01  -1.6580700650811195e+00  -1.9651376642286777e-01
  -2.8048131419345737e+00   3.0280229011550546e+00  -2.9568479275330901e+00   2.6523566432297230e-01   1.7151263803243637e+00  -5.3022381477057934e-01  -1.6576604060828686e+00  -1.9604218564927578e-01
  -2.8045800803229213e+00   3.0281530711799860e+00  -2.9567083530128002e+00   2.6568979024887085e-01   1.7155170533806086e+00  -5.2977391518652439e-01  -1.6572507135570049e+00  -1.9557060115039349e-01
  -2.8043469581753016e+00   3.0282831750810146e+00  -2.9565687216818333e+00   2.6614391058683395e-01   1.7159076947718859e+00  -5.2932400815188885e-01  -1.6568409763276577e+00  -1.9509901106357574e-01
  -2.8041137764230371e+00   3.0284132156521082e+00  -2.9564290251582861e+00   2.6659802719950676e-01   1.7162982989102602e+00  -5.2887408621609211e-01  -1.6564312018454075e+00  -1.9462741725146770e-01
  -2.8038805359974504e+00   3.0285431928932667e+00  -2.9562892653048038e+00   2.6705214008688927e-01   1.7166888657957315e+00  -5.2842414937913418e-01  -1.6560213901102543e+00  -1.9415581971406937e-01
  -2.8036472359672189e+00   3.0286731040105224e+00  -2.9561494486406446e+00   2.6750624924898148e-01   1.7170794028788805e+00  -5.2797420322895050e-01  -1.6556115373969078e+00  -1.9368421472609043e-01
  -2.8034138763323426e+00   3.0288029517978430e+00  -2.9560095677152276e+00   2.6796035096049309e-01   1.7174699027091265e+00  -5.2752424217760563e-01  -1.6552016474306583e+00  -1.9321260787546635e-01
  -2.8031804570928216e+00   3.0289327367208898e+00  -2.9558696220628917e+00   2.6841445267200470e-01   1.7178603652864695e+00  -5.2707426808774471e-01  -1.6547917164862156e+00  -1.9274099729955196e-01
  -2.8029469782486558e+00   3.0290624550543725e+00  -2.9557296195998788e+00   2.6886854693293571e-01   1.7182507980614901e+00  -5.2662428282201290e-01  -1.6543817445635796e+00  -1.9226938113570213e-01
  -2.8027134407311678e+00   3.0291921100579202e+00  -2.9555895524099469e+00   2.6932263746857643e-01   1.7186411917209625e+00  -5.2617428265511990e-01  -1.6539717353880405e+00  -1.9179776124656200e-01
  -2.8024798426777124e+00   3.0293217008002102e+00  -2.9554494242183864e+00   2.6977672427892685e-01   1.7190315518528223e+00  -5.2572427131235600e-01  -1.6535616889595985e+00  -1.9132613576948643e-01
  -2.8022461859509349e+00   3.0294512272812426e+00  -2.9553092340938747e+00   2.7023080550134182e-01   1.7194218765944242e+00  -5.2527424506843090e-01  -1.6531516015529633e+00  -1.9085450656712055e-01
  -2.8020124696195126e+00   3.0295806904323399e+00  -2.9551689820364118e+00   2.7068488299846649e-01   1.7198121678084135e+00  -5.2482420764863491e-01  -1.6527414768934250e+00  -1.9038287363946438e-01
  -2.8017786936834455e+00   3.0297100883908570e+00  -2.9550286685116589e+00   2.7113895490765572e-01   1.7202024254947901e+00  -5.2437415532767773e-01  -1.6523313112556934e+00  -1.8991123512387276e-01
  -2.8015448581427336e+00   3.0298394230194390e+00  -2.9548882907256484e+00   2.7159302309155464e-01   1.7205926422029734e+00  -5.2392409183084965e-01  -1.6519211083650589e+00  -1.8943959288299084e-01
  -2.8013109629973769e+00   3.0299686915241182e+00  -2.9547478561289608e+00   2.7204708941280842e-01   1.7209828309714794e+00  -5.2347401715815067e-01  -1.6515108626335859e+00  -1.8896794691681862e-01
  -2.8010770082473755e+00   3.0300978971645236e+00  -2.9546073568053544e+00   2.7250114828348160e-01   1.7213729824870825e+00  -5.2302392758429050e-01  -1.6511005796492100e+00  -1.8849629536271095e-01
  -2.8008429948240519e+00   3.0302270394749939e+00  -2.9544667932204902e+00   2.7295520529150963e-01   1.7217630948871374e+00  -5.2257382497191429e-01  -1.6506902612745762e+00  -1.8802464194595814e-01
  -2.8006089217960835e+00   3.0303561151959002e+00  -2.9543261728249490e+00   2.7340925484895706e-01   1.7221531774848700e+00  -5.2212371118366718e-01  -1.6502798981964588e+00  -1.8755298107862473e-01
  -2.8003747891634703e+00   3.0304851275868714e+00  -2.9541854890994728e+00   2.7386330068111420e-01   1.7225432246923447e+00  -5.2167358435690403e-01  -1.6498694997280836e+00  -1.8708131648600101e-01
  -2.8001405969262123e+00   3.0306140771135688e+00  -2.9540447401814163e+00   2.7431734278798103e-01   1.7229332346469164e+00  -5.2122344262897968e-01  -1.6494590640068054e+00  -1.8660965003073215e-01
  -2.7999063460156322e+00   3.0307429600507021e+00  -2.9539039344526827e+00   2.7477138116955757e-01   1.7233232129365206e+00  -5.2077329158782959e-01  -1.6490485835820436e+00  -1.8613797798752785e-01
  -2.7996720355004072e+00   3.0308717801235616e+00  -2.9537630649283528e+00   2.7522541582584381e-01   1.7237131539732218e+00  -5.2032312564551830e-01  -1.6486380659043789e+00  -1.8566630035638809e-01
  -2.7994376644492149e+00   3.0310005368664861e+00  -2.9536221311427653e+00   2.7567944303154945e-01   1.7241030577570200e+00  -5.1987294666469097e-01  -1.6482275128364563e+00  -1.8519462086260319e-01
  -2.7992032356560230e+00   3.0311292270198464e+00  -2.9534811400808394e+00   2.7613346651196480e-01   1.7244929298758507e+00  -5.1942275650799274e-01  -1.6478169187903404e+00  -1.8472293578088284e-01
  -2.7989687453955412e+00   3.0312578538432717e+00  -2.9533400852233171e+00   2.7658748626708984e-01   1.7248827666044235e+00  -5.1897255517542362e-01  -1.6474062837660313e+00  -1.8425124697387218e-01
  -2.7987341973930597e+00   3.0313864182680845e+00  -2.9531989661045372e+00   2.7704150229692459e-01   1.7252725660800934e+00  -5.1852233521640301e-01  -1.6469956152141094e+00  -1.8377955444157124e-01
  -2.7984995897859335e+00   3.0315149147063494e+00  -2.9530577901750803e+00   2.7749551273882389e-01   1.7256623338907957e+00  -5.1807210780680180e-01  -1.6465849019587040e+00  -1.8330785632133484e-01
  -2.7982649225741625e+00   3.0316433496773243e+00  -2.9529165495187044e+00   2.7794951945543289e-01   1.7260520644485950e+00  -5.1762186735868454e-01  -1.6461741514503956e+00  -1.8283615447580814e-01
  -2.7980301957577467e+00   3.0317717194557190e+00  -2.9527752473950386e+00   2.7840352058410645e-01   1.7264417614787817e+00  -5.1717161200940609e-01  -1.6457633618265390e+00  -1.8236444890499115e-01
  -2.7977954093366861e+00   3.0319000249728560e+00  -2.9526338838040829e+00   2.7885751798748970e-01   1.7268314231187105e+00  -5.1672134734690189e-01  -1.6453525349497795e+00  -1.8189273774623871e-01
  -2.7975605651736259e+00   3.0320282671600580e+00  -2.9524924568831921e+00   2.7931150794029236e-01   1.7272210475057364e+00  -5.1627106778323650e-01  -1.6449416689574718e+00  -1.8142102472484112e-01
  -2.7973256595432758e+00   3.0321564436890185e+00  -2.9523509703576565e+00   2.7976549789309502e-01   1.7276106383651495e+00  -5.1582077331840992e-01  -1.6445307619869709e+00  -1.8094930611550808e-01
  -2.7970906961709261e+00   3.0322845568880439e+00  -2.9522094205021858e+00   2.8021948039531708e-01   1.7280001938343048e+00  -5.1537046954035759e-01  -1.6441198177635670e+00  -1.8047758378088474e-01
  -2.7968556731939316e+00   3.0324126039631665e+00  -2.9520678119733930e+00   2.8067345917224884e-01   1.7283897157758474e+00  -5.1492015458643436e-01  -1.6437088325619698e+00  -1.8000585772097111e-01
  -2.7966205906122923e+00   3.0325405881740153e+00  -2.9519261396490037e+00   2.8112743049860001e-01   1.7287792023271322e+00  -5.1446982286870480e-01  -1.6432978101074696e+00  -1.7953412607312202e-01
  -2.7963854484260082e+00   3.0326685090549290e+00  -2.9517844030633569e+00   2.8158140182495117e-01   1.7291686497628689e+00  -5.1401947997510433e-01  -1.6428867504000664e+00  -1.7906239256262779e-01
  -2.7961502466350794e+00   3.0327963638119400e+00  -2.9516426101326942e+00   2.8203536570072174e-01   1.7295580673962831e+00  -5.1356912590563297e-01  -1.6424756497144699e+00  -1.7859065346419811e-01
  -2.7959149852395058e+00   3.0329241543076932e+00  -2.9515007524751127e+00   2.8248932585120201e-01   1.7299474477767944e+00  -5.1311876066029072e-01  -1.6420645117759705e+00  -1.7811891064047813e-01
  -2.7956796661019325e+00   3.0330518824048340e+00  -2.9513588305562735e+00   2.8294328041374683e-01   1.7303367909044027e+00  -5.1266837678849697e-01  -1.6416533347219229e+00  -1.7764716409146786e-01
  -2.7954442864283919e+00   3.0331795443780720e+00  -2.9512168522924185e+00   2.8339723125100136e-01   1.7307261023670435e+00  -5.1221798546612263e-01  -1.6412421166896820e+00  -1.7717541195452213e-01
  -2.7952088471502066e+00   3.0333071420900524e+00  -2.9510748097673059e+00   2.8385117650032043e-01   1.7311153784394264e+00  -5.1176758110523224e-01  -1.6408308614045382e+00  -1.7670365609228611e-01
  -2.7949733501300216e+00   3.0334346774034202e+00  -2.9509327029809356e+00   2.8430511802434921e-01   1.7315046153962612e+00  -5.1131716184318066e-01  -1.6404195688664913e+00  -1.7623189836740494e-01
  -2.7947377925738692e+00   3.0335621456615627e+00  -2.9507905393838882e+00   2.8475905582308769e-01   1.7318938225507736e+00  -5.1086673326790333e-01  -1.6400082334876060e+00  -1.7576013505458832e-01
  -2.7945021754130721e+00   3.0336895515210927e+00  -2.9506483110599220e+00   2.8521298617124557e-01   1.7322829924523830e+00  -5.1041628979146481e-01  -1.6395968627184629e+00  -1.7528836801648140e-01
  -2.7942664995789528e+00   3.0338168921880424e+00  -2.9505060217343271e+00   2.8566691465675831e-01   1.7326721269637346e+00  -5.0996583513915539e-01  -1.6391854528337717e+00  -1.7481659539043903e-01
  -2.7940307650715113e+00   3.0339441690593958e+00  -2.9503636709414423e+00   2.8612083755433559e-01   1.7330612260848284e+00  -5.0951536744832993e-01  -1.6387740019708872e+00  -1.7434482090175152e-01
  -2.7937949700281024e+00   3.0340713812038302e+00  -2.9502212577499449e+00   2.8657475486397743e-01   1.7334502898156643e+00  -5.0906488858163357e-01  -1.6383625157177448e+00  -1.7387304268777370e-01
  -2.7935591163113713e+00   3.0341985290870070e+00  -2.9500787840224802e+00   2.8702866844832897e-01   1.7338393181562424e+00  -5.0861439481377602e-01  -1.6379509884864092e+00  -1.7340125888586044e-01
  -2.7933232039213181e+00   3.0343256136402488e+00  -2.9499362451024354e+00   2.8748257458209991e-01   1.7342283111065626e+00  -5.0816388987004757e-01  -1.6375394240021706e+00  -1.7292947322130203e-01
  -2.7930872319266200e+00   3.0344526320695877e+00  -2.9497936493717134e+00   2.8793647885322571e-01   1.7346172705292702e+00  -5.0771337188780308e-01  -1.6371278185397387e+00  -1.7245768010616302e-01
  -2.7928511993959546e+00   3.0345795867033303e+00  -2.9496509903110564e+00   2.8839037939906120e-01   1.7350061945617199e+00  -5.0726284272968769e-01  -1.6367161758244038e+00  -1.7198588512837887e-01
  -2.7926151091232896e+00   3.0347064789384604e+00  -2.9495082665234804e+00   2.8884427249431610e-01   1.7353950794786215e+00  -5.0681229867041111e-01  -1.6363044958561659e+00  -1.7151408828794956e-01
  -2.7923789592459798e+00   3.0348333036527038e+00  -2.9493654859252274e+00   2.8929816186428070e-01   1.7357839345932007e+00  -5.0636174343526363e-01  -1.6358927730470896e+00  -1.7104228399693966e-01
  -2.7921427497640252e+00   3.0349600659683347e+00  -2.9492226415313780e+00   2.8975204750895500e-01   1.7361727505922318e+00  -5.0591117702424526e-01  -1.6354810148477554e+00  -1.7057047598063946e-01
  -2.7919064806774259e+00   3.0350867640227079e+00  -2.9490797328762710e+00   2.9020592570304871e-01   1.7365615330636501e+00  -5.0546059571206570e-01  -1.6350692175328732e+00  -1.7009866796433926e-01
  -2.7916701538488269e+00   3.0352133959531784e+00  -2.9489367674104869e+00   2.9065980017185211e-01   1.7369502820074558e+00  -5.0501000694930553e-01  -1.6346573792397976e+00  -1.6962685249745846e-01
  -2.7914337655529380e+00   3.0353399654850364e+00  -2.9487937376834452e+00   2.9111367091536522e-01   1.7373389936983585e+00  -5.0455939956009388e-01  -1.6342455055564642e+00  -1.6915503330528736e-01
  -2.7911973195150495e+00   3.0354664707556367e+00  -2.9486506441608071e+00   2.9156753607094288e-01   1.7377276681363583e+00  -5.0410878472030163e-01  -1.6338335927575827e+00  -1.6868321225047112e-01
  -2.7909608138725162e+00   3.0355929099023342e+00  -2.9485074938274920e+00   2.9202139750123024e-01   1.7381163090467453e+00  -5.0365815497934818e-01  -1.6334216389805079e+00  -1.6821138374507427e-01
  -2.7907242504879832e+00   3.0357192857190967e+00  -2.9483642792329192e+00   2.9247525334358215e-01   1.7385049164295197e+00  -5.0320751406252384e-01  -1.6330096479505301e+00  -1.6773955337703228e-01
  -2.7904876256361604e+00   3.0358455982059240e+00  -2.9482210008427501e+00   2.9292910173535347e-01   1.7388934846967459e+00  -5.0275685824453831e-01  -1.6325976196676493e+00  -1.6726772114634514e-01
  -2.7902509430423379e+00   3.0359718441031873e+00  -2.9480776656419039e+00   2.9338295012712479e-01   1.7392820212990046e+00  -5.0230619497597218e-01  -1.6321855504065752e+00  -1.6679588146507740e-01
  -2.7900142008438706e+00   3.0360980271361768e+00  -2.9479342652484775e+00   2.9383679106831551e-01   1.7396705206483603e+00  -5.0185551308095455e-01  -1.6317734438925982e+00  -1.6632403992116451e-01
  -2.7897773990407586e+00   3.0362241449765861e+00  -2.9477908043190837e+00   2.9429062642157078e-01   1.7400589846074581e+00  -5.0140482373535633e-01  -1.6313612982630730e+00  -1.6585219465196133e-01
  -2.7895405385643244e+00   3.0363501990213990e+00  -2.9476472819224000e+00   2.9474445804953575e-01   1.7404474150389433e+00  -5.0095411948859692e-01  -1.6309491135179996e+00  -1.6538034565746784e-01
  -2.7893036184832454e+00   3.0364761888049543e+00  -2.9475036971271038e+00   2.9519828408956528e-01   1.7408358082175255e+00  -5.0050340406596661e-01  -1.6305368915200233e+00  -1.6490849293768406e-01
  -2.7890666397288442e+00   3.0366021138615906e+00  -2.9473600517958403e+00   2.9565210640430450e-01   1.7412241678684950e+00  -5.0005267746746540e-01  -1.6301246304064989e+00  -1.6443663649260998e-01
  -2.7888296013697982e+00   3.0367279755882919e+00  -2.9472163422033191e+00   2.9610592126846313e-01   1.7416124902665615e+00  -4.9960193596780300e-01  -1.6297123320400715e+00  -1.6396477632224560e-01
  -2.7885925043374300e+00   3.0368537711910903e+00  -2.9470725748687983e+00   2.9655973240733147e-01   1.7420007791370153e+00  -4.9915118329226971e-01  -1.6292999926954508e+00  -1.6349291242659092e-01
  -2.7883553477004170e+00   3.0369795025326312e+00  -2.9469287442043424e+00   2.9701353982090950e-01   1.7423890307545662e+00  -4.9870041944086552e-01  -1.6288876142352819e+00  -1.6302104294300079e-01
  -2.7881181323900819e+00   3.0371051714755595e+00  -2.9467848497442901e+00   2.9746734164655209e-01   1.7427772469818592e+00  -4.9824964068830013e-01  -1.6284752022475004e+00  -1.6254917345941067e-01
  -2.7878808574751019e+00   3.0372307733632624e+00  -2.9466408980078995e+00   2.9792113974690437e-01   1.7431654296815395e+00  -4.9779885448515415e-01  -1.6280627455562353e+00  -1.6207729466259480e-01
  -2.7876435229554772e+00   3.0373563128523529e+00  -2.9464968820102513e+00   2.9837493039667606e-01   1.7435535751283169e+00  -4.9734805338084698e-01  -1.6276502534747124e+00  -1.6160541586577892e-01
  -2.7874061297625303e+00   3.0374817880801857e+00  -2.9463528026826680e+00   2.9882871732115746e-01   1.7439416851848364e+00  -4.9689723737537861e-01  -1.6272377241402864e+00  -1.6113353334367275e-01
  -2.7871686778962612e+00   3.0376071971841156e+00  -2.9462086656130850e+00   2.9928249865770340e-01   1.7443297617137432e+00  -4.9644641391932964e-01  -1.6268251538276672e+00  -1.6066164709627628e-01
  -2.7869311664253473e+00   3.0377325424924493e+00  -2.9460644652135670e+00   2.9973627626895905e-01   1.7447178028523922e+00  -4.9599557556211948e-01  -1.6264125462621450e+00  -1.6018975712358952e-01
  -2.7866935962811112e+00   3.0378578249365091e+00  -2.9459202005527914e+00   3.0019004642963409e-01   1.7451058067381382e+00  -4.9554472230374813e-01  -1.6259999014437199e+00  -1.5971786342561245e-01
  -2.7864559665322304e+00   3.0379830407910049e+00  -2.9457758800126612e+00   3.0064381472766399e-01   1.7454937770962715e+00  -4.9509386159479618e-01  -1.6255872156471014e+00  -1.5924596413969994e-01
  -2.7862182771787047e+00   3.0381081933155656e+00  -2.9456314938142896e+00   3.0109757557511330e-01   1.7458817102015018e+00  -4.9464298598468304e-01  -1.6251744907349348e+00  -1.5877406299114227e-01
  -2.7859805300831795e+00   3.0382332811132073e+00  -2.9454870470799506e+00   3.0155133455991745e-01   1.7462696079164743e+00  -4.9419209919869900e-01  -1.6247617285698652e+00  -1.5830215625464916e-01
  -2.7857427224516869e+00   3.0383583046495914e+00  -2.9453425384126604e+00   3.0200508609414101e-01   1.7466574721038342e+00  -4.9374120123684406e-01  -1.6243489291518927e+00  -1.5783024765551090e-01
  -2.7855048570781946e+00   3.0384832639247179e+00  -2.9451979682780802e+00   3.0245883204042912e-01   1.7470452971756458e+00  -4.9329028837382793e-01  -1.6239360924810171e+00  -1.5735833533108234e-01
  -2.7852669311687350e+00   3.0386081589385867e+00  -2.9450533376075327e+00   3.0291257426142693e-01   1.7474330887198448e+00  -4.9283936806023121e-01  -1.6235232148319483e+00  -1.5688641928136349e-01
  -2.7850289475172758e+00   3.0387329906225204e+00  -2.9449086417444050e+00   3.0336631089448929e-01   1.7478208448737860e+00  -4.9238842912018299e-01  -1.6231102999299765e+00  -1.5641450136899948e-01
  -2.7847909033298492e+00   3.0388577552512288e+00  -2.9447638890706003e+00   3.0382004193961620e-01   1.7482085675001144e+00  -4.9193748272955418e-01  -1.6226973440498114e+00  -1.5594257600605488e-01
  -2.7845528014004230e+00   3.0389824565500021e+00  -2.9446190730668604e+00   3.0427376925945282e-01   1.7485962510108948e+00  -4.9148652516305447e-01  -1.6222843527793884e+00  -1.5547065064311028e-01
  -2.7843146398663521e+00   3.0391070945188403e+00  -2.9444741928018630e+00   3.0472748912870884e-01   1.7489839009940624e+00  -4.9103555269539356e-01  -1.6218713242560625e+00  -1.5499872155487537e-01
  -2.7840764187276363e+00   3.0392316663637757e+00  -2.9443292552605271e+00   3.0518120527267456e-01   1.7493715174496174e+00  -4.9058456905186176e-01  -1.6214582528918982e+00  -1.5452678501605988e-01
  -2.7838381398469210e+00   3.0393561744131148e+00  -2.9441842543892562e+00   3.0563491582870483e-01   1.7497590966522694e+00  -4.9013357423245907e-01  -1.6210451442748308e+00  -1.5405484847724438e-01
  -2.7835998013615608e+00   3.0394806195981801e+00  -2.9440391892567277e+00   3.0608862265944481e-01   1.7501466386020184e+00  -4.8968256451189518e-01  -1.6206320021301508e+00  -1.5358290821313858e-01
  -2.7833614032715559e+00   3.0396049977280200e+00  -2.9438940677791834e+00   3.0654232390224934e-01   1.7505341470241547e+00  -4.8923154361546040e-01  -1.6202188152819872e+00  -1.5311096236109734e-01
  -2.7831229455769062e+00   3.0397293125279248e+00  -2.9437488820403814e+00   3.0699601955711842e-01   1.7509216181933880e+00  -4.8878051154315472e-01  -1.6198055949062109e+00  -1.5263901464641094e-01
  -2.7828844301402569e+00   3.0398535639978945e+00  -2.9436036320403218e+00   3.0744970962405205e-01   1.7513090521097183e+00  -4.8832946643233299e-01  -1.6193923335522413e+00  -1.5216706320643425e-01
  -2.7826458550989628e+00   3.0399777493439615e+00  -2.9434583252295852e+00   3.0790339596569538e-01   1.7516964562237263e+00  -4.8787841014564037e-01  -1.6189790349453688e+00  -1.5169510804116726e-01
  -2.7824072204530239e+00   3.0401018704287708e+00  -2.9433129550889134e+00   3.0835707485675812e-01   1.7520838230848312e+00  -4.8742734454572201e-01  -1.6185656953603029e+00  -1.5122314728796482e-01
  -2.7821685280650854e+00   3.0402259291149676e+00  -2.9431675206869841e+00   3.0881075188517570e-01   1.7524711489677429e+00  -4.8697626031935215e-01  -1.6181523222476244e+00  -1.5075118653476238e-01
  -2.7819297760725021e+00   3.0403499207459390e+00  -2.9430220299400389e+00   3.0926442146301270e-01   1.7528584450483322e+00  -4.8652516864240170e-01  -1.6177389081567526e+00  -1.5027922019362450e-01
  -2.7816909644752741e+00   3.0404738490469754e+00  -2.9428764740005136e+00   3.0971808545291424e-01   1.7532457038760185e+00  -4.8607406578958035e-01  -1.6173254568129778e+00  -1.4980725012719631e-01
  -2.7814520951360464e+00   3.0405977130867541e+00  -2.9427308579906821e+00   3.1017174571752548e-01   1.7536329254508018e+00  -4.8562294803559780e-01  -1.6169119644910097e+00  -1.4933527819812298e-01
  -2.7812131661921740e+00   3.0407215119339526e+00  -2.9425851795822382e+00   3.1062540039420128e-01   1.7540201134979725e+00  -4.8517181910574436e-01  -1.6164984349161386e+00  -1.4886330254375935e-01
  -2.7809741776436567e+00   3.0408452469855547e+00  -2.9424394397065043e+00   3.1107904762029648e-01   1.7544072642922401e+00  -4.8472067900002003e-01  -1.6160848680883646e+00  -1.4839132316410542e-01
  -2.7807351313531399e+00   3.0409689168445766e+00  -2.9422936397604644e+00   3.1153269298374653e-01   1.7547943815588951e+00  -4.8426952771842480e-01  -1.6156712640076876e+00  -1.4791934005916119e-01
  -2.7804960254579782e+00   3.0410925247706473e+00  -2.9421477727591991e+00   3.1198633089661598e-01   1.7551814615726471e+00  -4.8381836153566837e-01  -1.6152576226741076e+00  -1.4744735509157181e-01
  -2.7802568599581718e+00   3.0412160651758313e+00  -2.9420018508099020e+00   3.1243996322154999e-01   1.7555685080587864e+00  -4.8336718790233135e-01  -1.6148439403623343e+00  -1.4697536267340183e-01
  -2.7800176357850432e+00   3.0413395413197577e+00  -2.9418558669276536e+00   3.1289359182119370e-01   1.7559555172920227e+00  -4.8291599936783314e-01  -1.6144302189350128e+00  -1.4650336839258671e-01
  -2.7797783529385924e+00   3.0414629550650716e+00  -2.9417098169215024e+00   3.1334721669554710e-01   1.7563424892723560e+00  -4.8246479779481888e-01  -1.6140164639800787e+00  -1.4603137411177158e-01
  -2.7795390104874969e+00   3.0415863022208214e+00  -2.9415637110359967e+00   3.1380083411931992e-01   1.7567294277250767e+00  -4.8201358690857887e-01  -1.6136026661843061e+00  -1.4555937238037586e-01
  -2.7792996102944016e+00   3.0417095855809748e+00  -2.9414175408892334e+00   3.1425444595515728e-01   1.7571163289248943e+00  -4.8156236298382282e-01  -1.6131888311356306e+00  -1.4508737064898014e-01
  -2.7790601504966617e+00   3.0418328056111932e+00  -2.9412713064812124e+00   3.1470805220305920e-01   1.7575031965970993e+00  -4.8111112602055073e-01  -1.6127749588340521e+00  -1.4461536519229412e-01
  -2.7788206310942769e+00   3.0419559590518475e+00  -2.9411250152625144e+00   3.1516165472567081e-01   1.7578900270164013e+00  -4.8065987788140774e-01  -1.6123610455542803e+00  -1.4414335228502750e-01
  -2.7785810530185699e+00   3.0420790491625667e+00  -2.9409786607138813e+00   3.1561525166034698e-01   1.7582768239080906e+00  -4.8020861856639385e-01  -1.6119470987468958e+00  -1.4367133937776089e-01
  -2.7783414172008634e+00   3.0422020759433508e+00  -2.9408322423696518e+00   3.1606884114444256e-01   1.7586635798215866e+00  -4.7975734807550907e-01  -1.6115331128239632e+00  -1.4319932274520397e-01
  -2.7781017208471894e+00   3.0423250366002321e+00  -2.9406857672147453e+00   3.1652242690324783e-01   1.7590503059327602e+00  -4.7930606454610825e-01  -1.6111190859228373e+00  -1.4272730238735676e-01
  -2.7778619667515159e+00   3.0424479329958558e+00  -2.9405392273329198e+00   3.1697600707411766e-01   1.7594369929283857e+00  -4.7885476984083652e-01  -1.6107050236314535e+00  -1.4225527830421925e-01
  -2.7776221530511975e+00   3.0425707651302218e+00  -2.9403926264494658e+00   3.1742958351969719e-01   1.7598236463963985e+00  -4.7840346209704876e-01  -1.6102909203618765e+00  -1.4178325235843658e-01
  -2.7773822797462344e+00   3.0426935330033302e+00  -2.9402459645643830e+00   3.1788315251469612e-01   1.7602102607488632e+00  -4.7795214317739010e-01  -1.6098767817020416e+00  -1.4131122268736362e-01
  -2.7771423486992717e+00   3.0428162366151810e+00  -2.9400992402806878e+00   3.1833671778440475e-01   1.7605968415737152e+00  -4.7750081308186054e-01  -1.6094626057893038e+00  -1.4083918929100037e-01
  -2.7769023580476642e+00   3.0429388745687902e+00  -2.9399524559266865e+00   3.1879027560353279e-01   1.7609833870083094e+00  -4.7704946994781494e-01  -1.6090483870357275e+00  -1.4036715216934681e-01
  -2.7766623096540570e+00   3.0430614501237869e+00  -2.9398056068457663e+00   3.1924382969737053e-01   1.7613698951900005e+00  -4.7659811377525330e-01  -1.6086341347545385e+00  -1.3989511318504810e-01
  -2.7764222016558051e+00   3.0431839586235583e+00  -2.9396587014198303e+00   3.1969737820327282e-01   1.7617563679814339e+00  -4.7614674828946590e-01  -1.6082198414951563e+00  -1.3942307047545910e-01
  -2.7761820340529084e+00   3.0433064037933946e+00  -2.9395117312669754e+00   3.2015091925859451e-01   1.7621428072452545e+00  -4.7569536976516247e-01  -1.6078055109828711e+00  -1.3895102404057980e-01
  -2.7759418087080121e+00   3.0434287856332958e+00  -2.9393646982498467e+00   3.2060445845127106e-01   1.7625292055308819e+00  -4.7524398006498814e-01  -1.6073911469429731e+00  -1.3847897388041019e-01
  -2.7757015237584710e+00   3.0435511004179716e+00  -2.9392176084220409e+00   3.2105799019336700e-01   1.7629155740141869e+00  -4.7479257918894291e-01  -1.6069767381995916e+00  -1.3800691999495029e-01
  -2.7754611792042851e+00   3.0436733518727124e+00  -2.9390704538673162e+00   3.2151151634752750e-01   1.7633019052445889e+00  -4.7434116713702679e-01  -1.6065622940659523e+00  -1.3753486610949039e-01
  -2.7752207769080997e+00   3.0437955404631793e+00  -2.9389232359826565e+00   3.2196503691375256e-01   1.7636881954967976e+00  -4.7388974018394947e-01  -1.6061478126794100e+00  -1.3706280663609505e-01
  -2.7749803150072694e+00   3.0439176619984210e+00  -2.9387759617529809e+00   3.2241855189204216e-01   1.7640744559466839e+00  -4.7343830391764641e-01  -1.6057332921773195e+00  -1.3659074343740940e-01
  -2.7747397953644395e+00   3.0440397202037275e+00  -2.9386286232620478e+00   3.2287206314504147e-01   1.7644606791436672e+00  -4.7298685647547245e-01  -1.6053187344223261e+00  -1.3611867837607861e-01
  -2.7744992161169648e+00   3.0441617150790989e+00  -2.9384812214411795e+00   3.2332556694746017e-01   1.7648468650877476e+00  -4.7253539226949215e-01  -1.6049041394144297e+00  -1.3564660958945751e-01
  -2.7742585772648454e+00   3.0442836428992450e+00  -2.9383337628096342e+00   3.2377906702458858e-01   1.7652330175042152e+00  -4.7208392433822155e-01  -1.6044895034283400e+00  -1.3517453707754612e-01
  -2.7740178806707263e+00   3.0444055073894560e+00  -2.9381862394511700e+00   3.2423255965113640e-01   1.7656191308051348e+00  -4.7163243778049946e-01  -1.6040748301893473e+00  -1.3470246270298958e-01
  -2.7737771244719625e+00   3.0445273071527481e+00  -2.9380386555567384e+00   3.2468604855239391e-01   1.7660052105784416e+00  -4.7118094377219677e-01  -1.6036601215600967e+00  -1.3423038460314274e-01
  -2.7735363105311990e+00   3.0446490426547825e+00  -2.9378910097293556e+00   3.2513953186571598e-01   1.7663912530988455e+00  -4.7072943486273289e-01  -1.6032453719526529e+00  -1.3375830277800560e-01
  -2.7732954369857907e+00   3.0447707134298980e+00  -2.9377433029003441e+00   3.2559300959110260e-01   1.7667772602289915e+00  -4.7027791850268841e-01  -1.6028305869549513e+00  -1.3328621722757816e-01
  -2.7730545047670603e+00   3.0448923199437559e+00  -2.9375955350697041e+00   3.2604647986590862e-01   1.7671632319688797e+00  -4.6982638724148273e-01  -1.6024157628417015e+00  -1.3281412981450558e-01
  -2.7728135138750076e+00   3.0450138626620173e+00  -2.9374477029778063e+00   3.2649994641542435e-01   1.7675491664558649e+00  -4.6937484480440617e-01  -1.6020009033381939e+00  -1.3234204240143299e-01
  -2.7725724643096328e+00   3.0451353387907147e+00  -2.9372998136095703e+00   3.2695340737700462e-01   1.7679350674152374e+00  -4.6892329119145870e-01  -1.6015860009938478e+00  -1.3186994753777981e-01
  -2.7723313551396132e+00   3.0452567515894771e+00  -2.9371518609113991e+00   3.2740686088800430e-01   1.7683209311217070e+00  -4.6847172640264034e-01  -1.6011710632592440e+00  -1.3139784894883633e-01
  -2.7720901872962713e+00   3.0453781010583043e+00  -2.9370038448832929e+00   3.2786031067371368e-01   1.7687067575752735e+00  -4.6802014671266079e-01  -1.6007560901343822e+00  -1.3092575035989285e-01
  -2.7718489607796073e+00   3.0454993834719062e+00  -2.9368557711131871e+00   3.2831375487148762e-01   1.7690925505012274e+00  -4.6756855957210064e-01  -1.6003410741686821e+00  -1.3045364804565907e-01
  -2.7716076765209436e+00   3.0456206025555730e+00  -2.9367076349444687e+00   3.2876719348132610e-01   1.7694783061742783e+00  -4.6711695753037930e-01  -1.5999260228127241e+00  -1.2998154200613499e-01
  -2.7713663317263126e+00   3.0457417583093047e+00  -2.9365594340488315e+00   3.2922062650322914e-01   1.7698640245944262e+00  -4.6666534431278706e-01  -1.5995109360665083e+00  -1.2950943224132061e-01
  -2.7711249291896820e+00   3.0458628470078111e+00  -2.9364111763425171e+00   3.2967405393719673e-01   1.7702497094869614e+00  -4.6621372364461422e-01  -1.5990958064794540e+00  -1.2903731875121593e-01
  -2.7708834679797292e+00   3.0459838723763824e+00  -2.9362628553062677e+00   3.3012747392058372e-01   1.7706353589892387e+00  -4.6576208807528019e-01  -1.5986806415021420e+00  -1.2856520526111126e-01
  -2.7706419471651316e+00   3.0461048344150186e+00  -2.9361144704744220e+00   3.3058089017868042e-01   1.7710209693759680e+00  -4.6531043946743011e-01  -1.5982654392719269e+00  -1.2809308804571629e-01
  -2.7704003686085343e+00   3.0462257298640907e+00  -2.9359660288318992e+00   3.3103430084884167e-01   1.7714065462350845e+00  -4.6485878340899944e-01  -1.5978501979261637e+00  -1.2762096710503101e-01
  -2.7701587304472923e+00   3.0463465615175664e+00  -2.9358175238594413e+00   3.3148770593106747e-01   1.7717920858412981e+00  -4.6440711431205273e-01  -1.5974349193274975e+00  -1.2714884243905544e-01
  -2.7699170336127281e+00   3.0464673298411071e+00  -2.9356689546257257e+00   3.3194110356271267e-01   1.7721775881946087e+00  -4.6395543031394482e-01  -1.5970196053385735e+00  -1.2667671591043472e-01
  -2.7696752790361643e+00   3.0465880315750837e+00  -2.9355203290469944e+00   3.3239449746906757e-01   1.7725630588829517e+00  -4.6350373886525631e-01  -1.5966042485088110e+00  -1.2620458565652370e-01
  -2.7694334648549557e+00   3.0467086695134640e+00  -2.9353716387413442e+00   3.3284788578748703e-01   1.7729484904557467e+00  -4.6305203251540661e-01  -1.5961888562887907e+00  -1.2573245167732239e-01
  -2.7691915910691023e+00   3.0468292431905866e+00  -2.9352228883653879e+00   3.3330126851797104e-01   1.7733338847756386e+00  -4.6260031871497631e-01  -1.5957734268158674e+00  -1.2526031583547592e-01
  -2.7689496595412493e+00   3.0469497521407902e+00  -2.9350740760564804e+00   3.3375464379787445e-01   1.7737192455679178e+00  -4.6214859001338482e-01  -1.5953579600900412e+00  -1.2478817813098431e-01
  -2.7687076702713966e+00   3.0470701963640749e+00  -2.9349252022802830e+00   3.3420801535248756e-01   1.7741045691072941e+00  -4.6169685013592243e-01  -1.5949424542486668e+00  -1.2431603483855724e-01
  -2.7684656213968992e+00   3.0471905758604407e+00  -2.9347762679681182e+00   3.3466137945652008e-01   1.7744898572564125e+00  -4.6124509908258915e-01  -1.5945269111543894e+00  -1.2384389154613018e-01
  -2.7682235129177570e+00   3.0473108920268714e+00  -2.9346272693946958e+00   3.3511473797261715e-01   1.7748751062899828e+00  -4.6079333685338497e-01  -1.5941113308072090e+00  -1.2337174452841282e-01
  -2.7679813466966152e+00   3.0474311416037381e+00  -2.9344782140105963e+00   3.3556809276342392e-01   1.7752603236585855e+00  -4.6034156344830990e-01  -1.5936957113444805e+00  -1.2289959378540516e-01
  -2.7677391208708286e+00   3.0475513278506696e+00  -2.9343290943652391e+00   3.3602144010365009e-01   1.7756455037742853e+00  -4.5988977886736393e-01  -1.5932800546288490e+00  -1.2242743931710720e-01
  -2.7674968373030424e+00   3.0476714498363435e+00  -2.9341799118556082e+00   3.3647477999329567e-01   1.7760306466370821e+00  -4.5943798124790192e-01  -1.5928643625229597e+00  -1.2195528484880924e-01
  -2.7672544941306114e+00   3.0477915056981146e+00  -2.9340306725353003e+00   3.3692811802029610e-01   1.7764157541096210e+00  -4.5898617617785931e-01  -1.5924486294388771e+00  -1.2148312292993069e-01
  -2.7670120932161808e+00   3.0479114982299507e+00  -2.9338813689537346e+00   3.3738144859671593e-01   1.7768008261919022e+00  -4.5853435620665550e-01  -1.5920328591018915e+00  -1.2101096101105213e-01
  -2.7667696326971054e+00   3.0480314265005291e+00  -2.9337320025078952e+00   3.3783477172255516e-01   1.7771858591586351e+00  -4.5808252319693565e-01  -1.5916170552372932e+00  -1.2053879909217358e-01
  -2.7665271144360304e+00   3.0481512886472046e+00  -2.9335825787857175e+00   3.3828809112310410e-01   1.7775708604604006e+00  -4.5763068273663521e-01  -1.5912012085318565e+00  -1.2006662972271442e-01
  -2.7662845365703106e+00   3.0482710869982839e+00  -2.9334330917336047e+00   3.3874140493571758e-01   1.7779558226466179e+00  -4.5717882923781872e-01  -1.5907853245735168e+00  -1.1959446035325527e-01
  -2.7660419009625912e+00   3.0483908220194280e+00  -2.9332835408858955e+00   3.3919471129775047e-01   1.7783407475799322e+00  -4.5672696270048618e-01  -1.5903694070875645e+00  -1.1912228725850582e-01
  -2.7657992057502270e+00   3.0485104899853468e+00  -2.9331339332275093e+00   3.3964801393449306e-01   1.7787256408482790e+00  -4.5627508684992790e-01  -1.5899534467607737e+00  -1.1865011043846607e-01
  -2.7655564527958632e+00   3.0486300950869918e+00  -2.9329842613078654e+00   3.4010130912065506e-01   1.7791104931384325e+00  -4.5582319982349873e-01  -1.5895374529063702e+00  -1.1817793175578117e-01
  -2.7653136402368546e+00   3.0487496349960566e+00  -2.9328345288522542e+00   3.4055459871888161e-01   1.7794953119009733e+00  -4.5537129975855350e-01  -1.5891214180737734e+00  -1.1770574934780598e-01
  -2.7650707699358463e+00   3.0488691101782024e+00  -2.9326847349293530e+00   3.4100788459181786e-01   1.7798800952732563e+00  -4.5491938851773739e-01  -1.5887053478509188e+00  -1.1723356507718563e-01
  -2.7648278400301933e+00   3.0489885210990906e+00  -2.9325348795391619e+00   3.4146116301417351e-01   1.7802648413926363e+00  -4.5446746610105038e-01  -1.5882892385125160e+00  -1.1676137708127499e-01
  -2.7645848523825407e+00   3.0491078672930598e+00  -2.9323849636130035e+00   3.4191443398594856e-01   1.7806495521217585e+00  -4.5401553437113762e-01  -1.5878730937838554e+00  -1.1628918908536434e-01
  -2.7643418060615659e+00   3.0492271492257714e+00  -2.9322349834255874e+00   3.4236770123243332e-01   1.7810342218726873e+00  -4.5356358774006367e-01  -1.5874569118022919e+00  -1.1581699736416340e-01
  -2.7640987001359463e+00   3.0493463650345802e+00  -2.9320849464274943e+00   3.4282096102833748e-01   1.7814188618212938e+00  -4.5311163365840912e-01  -1.5870406888425350e+00  -1.1534480005502701e-01
  -2.7638555364683270e+00   3.0494655175134540e+00  -2.9319348460994661e+00   3.4327421709895134e-01   1.7818034626543522e+00  -4.5265966653823853e-01  -1.5866244286298752e+00  -1.1487260274589062e-01
  -2.7636123141273856e+00   3.0495846066623926e+00  -2.9317846824415028e+00   3.4372746571898460e-01   1.7821880262345076e+00  -4.5220768637955189e-01  -1.5862081348896027e+00  -1.1440040171146393e-01
  -2.7633690321817994e+00   3.0497036278247833e+00  -2.9316344619728625e+00   3.4418070875108242e-01   1.7825725581496954e+00  -4.5175569690763950e-01  -1.5857918001711369e+00  -1.1392819695174694e-01
  -2.7631256924942136e+00   3.0498225875198841e+00  -2.9314841753803194e+00   3.4463394433259964e-01   1.7829570490866899e+00  -4.5130369625985622e-01  -1.5853754281997681e+00  -1.1345599032938480e-01
  -2.7628822950646281e+00   3.0499414824880660e+00  -2.9313338277861476e+00   3.4508717618882656e-01   1.7833415027707815e+00  -4.5085168071091175e-01  -1.5849590227007866e+00  -1.1298378370702267e-01
  -2.7626388370990753e+00   3.0500603094696999e+00  -2.9311834247782826e+00   3.4554040245711803e-01   1.7837259266525507e+00  -4.5039966143667698e-01  -1.5845425724983215e+00  -1.1251156963407993e-01
  -2.7623953213915229e+00   3.0501790740527213e+00  -2.9310329561121762e+00   3.4599362127482891e-01   1.7841103095561266e+00  -4.4994762539863586e-01  -1.5841260887682438e+00  -1.1203935556113720e-01
  -2.7621517470106483e+00   3.0502977753058076e+00  -2.9308824241161346e+00   3.4644683450460434e-01   1.7844946552067995e+00  -4.4949557818472385e-01  -1.5837095677852631e+00  -1.1156714148819447e-01
  -2.7619081148877740e+00   3.0504164095036685e+00  -2.9307318357750773e+00   3.4690004214644432e-01   1.7848789673298597e+00  -4.4904352165758610e-01  -1.5832930058240891e+00  -1.1109491996467113e-01
  -2.7616644231602550e+00   3.0505349799059331e+00  -2.9305811831727624e+00   3.4735324420034885e-01   1.7852632422000170e+00  -4.4859145209193230e-01  -1.5828764103353024e+00  -1.1062269844114780e-01
  -2.7614206736907363e+00   3.0506534869782627e+00  -2.9304304677061737e+00   3.4780643880367279e-01   1.7856474798172712e+00  -4.4813937135040760e-01  -1.5824597775936127e+00  -1.1015047319233418e-01
  -2.7611768646165729e+00   3.0507719269953668e+00  -2.9302796954289079e+00   3.4825962781906128e-01   1.7860316839069128e+00  -4.4768728129565716e-01  -1.5820431038737297e+00  -1.0967824421823025e-01
  -2.7609329978004098e+00   3.0508903036825359e+00  -2.9301288584247231e+00   3.4871281310915947e-01   1.7864158488810062e+00  -4.4723517820239067e-01  -1.5816263966262341e+00  -1.0920601524412632e-01
  -2.7606890713796020e+00   3.0510086161084473e+00  -2.9299779618158937e+00   3.4916598908603191e-01   1.7867999803274870e+00  -4.4678306393325329e-01  -1.5812096484005451e+00  -1.0873378254473209e-01
  -2.7604450872167945e+00   3.0511268633417785e+00  -2.9298270028084517e+00   3.4961916133761406e-01   1.7871840726584196e+00  -4.4633094035089016e-01  -1.5807928666472435e+00  -1.0826154798269272e-01
  -2.7602010453119874e+00   3.0512450458481908e+00  -2.9296759832650423e+00   3.5007232613861561e-01   1.7875681277364492e+00  -4.4587880373001099e-01  -1.5803760439157486e+00  -1.0778930969536304e-01
  -2.7599569438025355e+00   3.0513631631620228e+00  -2.9295249027200043e+00   3.5052548721432686e-01   1.7879521492868662e+00  -4.4542665593326092e-01  -1.5799591839313507e+00  -1.0731706954538822e-01
  -2.7597127826884389e+00   3.0514812180772424e+00  -2.9293737579137087e+00   3.5097863897681236e-01   1.7883361335843801e+00  -4.4497449696063995e-01  -1.5795422904193401e+00  -1.0684482753276825e-01
  -2.7594685647636652e+00   3.0515992054715753e+00  -2.9292225567623973e+00   3.5143178701400757e-01   1.7887200806289911e+00  -4.4452232867479324e-01  -1.5791253559291363e+00  -1.0637258179485798e-01
  -2.7592242872342467e+00   3.0517171295359731e+00  -2.9290712918154895e+00   3.5188492760062218e-01   1.7891039941459894e+00  -4.4407014735043049e-01  -1.5787083841860294e+00  -1.0590033419430256e-01
  -2.7589799528941512e+00   3.0518349902704358e+00  -2.9289199635386467e+00   3.5233806446194649e-01   1.7894878666847944e+00  -4.4361795485019684e-01  -1.5782913751900196e+00  -1.0542808286845684e-01
  -2.7587355589494109e+00   3.0519527834840119e+00  -2.9287685784511268e+00   3.5279119387269020e-01   1.7898717094212770e+00  -4.4316575303673744e-01  -1.5778743289411068e+00  -1.0495582967996597e-01
  -2.7584911054000258e+00   3.0520705133676529e+00  -2.9286171295680106e+00   3.5324431583285332e-01   1.7902555111795664e+00  -4.4271353818476200e-01  -1.5774572454392910e+00  -1.0448357276618481e-01
  -2.7582465950399637e+00   3.0521881803870201e+00  -2.9284656173549592e+00   3.5369743220508099e-01   1.7906392756849527e+00  -4.4226131215691566e-01  -1.5770401284098625e+00  -1.0401131771504879e-01
