  -3.7635817448693230e+00
  -3.7561329831658603e+00
  -3.7486795559999999e+00
  -3.7412214726985318e+00
  -3.7337587426317156e+00
  -3.7262913751806792e+00
  -3.7188193797265510e+00
  -3.7113427656504578e+00
  -3.7038615423335282e+00
  -3.6963757191568902e+00
  -3.6888853055016706e+00
  -3.6813903107489980e+00
  -3.6738907442800000e+00
  -3.6663866154835740e+00
  -3.6588779337796966e+00
  -3.6513647085961147e+00
  -3.6438469493605741e+00
  -3.6363246655008212e+00
  -3.6287978664446028e+00
  -3.6212665616196649e+00
  -3.6137307604537545e+00
  -3.6061904723746170e+00
  -3.5986457068099997e+00
  -3.5910964731961119e+00
  -3.5835427810030174e+00
  -3.5759846397092425e+00
  -3.5684220587933133e+00
  -3.5608550477337571e+00
  -3.5532836160091001e+00
  -3.5457077730978694e+00
  -3.5381275284785914e+00
  -3.5305428916297923e+00
  -3.5229538720299995e+00
  -3.5153604791658863e+00
  -3.5077627225567127e+00
  -3.5001606117298851e+00
  -3.4925541562128117e+00
  -3.4849433655328999e+00
  -3.4773282492175555e+00
  -3.4697088167941859e+00
  -3.4620850777901993e+00
  -3.4544570417330016e+00
  -3.4468247181500002e+00
  -3.4391881165766618e+00
  -3.4315472465806920e+00
  -3.4239021177378559e+00
  -3.4162527396239177e+00
  -3.4085991218146439e+00
  -3.4009412738857980e+00
  -3.3932792054131453e+00
  -3.3856129259724521e+00
  -3.3779424451394817e+00
  -3.3702677724900001e+00
  -3.3625889176076962e+00
  -3.3549058901079594e+00
  -3.3472186996141011e+00
  -3.3395273557494356e+00
  -3.3318318681372752e+00
  -3.3241322464009326e+00
  -3.3164285001637208e+00
  -3.3087206390489530e+00
  -3.3010086726799415e+00
  -3.2932926106799996e+00
  -3.2855724626801419e+00
  -3.2778482383421901e+00
  -3.2701199473356675e+00
  -3.2623875993300975e+00
  -3.2546512039950040e+00
  -3.2469107709999099e+00
  -3.2391663100143391e+00
  -3.2314178307078150e+00
  -3.2236653427498609e+00
  -3.2159088558100004e+00
  -3.2081483795651846e+00
  -3.2003839237220801e+00
  -3.1926154979947783e+00
  -3.1848431120973730e+00
  -3.1770667757439588e+00
  -3.1692864986486273e+00
  -3.1615022905254722e+00
  -3.1537141610885873e+00
  -3.1459221200520657e+00
  -3.1381261771300002e+00
  -3.1303263420435590e+00
  -3.1225226245422117e+00
  -3.1147150343825007e+00
  -3.1069035813209700e+00
  -3.0990882751141622e+00
  -3.0912691255186218e+00
  -3.0834461422908923e+00
  -3.0756193351875156e+00
  -3.0677887139650375e+00
  -3.0599542883800002e+00
  -3.0521160681956583e+00
  -3.0442740632021139e+00
  -3.0364282831961797e+00
  -3.0285787379746680e+00
  -3.0207254373343928e+00
  -3.0128683910721659e+00
  -3.0050076089847999e+00
  -2.9971431008691090e+00
  -2.9892748765219044e+00
  -2.9814029457400002e+00
  -2.9735273183265578e+00
  -2.9656480041101325e+00
  -2.9577650129256314e+00
  -2.9498783546079581e+00
  -2.9419880389920183e+00
  -2.9340940759127165e+00
  -2.9261964752049590e+00
  -2.9182952467036505e+00
  -2.9103904002436951e+00
  -2.9024819456600000e+00
  -2.8945698927934824e+00
  -2.8866542515091154e+00
  -2.8787350316778859e+00
  -2.8708122431707808e+00
  -2.8628858958587857e+00
  -2.8549559996128884e+00
  -2.8470225643040745e+00
  -2.8390855998033309e+00
  -2.8311451159816436e+00
  -2.8232011227100000e+00
  -2.8152536298651736e+00
  -2.8073026473470852e+00
  -2.7993481850614450e+00
  -2.7913902529139594e+00
  -2.7834288608103384e+00
  -2.7754640186562907e+00
  -2.7674957363575241e+00
  -2.7595240238197478e+00
  -2.7515488909486705e+00
  -2.7435703476500000e+00
  -2.7355884038351639e+00
  -2.7276030694384628e+00
  -2.7196143543999156e+00
  -2.7116222686595415e+00
  -2.7036268221573594e+00
  -2.6956280248333893e+00
  -2.6876258866276483e+00
  -2.6796204174801579e+00
  -2.6716116273309352e+00
  -2.6635995261200001e+00
  -2.6555841237934108e+00
  -2.6475654303213831e+00
  -2.6395434556801729e+00
  -2.6315182098460341e+00
  -2.6234897027952226e+00
  -2.6154579445039929e+00
  -2.6074229449486013e+00
  -2.5993847141053013e+00
  -2.5913432619503491e+00
  -2.5832985984599999e+00
  -2.5752507336171129e+00
  -2.5671996774309638e+00
  -2.5591454399174336e+00
  -2.5510880310924025e+00
  -2.5430274609717509e+00
  -2.5349637395713591e+00
  -2.5268968769071076e+00
  -2.5188268829948770e+00
  -2.5107537678505478e+00
  -2.5026775414899998e+00
  -2.4945982139360976e+00
  -2.4865157952396411e+00
  -2.4784302954584128e+00
  -2.4703417246501957e+00
  -2.4622500928727740e+00
  -2.4541554101839300e+00
  -2.4460576866414474e+00
  -2.4379569323031096e+00
  -2.4298531572266993e+00
  -2.4217463714699998e+00
  -2.4136365850977048e+00
  -2.4055238082021511e+00
  -2.3974080508825852e+00
  -2.3892893232382528e+00
  -2.3811676353684019e+00
  -2.3730429973722789e+00
  -2.3649154193491309e+00
  -2.3567849113982033e+00
  -2.3486514836187444e+00
  -2.3405151461100000e+00
  -2.3323759089776006e+00
  -2.3242337823527133e+00
  -2.3160887763728866e+00
  -2.3079409011756713e+00
  -2.2997901668986165e+00
  -2.2916365836792725e+00
  -2.2834801616551892e+00
  -2.2753209109639156e+00
  -2.2671588417430031e+00
  -2.2589939641299996e+00
  -2.2508262882681604e+00
  -2.2426558243235553e+00
  -2.2344825824679573e+00
  -2.2263065728731415e+00
  -2.2181278057108811e+00
  -2.2099462911529497e+00
  -2.2017620393711228e+00
  -2.1935750605371722e+00
  -2.1853853648228738e+00
  -2.1771929623999999e+00
  -2.1689978634453957e+00
  -2.1608000781561851e+00
  -2.1525996167345620e+00
  -2.1443964893827219e+00
  -2.1361907063028585e+00
  -2.1279822776971664e+00
  -2.1197712137678399e+00
  -2.1115575247170741e+00
  -2.1033412207470623e+00
  -2.0951223120600000e+00
  -2.0869008088625867e+00
  -2.0786767213795447e+00
  -2.0704500598401032e+00
  -2.0622208344734898e+00
  -2.0539890555089340e+00
  -2.0457547331756634e+00
  -2.0375178777029062e+00
  -2.0292784993198909e+00
  -2.0210366082558462e+00
  -2.0127922147400001e+00
  -2.0045453290055981e+00
  -1.9962959613019560e+00
  -1.9880441218824045e+00
  -1.9797898210002769e+00
  -1.9715330689089046e+00
  -1.9632738758616202e+00
  -1.9550122521117552e+00
  -1.9467482079126421e+00
  -1.9384817535176131e+00
  -1.9302128991800001e+00
  -1.9219416551569302e+00
  -1.9136680317207120e+00
  -1.9053920391474484e+00
  -1.8971136877132422e+00
  -1.8888329876941974e+00
  -1.8805499493664166e+00
  -1.8722645830060032e+00
  -1.8639768988890606e+00
  -1.8556869072916917e+00
  -1.8473946184900001e+00
  -1.8391000427637807e+00
  -1.8308031904075965e+00
  -1.8225040717197027e+00
  -1.8142026969983545e+00
  -1.8058990765418066e+00
  -1.7975932206483143e+00
  -1.7892851396161322e+00
  -1.7809748437435160e+00
  -1.7726623433287203e+00
  -1.7643476486700000e+00
  -1.7560307700692577e+00
  -1.7477117178429824e+00
  -1.7393905023113112e+00
  -1.7310671337943804e+00
  -1.7227416226123269e+00
  -1.7144139790852873e+00
  -1.7060842135333982e+00
  -1.6977523362767961e+00
  -1.6894183576356179e+00
  -1.6810822879300000e+00
  -1.6727441374837597e+00
  -1.6644039166354345e+00
  -1.6560616357272435e+00
  -1.6477173051014047e+00
  -1.6393709351001364e+00
  -1.6310225360656576e+00
  -1.6226721183401858e+00
  -1.6143196922659402e+00
  -1.6059652681851389e+00
  -1.5976088564400002e+00
  -1.5892504673764445e+00
  -1.5808901113551999e+00
  -1.5725277987406958e+00
  -1.5641635398973617e+00
  -1.5557973451896281e+00
  -1.5474292249819239e+00
  -1.5390591896386796e+00
  -1.5306872495243242e+00
  -1.5223134150032878e+00
  -1.5139376964400000e+00
  -1.5055601042026030e+00
  -1.4971806486740871e+00
  -1.4887993402411546e+00
  -1.4804161892905090e+00
  -1.4720312062088521e+00
  -1.4636444013828875e+00
  -1.4552557851993171e+00
  -1.4468653680448440e+00
  -1.4384731603061707e+00
  -1.4300791723699999e+00
  -1.4216834146265038e+00
  -1.4132858974797327e+00
  -1.4048866313372057e+00
  -1.3964856266064425e+00
  -1.3880828936949632e+00
  -1.3796784430102864e+00
  -1.3712722849599321e+00
  -1.3628644299514199e+00
  -1.3544548883922694e+00
  -1.3460436706900001e+00
  -1.3376307872552211e+00
  -1.3292162485109023e+00
  -1.3208000648831022e+00
  -1.3123822467978803e+00
  -1.3039628046812954e+00
  -1.2955417489594072e+00
  -1.2871190900582743e+00
  -1.2786948384039560e+00
  -1.2702690044225116e+00
  -1.2618415985400002e+00
  -1.2534126311850415e+00
  -1.2449821127964988e+00
  -1.2365500538157961e+00
  -1.2281164646843570e+00
  -1.2196813558436057e+00
  -1.2112447377349655e+00
  -1.2028066207998613e+00
  -1.1943670154797161e+00
  -1.1859259322159545e+00
  -1.1774833814500001e+00
  -1.1690393736253435e+00
  -1.1605939191937431e+00
  -1.1521470286090245e+00
  -1.1436987123250129e+00
  -1.1352489807955330e+00
  -1.1267978444744109e+00
  -1.1183453138154709e+00
  -1.1098913992725390e+00
  -1.1014361112994404e+00
  -1.0929794603500000e+00
  -1.0845214568797148e+00
  -1.0760621113507685e+00
  -1.0676014342270157e+00
  -1.0591394359723119e+00
  -1.0506761270505121e+00
  -1.0422115179254714e+00
  -1.0337456190610446e+00
