  -3.7635870000000004e+03
  -3.7561370000000002e+03
  -3.7486819999999998e+03
  -3.7412249999999999e+03
  -3.7337610000000000e+03
  -3.7262930000000001e+03
  -3.7188180000000002e+03
  -3.7113400000000001e+03
  -3.7038559999999998e+03
  -3.6963679999999999e+03
  -3.6888760000000002e+03
  -3.6813779999999997e+03
  -3.6738769999999995e+03
  -3.6663739999999998e+03
  -3.6588669999999997e+03
  -3.6513530000000001e+03
  -3.6438339999999998e+03
  -3.6363139999999999e+03
  -3.6287910000000002e+03
  -3.6212629999999999e+03
  -3.6137269999999999e+03
  -3.6061879999999996e+03
  -3.5986440000000002e+03
  -3.5910980000000004e+03
  -3.5835449999999996e+03
  -3.5759859999999999e+03
  -3.5684220000000000e+03
  -3.5608559999999998e+03
  -3.5532849999999999e+03
  -3.5457100000000000e+03
  -3.5381309999999999e+03
  -3.5305459999999998e+03
  -3.5229559999999997e+03
  -3.5153609999999999e+03
  -3.5077620000000002e+03
  -3.5001589999999997e+03
  -3.4925510000000004e+03
  -3.4849389999999999e+03
  -3.4773230000000003e+03
  -3.4697010000000000e+03
  -3.4620749999999998e+03
  -3.4544459999999999e+03
  -3.4468139999999999e+03
  -3.4391760000000004e+03
  -3.4315309999999999e+03
  -3.4238849999999998e+03
  -3.4162349999999997e+03
  -3.4085800000000004e+03
  -3.4009230000000002e+03
  -3.3932629999999999e+03
  -3.3855970000000002e+03
  -3.3779269999999997e+03
  -3.3702529999999997e+03
  -3.3625749999999998e+03
  -3.3548930000000000e+03
  -3.3472050000000004e+03
  -3.3395140000000001e+03
  -3.3318199999999997e+03
  -3.3241230000000005e+03
  -3.3164209999999998e+03
  -3.3087139999999999e+03
  -3.3010029999999997e+03
  -3.2932860000000001e+03
  -3.2855660000000003e+03
  -3.2778410000000003e+03
  -3.2701130000000003e+03
  -3.2623800000000001e+03
  -3.2546480000000001e+03
  -3.2469080000000004e+03
  -3.2391619999999998e+03
  -3.2314130000000000e+03
  -3.2236630000000000e+03
  -3.2159070000000002e+03
  -3.2081459999999997e+03
  -3.2003800000000001e+03
  -3.1926109999999999e+03
  -3.1848370000000000e+03
  -3.1770580000000000e+03
  -3.1692750000000001e+03
  -3.1614919999999997e+03
  -3.1537040000000002e+03
  -3.1459130000000000e+03
  -3.1381199999999999e+03
  -3.1303240000000001e+03
  -3.1225219999999999e+03
  -3.1147159999999999e+03
  -3.1069049999999997e+03
  -3.0990889999999999e+03
  -3.0912650000000003e+03
  -3.0834430000000002e+03
  -3.0756179999999999e+03
  -3.0677860000000001e+03
  -3.0599499999999998e+03
  -3.0521109999999999e+03
  -3.0442660000000001e+03
  -3.0364200000000001e+03
  -3.0285709999999999e+03
  -3.0207179999999998e+03
  -3.0128589999999999e+03
  -3.0049980000000000e+03
  -2.9971340000000000e+03
  -2.9892669999999998e+03
  -2.9813969999999999e+03
  -2.9735230000000001e+03
  -2.9656469999999999e+03
  -2.9577660000000001e+03
  -2.9498789999999999e+03
  -2.9419870000000001e+03
  -2.9340940000000001e+03
  -2.9261950000000002e+03
  -2.9182950000000001e+03
  -2.9103919999999998e+03
  -2.9024849999999997e+03
  -2.8945740000000001e+03
  -2.8866619999999998e+03
  -2.8787439999999997e+03
  -2.8708209999999999e+03
  -2.8628939999999998e+03
  -2.8549630000000002e+03
  -2.8470309999999999e+03
  -2.8390950000000003e+03
  -2.8311559999999999e+03
  -2.8232120000000000e+03
  -2.8152640000000001e+03
  -2.8073110000000001e+03
  -2.7993580000000002e+03
  -2.7914029999999998e+03
  -2.7834430000000002e+03
  -2.7754810000000002e+03
  -2.7675150000000003e+03
  -2.7595430000000001e+03
  -2.7515659999999998e+03
  -2.7435880000000002e+03
  -2.7356099999999997e+03
  -2.7276259999999997e+03
  -2.7196369999999997e+03
  -2.7116480000000001e+03
  -2.7036549999999997e+03
  -2.6956540000000000e+03
  -2.6876509999999998e+03
  -2.6796430000000000e+03
  -2.6716300000000001e+03
  -2.6636120000000001e+03
  -2.6555960000000000e+03
  -2.6475790000000002e+03
  -2.6395590000000002e+03
  -2.6315330000000004e+03
  -2.6235039999999999e+03
  -2.6154720000000002e+03
  -2.6074369999999999e+03
  -2.5993969999999999e+03
  -2.5913540000000003e+03
  -2.5833069999999998e+03
  -2.5752560000000003e+03
  -2.5672040000000002e+03
  -2.5591500000000001e+03
  -2.5510929999999998e+03
  -2.5430299999999997e+03
  -2.5349650000000001e+03
  -2.5268939999999998e+03
  -2.5188229999999999e+03
  -2.5107460000000001e+03
  -2.5026660000000002e+03
  -2.4945860000000002e+03
  -2.4865029999999997e+03
  -2.4784150000000000e+03
  -2.4703229999999999e+03
  -2.4622300000000000e+03
  -2.4541340000000000e+03
  -2.4460360000000001e+03
  -2.4379389999999999e+03
  -2.4298409999999999e+03
  -2.4217400000000002e+03
  -2.4136349999999998e+03
  -2.4055270000000000e+03
  -2.3974150000000000e+03
  -2.3892959999999998e+03
  -2.3811740000000000e+03
  -2.3730479999999998e+03
  -2.3649220000000000e+03
  -2.3567930000000001e+03
  -2.3486630000000000e+03
  -2.3405279999999998e+03
  -2.3323879999999999e+03
  -2.3242460000000001e+03
  -2.3160980000000000e+03
  -2.3079490000000001e+03
  -2.2997970000000000e+03
  -2.2916439999999998e+03
  -2.2834870000000001e+03
  -2.2753280000000000e+03
  -2.2671680000000001e+03
  -2.2590039999999999e+03
  -2.2508419999999996e+03
  -2.2426759999999999e+03
  -2.2345029999999997e+03
  -2.2263229999999999e+03
  -2.2181419999999998e+03
  -2.2099549999999999e+03
  -2.2017640000000001e+03
  -2.1935720000000001e+03
  -2.1853759999999997e+03
  -2.1771799999999998e+03
  -2.1689849999999997e+03
  -2.1607849999999999e+03
  -2.1525819999999999e+03
  -2.1443779999999997e+03
  -2.1361709999999998e+03
  -2.1279639999999999e+03
  -2.1197520000000000e+03
  -2.1115389999999998e+03
  -2.1033229999999999e+03
  -2.0951040000000003e+03
  -2.0868840000000000e+03
  -2.0786610000000001e+03
  -2.0704349999999999e+03
  -2.0622089999999998e+03
  -2.0539780000000001e+03
  -2.0457439999999999e+03
  -2.0375060000000001e+03
  -2.0292660000000001e+03
  -2.0210310000000002e+03
  -2.0127930000000001e+03
  -2.0045529999999999e+03
  -1.9963110000000001e+03
  -1.9880619999999999e+03
  -1.9798090000000000e+03
  -1.9715509999999999e+03
  -1.9632909999999999e+03
  -1.9550310000000002e+03
  -1.9467660000000001e+03
  -1.9384980000000000e+03
  -1.9302270000000001e+03
  -1.9219509999999998e+03
  -1.9136759999999999e+03
  -1.9053970000000002e+03
  -1.8971130000000001e+03
  -1.8888310000000001e+03
  -1.8805490000000002e+03
  -1.8722639999999999e+03
  -1.8639740000000002e+03
  -1.8556860000000001e+03
  -1.8473939999999998e+03
  -1.8391009999999999e+03
  -1.8308049999999998e+03
  -1.8225070000000001e+03
  -1.8142060000000001e+03
  -1.8059060000000002e+03
  -1.7976040000000000e+03
  -1.7893009999999999e+03
  -1.7809950000000001e+03
  -1.7726820000000000e+03
  -1.7643669999999997e+03
  -1.7560529999999999e+03
  -1.7477349999999999e+03
  -1.7394189999999999e+03
  -1.7310960000000000e+03
  -1.7227700000000000e+03
  -1.7144410000000000e+03
  -1.7061119999999999e+03
  -1.6977779999999998e+03
  -1.6894459999999999e+03
  -1.6811119999999999e+03
  -1.6727740000000001e+03
  -1.6644349999999999e+03
  -1.6560930000000001e+03
  -1.6477480000000000e+03
  -1.6393990000000001e+03
  -1.6310470000000000e+03
  -1.6226940000000000e+03
  -1.6143380000000000e+03
  -1.6059820000000000e+03
  -1.5976209999999999e+03
  -1.5892580000000000e+03
  -1.5808950000000000e+03
  -1.5725300000000000e+03
  -1.5641650000000000e+03
  -1.5557970000000000e+03
  -1.5474290000000001e+03
  -1.5390610000000001e+03
  -1.5306889999999999e+03
  -1.5223129999999999e+03
  -1.5139349999999999e+03
  -1.5055599999999999e+03
  -1.4971840000000000e+03
  -1.4888030000000001e+03
  -1.4804120000000000e+03
  -1.4720239999999999e+03
  -1.4636340000000000e+03
  -1.4552429999999999e+03
  -1.4468520000000001e+03
  -1.4384580000000001e+03
  -1.4300639999999999e+03
  -1.4216669999999999e+03
  -1.4132719999999999e+03
  -1.4048750000000000e+03
  -1.3964770000000001e+03
  -1.3880760000000000e+03
  -1.3796720000000000e+03
  -1.3712649999999999e+03
  -1.3628570000000000e+03
  -1.3544500000000000e+03
  -1.3460419999999999e+03
  -1.3376270000000000e+03
  -1.3292110000000000e+03
  -1.3207909999999999e+03
  -1.3123709999999999e+03
  -1.3039490000000001e+03
  -1.2955239999999999e+03
  -1.2870989999999999e+03
  -1.2786780000000001e+03
  -1.2702559999999999e+03
  -1.2618290000000002e+03
  -1.2534040000000000e+03
  -1.2449749999999999e+03
  -1.2365459999999998e+03
  -1.2281129999999998e+03
  -1.2196780000000001e+03
  -1.2112360000000001e+03
  -1.2027940000000001e+03
  -1.1943520000000001e+03
  -1.1859100000000001e+03
  -1.1774690000000001e+03
  -1.1690239999999999e+03
  -1.1605780000000000e+03
  -1.1521290000000001e+03
  -1.1436820000000000e+03
  -1.1352339999999999e+03
  -1.1267829999999999e+03
  -1.1183370000000000e+03
  -1.1098870000000002e+03
  -1.1014360000000001e+03
  -1.0929820000000000e+03
  -1.0845229999999999e+03
  -1.0760639999999999e+03
  -1.0676050000000000e+03
  -1.0591440000000000e+03
  -1.0506790000000001e+03
  -1.0422120000000000e+03
  -1.0337420000000000e+03
