  -3.7770981352244268e+00
  -3.7696580808325364e+00
  -3.7622133439583183e+00
  -3.7547639339179599e+00
  -3.7473098600712822e+00
  -3.7398511317890124e+00
  -3.7323877584418779e+00
  -3.7249197494006072e+00
  -3.7174471140359264e+00
  -3.7099698617185646e+00
  -3.7024880018192490e+00
  -3.6950015437087069e+00
  -3.6875104967576662e+00
  -3.6800148703446576e+00
  -3.6725146738794248e+00
  -3.6650099167795127e+00
  -3.6575006084624690e+00
  -3.6499867583458405e+00
  -3.6424683758471716e+00
  -3.6349454703840096e+00
  -3.6274180513739016e+00
  -3.6198861282343922e+00
  -3.6123497103830298e+00
  -3.6048088072458593e+00
  -3.5972634282829312e+00
  -3.5897135829627951e+00
  -3.5821592807540004e+00
  -3.5746005311250975e+00
  -3.5670373435446359e+00
  -3.5594697274811655e+00
  -3.5518976924032364e+00
  -3.5443212477793975e+00
  -3.5367404030782001e+00
  -3.5291551677763744e+00
  -3.5215655513833815e+00
  -3.5139715634168609e+00
  -3.5063732133944554e+00
  -3.4987705108338054e+00
  -3.4911634652525532e+00
  -3.4835520861683396e+00
  -3.4759363830988055e+00
  -3.4683163655615932e+00
  -3.4606920430743435e+00
  -3.4530634251627936e+00
  -3.4454305213850613e+00
  -3.4377933413073607e+00
  -3.4301518944959057e+00
  -3.4225061905169110e+00
  -3.4148562389365895e+00
  -3.4072020493211550e+00
  -3.3995436312368219e+00
  -3.3918809942498043e+00
  -3.3842141479263157e+00
  -3.3765431018405287e+00
  -3.3688678655984532e+00
  -3.3611884488140569e+00
  -3.3535048611013085e+00
  -3.3458171120741760e+00
  -3.3381252113466275e+00
  -3.3304291685326315e+00
  -3.3227289932461561e+00
  -3.3150246951011701e+00
  -3.3073162837116405e+00
  -3.2996037686992787e+00
  -3.2918871597167598e+00
  -3.2841664664245034e+00
  -3.2764416984829272e+00
  -3.2687128655524491e+00
  -3.2609799772934873e+00
  -3.2532430433664610e+00
  -3.2455020734317874e+00
  -3.2377570771498849e+00
  -3.2300080641811717e+00
  -3.2222550441935285e+00
  -3.2144980268846841e+00
  -3.2067370219598281e+00
  -3.1989720391241523e+00
  -3.1912030880828470e+00
  -3.1834301785411032e+00
  -3.1756533202041104e+00
  -3.1678725227770612e+00
  -3.1600877959651448e+00
  -3.1522991494735524e+00
  -3.1445065930145883e+00
  -3.1367101363290084e+00
  -3.1289097891646840e+00
  -3.1211055612694838e+00
  -3.1132974623912784e+00
  -3.1054855022779377e+00
  -3.0976696906773320e+00
  -3.0898500373373308e+00
  -3.0820265520058046e+00
  -3.0741992444306234e+00
  -3.0663681243664054e+00
  -3.0585332015947637e+00
  -3.0506944859040606e+00
  -3.0428519870826567e+00
  -3.0350057149189142e+00
  -3.0271556792011949e+00
  -3.0193018897178598e+00
  -3.0114443562572721e+00
  -3.0035830886077912e+00
  -2.9957180965577805e+00
  -2.9878493899019878e+00
  -2.9799769784607086e+00
  -2.9721008720606261e+00
  -2.9642210805284219e+00
  -2.9563376136907800e+00
  -2.9484504813743815e+00
  -2.9405596934059095e+00
  -2.9326652596120466e+00
  -2.9247671898194754e+00
  -2.9168654938548784e+00
  -2.9089601815509867e+00
  -2.9010512627647262e+00
  -2.8931387473590706e+00
  -2.8852226451969956e+00
  -2.8773029661414742e+00
  -2.8693797200554814e+00
  -2.8614529168019915e+00
  -2.8535225662439787e+00
  -2.8455886782444182e+00
  -2.8376512626662831e+00
  -2.8297103293783721e+00
  -2.8217658882727799e+00
  -2.8138179492474236e+00
  -2.8058665222002213e+00
  -2.7979116170290919e+00
  -2.7899532436319521e+00
  -2.7819914119067204e+00
  -2.7740261317513148e+00
  -2.7660574130636530e+00
  -2.7580852657416535e+00
  -2.7501096996889882e+00
  -2.7421307248323465e+00
  -2.7341483511041735e+00
  -2.7261625884369112e+00
  -2.7181734467630063e+00
  -2.7101809360149005e+00
  -2.7021850661250393e+00
  -2.6941858470258664e+00
  -2.6861832886498251e+00
  -2.6781774009293597e+00
  -2.6701681938029882e+00
  -2.6621556772335198e+00
  -2.6541398611898370e+00
  -2.6461207556408235e+00
  -2.6380983705553618e+00
  -2.6300727159023345e+00
  -2.6220438016506251e+00
  -2.6140116377691163e+00
  -2.6059762342266906e+00
  -2.5979376009922310e+00
  -2.5898957480412603e+00
  -2.5818506853758589e+00
  -2.5738024230047469e+00
  -2.5657509709366431e+00
  -2.5576963391802687e+00
  -2.5496385377443427e+00
  -2.5415775766375854e+00
  -2.5335134658687166e+00
  -2.5254462154464563e+00
  -2.5173758353795246e+00
  -2.5093023356836603e+00
  -2.5012257264026787e+00
  -2.4931460175874149e+00
  -2.4850632192887039e+00
  -2.4769773415573795e+00
  -2.4688883944442774e+00
  -2.4607963880002317e+00
  -2.4527013322760776e+00
  -2.4446032373226498e+00
  -2.4365021131907825e+00
  -2.4283979699382603e+00
  -2.4202908176506654e+00
  -2.4121806664205296e+00
  -2.4040675263403850e+00
  -2.3959514075027633e+00
  -2.3878323200001961e+00
  -2.3797102739252152e+00
  -2.3715852793703527e+00
  -2.3634573464281399e+00
  -2.3553264851911089e+00
  -2.3471927057582120e+00
  -2.3390560182540834e+00
  -2.3309164328097771e+00
  -2.3227739595563479e+00
  -2.3146286086248500e+00
  -2.3064803901463384e+00
  -2.2983293142518670e+00
  -2.2901753910724900e+00
  -2.2820186307392625e+00
  -2.2738590433832386e+00
  -2.2656966391412188e+00
  -2.2575314281729870e+00
  -2.2493634206440727e+00
  -2.2411926267200064e+00
  -2.2330190565663175e+00
  -2.2248427203485353e+00
  -2.2166636282321899e+00
  -2.2084817903828111e+00
  -2.2002972169659292e+00
  -2.1921099181470733e+00
  -2.1839199040968809e+00
  -2.1757271850064215e+00
  -2.1675317710718716e+00
  -2.1593336724894074e+00
  -2.1511328994552059e+00
  -2.1429294621654433e+00
  -2.1347233708162969e+00
  -2.1265146356039430e+00
  -2.1183032667245585e+00
  -2.1100892743743196e+00
  -2.1018726687539493e+00
  -2.0936534600823520e+00
  -2.0854316585829791e+00
  -2.0772072744792820e+00
  -2.0689803179947117e+00
  -2.0607507993527188e+00
  -2.0525187287767546e+00
  -2.0442841164902696e+00
  -2.0360469727167154e+00
  -2.0278073076795429e+00
  -2.0195651316062602e+00
  -2.0113204547406052e+00
  -2.0030732873303720e+00
  -1.9948236396233554e+00
  -1.9865715218673505e+00
  -1.9783169443101520e+00
  -1.9700599171995541e+00
  -1.9618004507833520e+00
  -1.9535385553093403e+00
  -1.9452742410253139e+00
  -1.9370075181828990e+00
  -1.9287383970490513e+00
  -1.9204668878945572e+00
  -1.9121930009902040e+00
  -1.9039167466067788e+00
  -1.8956381350150686e+00
  -1.8873571764858605e+00
  -1.8790738812899415e+00
  -1.8707882596980985e+00
  -1.8625003219811185e+00
  -1.8542100784135211e+00
  -1.8459175392847549e+00
  -1.8376227148880009e+00
  -1.8293256155164399e+00
  -1.8210262514632531e+00
  -1.8127246330216216e+00
  -1.8044207704847259e+00
  -1.7961146741457474e+00
  -1.7878063542978668e+00
  -1.7794958212342655e+00
  -1.7711830852518062e+00
  -1.7628681566620790e+00
  -1.7545510457803559e+00
  -1.7462317629219095e+00
  -1.7379103184020115e+00
  -1.7295867225359343e+00
  -1.7212609856389500e+00
  -1.7129331180263303e+00
  -1.7046031300133480e+00
  -1.6962710319152747e+00
  -1.6879368340511045e+00
  -1.6796005467547188e+00
  -1.6712621803637198e+00
  -1.6629217452157108e+00
  -1.6545792516482942e+00
  -1.6462347099990737e+00
  -1.6378881306056510e+00
  -1.6295395238056296e+00
  -1.6211888999366122e+00
  -1.6128362693362017e+00
  -1.6044816423457378e+00
  -1.5961250293215086e+00
  -1.5877664406235381e+00
  -1.5794058866118519e+00
  -1.5710433776464745e+00
  -1.5626789240874304e+00
  -1.5543125362947448e+00
  -1.5459442246284423e+00
  -1.5375739994485473e+00
  -1.5292018711150852e+00
  -1.5208278499918313e+00
  -1.5124519464575654e+00
  -1.5040741708948175e+00
  -1.4956945336861185e+00
  -1.4873130452139991e+00
  -1.4789297158609893e+00
  -1.4705445560096200e+00
  -1.4621575760424212e+00
  -1.4537687863419237e+00
  -1.4453781972906581e+00
  -1.4369858192746652e+00
  -1.4285916626940276e+00
  -1.4201957379523382e+00
  -1.4117980554531906e+00
  -1.4033986256001774e+00
  -1.3949974587968921e+00
  -1.3865945654469272e+00
  -1.3781899559538766e+00
  -1.3697836407213326e+00
  -1.3613756301528888e+00
  -1.3529659346552632e+00
  -1.3445545646476746e+00
  -1.3361415305524671e+00
  -1.3277268427919844e+00
  -1.3193105117885704e+00
  -1.3108925479645690e+00
  -1.3024729617423243e+00
  -1.2940517635441799e+00
  -1.2856289637924798e+00
  -1.2772045729095682e+00
  -1.2687786013203934e+00
  -1.2603510594603224e+00
  -1.2519219577673275e+00
  -1.2434913066793807e+00
  -1.2350591166344531e+00
  -1.2266253980705175e+00
  -1.2181901614255455e+00
  -1.2097534171375086e+00
  -1.2013151756443794e+00
  -1.1928754473841292e+00
  -1.1844342427968311e+00
  -1.1759915723309613e+00
  -1.1675474464370970e+00
  -1.1591018755658153e+00
  -1.1506548701676935e+00
  -1.1422064406933086e+00
  -1.1337565975932382e+00
  -1.1253053513180589e+00
  -1.1168527123183483e+00
  -1.1083986910446832e+00
  -1.0999432979493562e+00
  -1.0914865434915182e+00
  -1.0830284381320354e+00
  -1.0745689923317745e+00
  -1.0661082165516014e+00
  -1.0576461212523820e+00
  -1.0491827168949830e+00
