  -2.7334788373839415e+03  -1.5983459224987866e+04  -2.5570771261858568e+04   2.1954386699002716e+03   1.5179478336964468e+04  -1.5484117166931346e+04   1.7734839013300269e+04   1.3475271634382061e+04
  -2.7327798060021514e+03  -1.5983622149052148e+04  -2.5569987053070487e+04   2.1981549542191324e+03   1.5181797599115111e+04  -1.5482645138144437e+04   1.7733830857512992e+04   1.3473771325010028e+04
  -2.7320805627090631e+03  -1.5983784948858200e+04  -2.5569202490148429e+04   2.2008712253105282e+03   1.5184116681974412e+04  -1.5481173194386891e+04   1.7732822722418121e+04   1.3472271144283332e+04
  -2.7313811074744121e+03  -1.5983947624354012e+04  -2.5568417573111015e+04   2.2035874831089027e+03   1.5186435585481382e+04  -1.5479701335702626e+04   1.7731814608068173e+04   1.3470771092243542e+04
  -2.7306814402679297e+03  -1.5984110175487544e+04  -2.5567632301976872e+04   2.2063037275486990e+03   1.5188754309575015e+04  -1.5478229562135544e+04   1.7730806514515578e+04   1.3469271168932177e+04
  -2.7299815610593669e+03  -1.5984272602206789e+04  -2.5566846676764624e+04   2.2090199585643577e+03   1.5191072854194346e+04  -1.5476757873729553e+04   1.7729798441812884e+04   1.3467771374390799e+04
  -2.7292814698184798e+03  -1.5984434904459727e+04  -2.5566060697492907e+04   2.2117361760903209e+03   1.5193391219278390e+04  -1.5475286270528546e+04   1.7728790390012513e+04   1.3466271708660919e+04
  -2.7285811665150381e+03  -1.5984597082194327e+04  -2.5565274364180372e+04   2.2144523800610350e+03   1.5195709404766170e+04  -1.5473814752576414e+04   1.7727782359166955e+04   1.3464772171784054e+04
  -2.7278806511188272e+03  -1.5984759135358603e+04  -2.5564487676845696e+04   2.2171685704109359e+03   1.5198027410596722e+04  -1.5472343319917027e+04   1.7726774349328680e+04   1.3463272763801682e+04
  -2.7271799235996300e+03  -1.5984921063900521e+04  -2.5563700635507554e+04   2.2198847470744699e+03   1.5200345236709081e+04  -1.5470871972594252e+04   1.7725766360550133e+04   1.3461773484755333e+04
  -2.7264789839272489e+03  -1.5985082867768100e+04  -2.5562913240184633e+04   2.2226009099860780e+03   1.5202662883042294e+04  -1.5469400710651966e+04   1.7724758392883759e+04   1.3460274334686454e+04
  -2.7257778320715001e+03  -1.5985244546909315e+04  -2.5562125490895629e+04   2.2253170590802024e+03   1.5204980349535410e+04  -1.5467929534133995e+04   1.7723750446382026e+04   1.3458775313636537e+04
  -2.7250764680022039e+03  -1.5985406101272160e+04  -2.5561337387659267e+04   2.2280331942912853e+03   1.5207297636127478e+04  -1.5466458443084213e+04   1.7722742521097367e+04   1.3457276421647046e+04
  -2.7243748916891936e+03  -1.5985567530804652e+04  -2.5560548930494282e+04   2.2307493155537682e+03   1.5209614742757565e+04  -1.5464987437546437e+04   1.7721734617082217e+04   1.3455777658759414e+04
  -2.7236731031023087e+03  -1.5985728835454796e+04  -2.5559760119419392e+04   2.2334654228020954e+03   1.5211931669364720e+04  -1.5463516517564509e+04   1.7720726734389005e+04   1.3454279025015101e+04
  -2.7229711022114088e+03  -1.5985890015170575e+04  -2.5558970954453362e+04   2.2361815159707048e+03   1.5214248415888027e+04  -1.5462045683182236e+04   1.7719718873070160e+04   1.3452780520455521e+04
  -2.7222688889863562e+03  -1.5986051069900026e+04  -2.5558181435614952e+04   2.2388975949940441e+03   1.5216564982266565e+04  -1.5460574934443439e+04   1.7718711033178090e+04   1.3451282145122103e+04
  -2.7215664633970309e+03  -1.5986211999591145e+04  -2.5557391562922916e+04   2.2416136598065509e+03   1.5218881368439415e+04  -1.5459104271391918e+04   1.7717703214765243e+04   1.3449783899056241e+04
  -2.7208638254133139e+03  -1.5986372804191957e+04  -2.5556601336396085e+04   2.2443297103426680e+03   1.5221197574345651e+04  -1.5457633694071465e+04   1.7716695417883977e+04   1.3448285782299356e+04
  -2.7201609750051030e+03  -1.5986533483650472e+04  -2.5555810756053241e+04   2.2470457465368409e+03   1.5223513599924372e+04  -1.5456163202525880e+04   1.7715687642586719e+04   1.3446787794892829e+04
  -2.7194579121423080e+03  -1.5986694037914700e+04  -2.5555019821913174e+04   2.2497617683235071e+03   1.5225829445114679e+04  -1.5454692796798920e+04   1.7714679888925875e+04   1.3445289936878036e+04
  -2.7187546367948462e+03  -1.5986854466932682e+04  -2.5554228533994730e+04   2.2524777756371127e+03   1.5228145109855677e+04  -1.5453222476934374e+04   1.7713672156953828e+04   1.3443792208296343e+04
  -2.7180511489326454e+03  -1.5987014770652435e+04  -2.5553436892316728e+04   2.2551937684120976e+03   1.5230460594086464e+04  -1.5451752242976010e+04   1.7712664446722963e+04   1.3442294609189115e+04
  -2.7173474485256461e+03  -1.5987174949021986e+04  -2.5552644896898048e+04   2.2579097465829054e+03   1.5232775897746162e+04  -1.5450282094967562e+04   1.7711656758285659e+04   1.3440797139597687e+04
  -2.7166435355437984e+03  -1.5987335001989364e+04  -2.5551852547757517e+04   2.2606257100839784e+03   1.5235091020773893e+04  -1.5448812032952786e+04   1.7710649091694289e+04   1.3439299799563409e+04
  -2.7159394099570654e+03  -1.5987494929502614e+04  -2.5551059844914034e+04   2.2633416588497557e+03   1.5237405963108777e+04  -1.5447342056975433e+04   1.7709641447001221e+04   1.3437802589127616e+04
  -2.7152350717354134e+03  -1.5987654731509763e+04  -2.5550266788386449e+04   2.2660575928146841e+03   1.5239720724689947e+04  -1.5445872167079207e+04   1.7708633824258824e+04   1.3436305508331594e+04
  -2.7145305208488307e+03  -1.5987814407958842e+04  -2.5549473378193699e+04   2.2687735119132026e+03   1.5242035305456531e+04  -1.5444402363307841e+04   1.7707626223519459e+04   1.3434808557216682e+04
  -2.7138257572673056e+03  -1.5987973958797902e+04  -2.5548679614354674e+04   2.2714894160797562e+03   1.5244349705347686e+04  -1.5442932645705054e+04   1.7706618644835464e+04   1.3433311735824152e+04
  -2.7131207809608431e+03  -1.5988133383974999e+04  -2.5547885496888299e+04   2.2742053052487850e+03   1.5246663924302553e+04  -1.5441463014314553e+04   1.7705611088259200e+04   1.3431815044195291e+04
  -2.7124155918994579e+03  -1.5988292683438156e+04  -2.5547091025813497e+04   2.2769211793547320e+03   1.5248977962260273e+04  -1.5439993469180019e+04   1.7704603553843008e+04   1.3430318482371398e+04
  -2.7117101900531752e+03  -1.5988451857135444e+04  -2.5546296201149216e+04   2.2796370383320400e+03   1.5251291819160018e+04  -1.5438524010345151e+04   1.7703596041639219e+04   1.3428822050393712e+04
  -2.7110045753920272e+03  -1.5988610905014906e+04  -2.5545501022914428e+04   2.2823528821151549e+03   1.5253605494940950e+04  -1.5437054637853631e+04   1.7702588551700155e+04   1.3427325748303499e+04
  -2.7102987478860655e+03  -1.5988769827024595e+04  -2.5544705491128097e+04   2.2850687106385135e+03   1.5255918989542226e+04  -1.5435585351749121e+04   1.7701581084078134e+04   1.3425829576142005e+04
  -2.7095927075053432e+03  -1.5988928623112568e+04  -2.5543909605809185e+04   2.2877845238365594e+03   1.5258232302903039e+04  -1.5434116152075305e+04   1.7700573638825510e+04   1.3424333533950467e+04
  -2.7088864542199299e+03  -1.5989087293226899e+04  -2.5543113366976708e+04   2.2905003216437399e+03   1.5260545434962560e+04  -1.5432647038875812e+04   1.7699566215994560e+04   1.3422837621770092e+04
  -2.7081799879999012e+03  -1.5989245837315635e+04  -2.5542316774649695e+04   2.2932161039944936e+03   1.5262858385659965e+04  -1.5431178012194303e+04   1.7698558815637607e+04   1.3421341839642104e+04
  -2.7074733088153489e+03  -1.5989404255326850e+04  -2.5541519828847111e+04   2.2959318708232645e+03   1.5265171154934458e+04  -1.5429709072074424e+04   1.7697551437806964e+04   1.3419846187607705e+04
  -2.7067664166363706e+03  -1.5989562547208610e+04  -2.5540722529588009e+04   2.2986476220644954e+03   1.5267483742725237e+04  -1.5428240218559797e+04   1.7696544082554887e+04   1.3418350665708091e+04
  -2.7060593114330786e+03  -1.5989720712909007e+04  -2.5539924876891426e+04   2.3013633576526299e+03   1.5269796148971493e+04  -1.5426771451694041e+04   1.7695536749933715e+04   1.3416855273984436e+04
  -2.7053519931755923e+03  -1.5989878752376080e+04  -2.5539126870776447e+04   2.3040790775221094e+03   1.5272108373612435e+04  -1.5425302771520786e+04   1.7694529439995709e+04   1.3415360012477922e+04
  -2.7046444618340438e+03  -1.5990036665557938e+04  -2.5538328511262109e+04   2.3067947816073784e+03   1.5274420416587287e+04  -1.5423834178083605e+04   1.7693522152793150e+04   1.3413864881229701e+04
  -2.7039367173785736e+03  -1.5990194452402633e+04  -2.5537529798367475e+04   2.3095104698428786e+03   1.5276732277835255e+04  -1.5422365671426136e+04   1.7692514888378304e+04   1.3412369880280930e+04
  -2.7032287597793375e+03  -1.5990352112858274e+04  -2.5536730732111700e+04   2.3122261421630556e+03   1.5279043957295575e+04  -1.5420897251591939e+04   1.7691507646803460e+04   1.3410875009672745e+04
  -2.7025205890065017e+03  -1.5990509646872930e+04  -2.5535931312513821e+04   2.3149417985023501e+03   1.5281355454907469e+04  -1.5419428918624617e+04   1.7690500428120853e+04   1.3409380269446283e+04
  -2.7018122050302345e+03  -1.5990667054394702e+04  -2.5535131539592985e+04   2.3176574387952064e+03   1.5283666770610171e+04  -1.5417960672567719e+04   1.7689493232382756e+04   1.3407885659642663e+04
  -2.7011036078207239e+03  -1.5990824335371668e+04  -2.5534331413368312e+04   2.3203730629760685e+03   1.5285977904342939e+04  -1.5416492513464829e+04   1.7688486059641426e+04   1.3406391180302990e+04
  -2.7003947973481650e+03  -1.5990981489751937e+04  -2.5533530933858954e+04   2.3230886709793813e+03   1.5288288856044988e+04  -1.5415024441359490e+04   1.7687478909949088e+04   1.3404896831468359e+04
  -2.6996857735827675e+03  -1.5991138517483585e+04  -2.5532730101084031e+04   2.3258042627395857e+03   1.5290599625655599e+04  -1.5413556456295273e+04   1.7686471783358003e+04   1.3403402613179866e+04
  -2.6989765364947443e+03  -1.5991295418514728e+04  -2.5531928915062748e+04   2.3285198381911259e+03   1.5292910213114003e+04  -1.5412088558315687e+04   1.7685464679920395e+04   1.3401908525478590e+04
  -2.6982670860543267e+03  -1.5991452192793464e+04  -2.5531127375814267e+04   2.3312353972684482e+03   1.5295220618359490e+04  -1.5410620747464285e+04   1.7684457599688481e+04   1.3400414568405602e+04
  -2.6975574222317500e+03  -1.5991608840267902e+04  -2.5530325483357745e+04   2.3339509399059921e+03   1.5297530841331309e+04  -1.5409153023784571e+04   1.7683450542714512e+04   1.3398920742001950e+04
  -2.6968475449972684e+03  -1.5991765360886151e+04  -2.5529523237712423e+04   2.3366664660382057e+03   1.5299840881968745e+04  -1.5407685387320082e+04   1.7682443509050670e+04   1.3397427046308692e+04
  -2.6961374543211377e+03  -1.5991921754596307e+04  -2.5528720638897499e+04   2.3393819755995319e+03   1.5302150740211064e+04  -1.5406217838114317e+04   1.7681436498749204e+04   1.3395933481366850e+04
  -2.6954271501736293e+03  -1.5992078021346502e+04  -2.5527917686932196e+04   2.3420974685244137e+03   1.5304460415997570e+04  -1.5404750376210764e+04   1.7680429511862298e+04   1.3394440047217477e+04
  -2.6947166325250264e+03  -1.5992234161084833e+04  -2.5527114381835756e+04   2.3448129447472970e+03   1.5306769909267547e+04  -1.5403283001652922e+04   1.7679422548442144e+04   1.3392946743901555e+04
  -2.6940059013456203e+03  -1.5992390173759439e+04  -2.5526310723627415e+04   2.3475284042026246e+03   1.5309079219960286e+04  -1.5401815714484281e+04   1.7678415608540949e+04   1.3391453571460117e+04
  -2.6932949566057114e+03  -1.5992546059318434e+04  -2.5525506712326453e+04   2.3502438468248451e+03   1.5311388348015089e+04  -1.5400348514748299e+04   1.7677408692210913e+04   1.3389960529934146e+04
  -2.6925837982756202e+03  -1.5992701817709936e+04  -2.5524702347952109e+04   2.3529592725483976e+03   1.5313697293371264e+04  -1.5398881402488441e+04   1.7676401799504187e+04   1.3388467619364637e+04
  -2.6918724263256631e+03  -1.5992857448882080e+04  -2.5523897630523723e+04   2.3556746813077307e+03   1.5316006055968126e+04  -1.5397414377748182e+04   1.7675394930472969e+04   1.3386974839792541e+04
  -2.6911608407261815e+03  -1.5993012952783001e+04  -2.5523092560060533e+04   2.3583900730372866e+03   1.5318314635744995e+04  -1.5395947440570953e+04   1.7674388085169441e+04   1.3385482191258849e+04
  -2.6904490414475172e+03  -1.5993168329360822e+04  -2.5522287136581890e+04   2.3611054476715121e+03   1.5320623032641190e+04  -1.5394480591000192e+04   1.7673381263645759e+04   1.3383989673804495e+04
  -2.6897370284600270e+03  -1.5993323578563679e+04  -2.5521481360107093e+04   2.3638208051448541e+03   1.5322931246596048e+04  -1.5393013829079351e+04   1.7672374465954068e+04   1.3382497287470456e+04
  -2.6890248017340809e+03  -1.5993478700339718e+04  -2.5520675230655499e+04   2.3665361453917531e+03   1.5325239277548895e+04  -1.5391547154851836e+04   1.7671367692146538e+04   1.3381005032297629e+04
  -2.6883123612400550e+03  -1.5993633694637076e+04  -2.5519868748246434e+04   2.3692514683466597e+03   1.5327547125439076e+04  -1.5390080568361076e+04   1.7670360942275307e+04   1.3379512908326946e+04
  -2.6875997069483365e+03  -1.5993788561403904e+04  -2.5519061912899266e+04   2.3719667739440156e+03   1.5329854790205940e+04  -1.5388614069650463e+04   1.7669354216392545e+04   1.3378020915599327e+04
  -2.6868868388293281e+03  -1.5993943300588347e+04  -2.5518254724633342e+04   2.3746820621182687e+03   1.5332162271788829e+04  -1.5387147658763397e+04   1.7668347514550365e+04   1.3376529054155670e+04
  -2.6861737568534390e+03  -1.5994097912138546e+04  -2.5517447183468084e+04   2.3773973328038628e+03   1.5334469570127134e+04  -1.5385681335743280e+04   1.7667340836800908e+04   1.3375037324036870e+04
  -2.6854604609910907e+03  -1.5994252396002665e+04  -2.5516639289422852e+04   2.3801125859352460e+03   1.5336776685160170e+04  -1.5384215100633486e+04   1.7666334183196283e+04   1.3373545725283802e+04
  -2.6847469512127109e+03  -1.5994406752128858e+04  -2.5515831042517071e+04   2.3828278214468646e+03   1.5339083616827331e+04  -1.5382748953477401e+04   1.7665327553788640e+04   1.3372054257937334e+04
  -2.6840332274887469e+03  -1.5994560980465267e+04  -2.5515022442770147e+04   2.3855430392731614e+03   1.5341390365067997e+04  -1.5381282894318370e+04   1.7664320948630069e+04   1.3370562922038327e+04
  -2.6833192897896502e+03  -1.5994715080960081e+04  -2.5514213490201517e+04   2.3882582393485873e+03   1.5343696929821535e+04  -1.5379816923199747e+04   1.7663314367772680e+04   1.3369071717627641e+04
  -2.6826051380858812e+03  -1.5994869053561457e+04  -2.5513404184830630e+04   2.3909734216075876e+03   1.5346003311027338e+04  -1.5378351040164916e+04   1.7662307811268587e+04   1.3367580644746113e+04
  -2.6818907723479197e+03  -1.5995022898217552e+04  -2.5512594526676930e+04   2.3936885859846061e+03   1.5348309508624794e+04  -1.5376885245257194e+04   1.7661301279169886e+04   1.3366089703434571e+04
  -2.6811761925462506e+03  -1.5995176614876529e+04  -2.5511784515759886e+04   2.3964037324140932e+03   1.5350615522553300e+04  -1.5375419538519904e+04   1.7660294771528675e+04   1.3364598893733830e+04
  -2.6804613986513650e+03  -1.5995330203486581e+04  -2.5510974152098974e+04   2.3991188608304947e+03   1.5352921352752255e+04  -1.5373953919996386e+04   1.7659288288397020e+04   1.3363108215684693e+04
  -2.6797463906337762e+03  -1.5995483663995890e+04  -2.5510163435713697e+04   2.4018339711682584e+03   1.5355226999161074e+04  -1.5372488389729953e+04   1.7658281829827018e+04   1.3361617669327974e+04
  -2.6790311684639960e+03  -1.5995636996352596e+04  -2.5509352366623560e+04   2.4045490633618306e+03   1.5357532461719165e+04  -1.5371022947763911e+04   1.7657275395870747e+04   1.3360127254704450e+04
  -2.6783157321125586e+03  -1.5995790200504929e+04  -2.5508540944848057e+04   2.4072641373456572e+03   1.5359837740365951e+04  -1.5369557594141543e+04   1.7656268986580264e+04   1.3358636971854892e+04
  -2.6776000815499988e+03  -1.5995943276401023e+04  -2.5507729170406736e+04   2.4099791930541919e+03   1.5362142835040855e+04  -1.5368092328906170e+04   1.7655262602007628e+04   1.3357146820820071e+04
  -2.6768842167468665e+03  -1.5996096223989111e+04  -2.5506917043319139e+04   2.4126942304218760e+03   1.5364447745683312e+04  -1.5366627152101048e+04   1.7654256242204905e+04   1.3355656801640756e+04
  -2.6761681376737265e+03  -1.5996249043217351e+04  -2.5506104563604786e+04   2.4154092493831613e+03   1.5366752472232745e+04  -1.5365162063769460e+04   1.7653249907224144e+04   1.3354166914357673e+04
  -2.6754518443011448e+03  -1.5996401734033960e+04  -2.5505291731283261e+04   2.4181242498724964e+03   1.5369057014628614e+04  -1.5363697063954683e+04   1.7652243597117402e+04   1.3352677159011580e+04
  -2.6747353365997069e+03  -1.5996554296387130e+04  -2.5504478546374168e+04   2.4208392318243282e+03   1.5371361372810345e+04  -1.5362232152699944e+04   1.7651237311936693e+04   1.3351187535643176e+04
  -2.6740186145400057e+03  -1.5996706730225034e+04  -2.5503665008897064e+04   2.4235541951731057e+03   1.5373665546717410e+04  -1.5360767330048528e+04   1.7650231051734077e+04   1.3349698044293191e+04
  -2.6733016780926428e+03  -1.5996859035495901e+04  -2.5502851118871531e+04   2.4262691398532766e+03   1.5375969536289267e+04  -1.5359302596043652e+04   1.7649224816561582e+04   1.3348208685002322e+04
  -2.6725845272282354e+03  -1.5997011212147918e+04  -2.5502036876317212e+04   2.4289840657992918e+03   1.5378273341465367e+04  -1.5357837950728552e+04   1.7648218606471211e+04   1.3346719457811281e+04
  -2.6718671619174056e+03  -1.5997163260129311e+04  -2.5501222281253726e+04   2.4316989729456009e+03   1.5380576962185190e+04  -1.5356373394146452e+04   1.7647212421514992e+04   1.3345230362760727e+04
  -2.6711495821307926e+03  -1.5997315179388273e+04  -2.5500407333700703e+04   2.4344138612266506e+03   1.5382880398388204e+04  -1.5354908926340579e+04   1.7646206261744945e+04   1.3343741399891340e+04
  -2.6704317878390420e+03  -1.5997466969873036e+04  -2.5499592033677782e+04   2.4371287305768928e+03   1.5385183650013898e+04  -1.5353444547354122e+04   1.7645200127213069e+04   1.3342252569243788e+04
  -2.6697137790128090e+03  -1.5997618631531801e+04  -2.5498776381204669e+04   2.4398435809307762e+03   1.5387486717001748e+04  -1.5351980257230287e+04   1.7644194017971342e+04   1.3340763870858718e+04
  -2.6689955556227660e+03  -1.5997770164312788e+04  -2.5497960376300980e+04   2.4425584122227519e+03   1.5389789599291254e+04  -1.5350516056012262e+04   1.7643187934071793e+04   1.3339275304776773e+04
  -2.6682771176395886e+03  -1.5997921568164209e+04  -2.5497144018986426e+04   2.4452732243872688e+03   1.5392092296821929e+04  -1.5349051943743245e+04   1.7642181875566384e+04   1.3337786871038586e+04
  -2.6675584650339692e+03  -1.5998072843034330e+04  -2.5496327309280707e+04   2.4479880173587794e+03   1.5394394809533247e+04  -1.5347587920466389e+04   1.7641175842507113e+04   1.3336298569684770e+04
  -2.6668395977766063e+03  -1.5998223988871325e+04  -2.5495510247203511e+04   2.4507027910717325e+03   1.5396697137364734e+04  -1.5346123986224869e+04   1.7640169834945966e+04   1.3334810400755930e+04
  -2.6661205158382131e+03  -1.5998375005623464e+04  -2.5494692832774592e+04   2.4534175454605793e+03   1.5398999280255903e+04  -1.5344660141061831e+04   1.7639163852934882e+04   1.3333322364292697e+04
  -2.6654012191895113e+03  -1.5998525893238961e+04  -2.5493875066013661e+04   2.4561322804597717e+03   1.5401301238146281e+04  -1.5343196385020441e+04   1.7638157896525852e+04   1.3331834460335627e+04
  -2.6646817078012323e+03  -1.5998676651666055e+04  -2.5493056946940458e+04   2.4588469960037596e+03   1.5403603010975386e+04  -1.5341732718143825e+04   1.7637151965770830e+04   1.3330346688925314e+04
  -2.6639619816441227e+03  -1.5998827280853000e+04  -2.5492238475574759e+04   2.4615616920269945e+03   1.5405904598682746e+04  -1.5340269140475120e+04   1.7636146060721756e+04   1.3328859050102315e+04
  -2.6632420406889350e+03  -1.5998977780748010e+04  -2.5491419651936314e+04   2.4642763684639317e+03   1.5408206001207911e+04  -1.5338805652057448e+04   1.7635140181430601e+04   1.3327371543907202e+04
  -2.6625218849064377e+03  -1.5999128151299356e+04  -2.5490600476044921e+04   2.4669910252490181e+03   1.5410507218490420e+04  -1.5337342252933939e+04   1.7634134327949287e+04   1.3325884170380510e+04
  -2.6618015142674021e+03  -1.5999278392455266e+04  -2.5489780947920368e+04   2.4697056623167077e+03   1.5412808250469818e+04  -1.5335878943147665e+04   1.7633128500329756e+04   1.3324396929562785e+04
  -2.6610809287426168e+03  -1.5999428504164027e+04  -2.5488961067582466e+04   2.4724202796014551e+03   1.5415109097085659e+04  -1.5334415722741745e+04   1.7632122698623945e+04   1.3322909821494546e+04
  -2.6603601283028820e+03  -1.5999578486373846e+04  -2.5488140835051014e+04   2.4751348770377117e+03   1.5417409758277523e+04  -1.5332952591759287e+04   1.7631116922883768e+04   1.3321422846216310e+04
  -2.6596391129190047e+03  -1.5999728339033016e+04  -2.5487320250345856e+04   2.4778494545599297e+03   1.5419710233984939e+04  -1.5331489550243337e+04   1.7630111173161149e+04   1.3319936003768593e+04
  -2.6589178825618037e+03  -1.5999878062089772e+04  -2.5486499313486845e+04   2.4805640121025631e+03   1.5422010524147510e+04  -1.5330026598236987e+04   1.7629105449508006e+04   1.3318449294191878e+04
  -2.6581964372021089e+03  -1.6000027655492393e+04  -2.5485678024493802e+04   2.4832785496000652e+03   1.5424310628704796e+04  -1.5328563735783293e+04   1.7628099751976235e+04   1.3316962717526645e+04
  -2.6574747768107623e+03  -1.6000177119189133e+04  -2.5484856383386628e+04   2.4859930669868895e+03   1.5426610547596403e+04  -1.5327100962925339e+04   1.7627094080617757e+04   1.3315476273813381e+04
  -2.6567529013586159e+03  -1.6000326453128277e+04  -2.5484034390185167e+04   2.4887075641974898e+03   1.5428910280761897e+04  -1.5325638279706136e+04   1.7626088435484442e+04   1.3313989963092539e+04
  -2.6560308108165332e+03  -1.6000475657258079e+04  -2.5483212044909349e+04   2.4914220411663205e+03   1.5431209828140876e+04  -1.5324175686168743e+04   1.7625082816628186e+04   1.3312503785404579e+04
  -2.6553085051553826e+03  -1.6000624731526828e+04  -2.5482389347579050e+04   2.4941364978278361e+03   1.5433509189672950e+04  -1.5322713182356181e+04   1.7624077224100889e+04   1.3311017740789950e+04
  -2.6545859843460539e+03  -1.6000773675882792e+04  -2.5481566298214184e+04   2.4968509341164918e+03   1.5435808365297718e+04  -1.5321250768311480e+04   1.7623071657954410e+04   1.3309531829289064e+04
  -2.6538632483594392e+03  -1.6000922490274252e+04  -2.5480742896834687e+04   2.4995653499667415e+03   1.5438107354954802e+04  -1.5319788444077652e+04   1.7622066118240640e+04   1.3308046050942361e+04
  -2.6531402971664452e+03  -1.6001071174649494e+04  -2.5479919143460491e+04   2.5022797453130406e+03   1.5440406158583797e+04  -1.5318326209697712e+04   1.7621060605011426e+04   1.3306560405790233e+04
  -2.6524171307379884e+03  -1.6001219728956805e+04  -2.5479095038111562e+04   2.5049941200898452e+03   1.5442704776124354e+04  -1.5316864065214641e+04   1.7620055118318644e+04   1.3305074893873107e+04
  -2.6516937490449959e+03  -1.6001368153144476e+04  -2.5478270580807832e+04   2.5077084742316106e+03   1.5445003207516074e+04  -1.5315402010671440e+04   1.7619049658214135e+04   1.3303589515231351e+04
  -2.6509701520584067e+03  -1.6001516447160791e+04  -2.5477445771569302e+04   2.5104228076727950e+03   1.5447301452698619e+04  -1.5313940046111071e+04   1.7618044224749756e+04   1.3302104269905347e+04
  -2.6502463397491688e+03  -1.6001664610954060e+04  -2.5476620610415961e+04   2.5131371203478502e+03   1.5449599511611612e+04  -1.5312478171576529e+04   1.7617038817977354e+04   1.3300619157935485e+04
  -2.6495223120882433e+03  -1.6001812644472566e+04  -2.5475795097367783e+04   2.5158514121912358e+03   1.5451897384194705e+04  -1.5311016387110769e+04   1.7616033437948761e+04   1.3299134179362092e+04
  -2.6487980690466011e+03  -1.6001960547664621e+04  -2.5474969232444793e+04   2.5185656831374104e+03   1.5454195070387535e+04  -1.5309554692756754e+04   1.7615028084715796e+04   1.3297649334225540e+04
  -2.6480736105952224e+03  -1.6002108320478521e+04  -2.5474143015667014e+04   2.5212799331208257e+03   1.5456492570129785e+04  -1.5308093088557423e+04   1.7614022758330306e+04   1.3296164622566152e+04
  -2.6473489367050997e+03  -1.6002255962862580e+04  -2.5473316447054491e+04   2.5239941620759460e+03   1.5458789883361105e+04  -1.5306631574555704e+04   1.7613017458844093e+04   1.3294680044424276e+04
  -2.6466240473472380e+03  -1.6002403474765113e+04  -2.5472489526627258e+04   2.5267083699372233e+03   1.5461087010021163e+04  -1.5305170150794549e+04   1.7612012186308999e+04   1.3293195599840197e+04
  -2.6458989424926494e+03  -1.6002550856134407e+04  -2.5471662254405383e+04   2.5294225566391192e+03   1.5463383950049629e+04  -1.5303708817316856e+04   1.7611006940776791e+04   1.3291711288854245e+04
  -2.6451736221123583e+03  -1.6002698106918808e+04  -2.5470834630408935e+04   2.5321367221160885e+03   1.5465680703386195e+04  -1.5302247574165553e+04   1.7610001722299297e+04   1.3290227111506712e+04
  -2.6444480861774036e+03  -1.6002845227066633e+04  -2.5470006654657987e+04   2.5348508663025937e+03   1.5467977269970550e+04  -1.5300786421383551e+04   1.7608996530928307e+04   1.3288743067837864e+04
  -2.6437223346588266e+03  -1.6002992216526185e+04  -2.5469178327172631e+04   2.5375649891330918e+03   1.5470273649742370e+04  -1.5299325359013737e+04   1.7607991366715622e+04   1.3287259157888015e+04
  -2.6429963675276913e+03  -1.6003139075245797e+04  -2.5468349647972995e+04   2.5402790905420411e+03   1.5472569842641355e+04  -1.5297864387098994e+04   1.7606986229713009e+04   1.3285775381697387e+04
  -2.6422701847550584e+03  -1.6003285803173801e+04  -2.5467520617079190e+04   2.5429931704639048e+03   1.5474865848607227e+04  -1.5296403505682207e+04   1.7605981119972239e+04   1.3284291739306267e+04
  -2.6415437863120164e+03  -1.6003432400258534e+04  -2.5466691234511349e+04   2.5457072288331383e+03   1.5477161667579678e+04  -1.5294942714806248e+04   1.7604976037545126e+04   1.3282808230754878e+04
  -2.6408171721696449e+03  -1.6003578866448310e+04  -2.5465861500289615e+04   2.5484212655842039e+03   1.5479457299498419e+04  -1.5293482014513984e+04   1.7603970982483395e+04   1.3281324856083445e+04
  -2.6400903422990509e+03  -1.6003725201691490e+04  -2.5465031414434143e+04   2.5511352806515629e+03   1.5481752744303179e+04  -1.5292021404848263e+04   1.7602965954838830e+04   1.3279841615332212e+04
  -2.6393632966713453e+03  -1.6003871405936397e+04  -2.5464200976965083e+04   2.5538492739696749e+03   1.5484048001933688e+04  -1.5290560885851926e+04   1.7601960954663162e+04   1.3278358508541372e+04
  -2.6386360352576494e+03  -1.6004017479131377e+04  -2.5463370187902656e+04   2.5565632454730007e+03   1.5486343072329671e+04  -1.5289100457567827e+04   1.7600955982008178e+04   1.3276875535751160e+04
  -2.6379085580290975e+03  -1.6004163421224788e+04  -2.5462539047267015e+04   2.5592771950960023e+03   1.5488637955430877e+04  -1.5287640120038774e+04   1.7599951036925588e+04   1.3275392697001722e+04
  -2.6371808649568316e+03  -1.6004309232164960e+04  -2.5461707555078388e+04   2.5619911227731400e+03   1.5490932651177040e+04  -1.5286179873307601e+04   1.7598946119467138e+04   1.3273909992333249e+04
  -2.6364529560120113e+03  -1.6004454911900270e+04  -2.5460875711356970e+04   2.5647050284388797e+03   1.5493227159507907e+04  -1.5284719717417118e+04   1.7597941229684569e+04   1.3272427421785937e+04
  -2.6357248311657954e+03  -1.6004600460379044e+04  -2.5460043516123016e+04   2.5674189120276819e+03   1.5495521480363244e+04  -1.5283259652410121e+04   1.7596936367629605e+04   1.3270944985399912e+04
  -2.6349964903893665e+03  -1.6004745877549660e+04  -2.5459210969396747e+04   2.5701327734740071e+03   1.5497815613682798e+04  -1.5281799678329422e+04   1.7595931533353953e+04   1.3269462683215346e+04
  -2.6342679336539109e+03  -1.6004891163360475e+04  -2.5458378071198415e+04   2.5728466127123188e+03   1.5500109559406344e+04  -1.5280339795217787e+04   1.7594926726909333e+04   1.3267980515272357e+04
  -2.6335391609306271e+03  -1.6005036317759859e+04  -2.5457544821548301e+04   2.5755604296770834e+03   1.5502403317473656e+04  -1.5278880003118005e+04   1.7593921948347459e+04   1.3266498481611092e+04
  -2.6328101721907196e+03  -1.6005181340696170e+04  -2.5456711220466656e+04   2.5782742243027633e+03   1.5504696887824515e+04  -1.5277420302072847e+04   1.7592917197720017e+04   1.3265016582271654e+04
  -2.6320809674054158e+03  -1.6005326232117775e+04  -2.5455877267973781e+04   2.5809879965238224e+03   1.5506990270398695e+04  -1.5275960692125072e+04   1.7591912475078723e+04   1.3263534817294158e+04
  -2.6313515465459423e+03  -1.6005470991973067e+04  -2.5455042964089989e+04   2.5837017462747240e+03   1.5509283465135992e+04  -1.5274501173317436e+04   1.7590907780475271e+04   1.3262053186718691e+04
  -2.6306219095835418e+03  -1.6005615620210383e+04  -2.5454208308835568e+04   2.5864154734899357e+03   1.5511576471976197e+04  -1.5273041745692672e+04   1.7589903113961314e+04   1.3260571690585341e+04
  -2.6298920564894684e+03  -1.6005760116778159e+04  -2.5453373302230855e+04   2.5891291781039185e+03   1.5513869290859126e+04  -1.5271582409293527e+04   1.7588898475588550e+04   1.3259090328934190e+04
  -2.6291619872349843e+03  -1.6005904481624739e+04  -2.5452537944296193e+04   2.5918428600511415e+03   1.5516161921724566e+04  -1.5270123164162727e+04   1.7587893865408667e+04   1.3257609101805278e+04
  -2.6284317017913636e+03  -1.6006048714698514e+04  -2.5451702235051911e+04   2.5945565192660697e+03   1.5518454364512345e+04  -1.5268664010342989e+04   1.7586889283473287e+04   1.3256128009238701e+04
  -2.6277012001298917e+03  -1.6006192815947872e+04  -2.5450866174518400e+04   2.5972701556831689e+03   1.5520746619162283e+04  -1.5267204947877017e+04   1.7585884729834113e+04   1.3254647051274453e+04
  -2.6269704822218682e+03  -1.6006336785321215e+04  -2.5450029762716014e+04   2.5999837692369065e+03   1.5523038685614189e+04  -1.5265745976807520e+04   1.7584880204542795e+04   1.3253166227952599e+04
  -2.6262395480385931e+03  -1.6006480622766929e+04  -2.5449192999665138e+04   2.6026973598617469e+03   1.5525330563807909e+04  -1.5264287097177199e+04   1.7583875707650950e+04   1.3251685539313163e+04
  -2.6255083975513926e+03  -1.6006624328233405e+04  -2.5448355885386165e+04   2.6054109274921584e+03   1.5527622253683272e+04  -1.5262828309028715e+04   1.7582871239210257e+04   1.3250204985396133e+04
  -2.6247770307315895e+03  -1.6006767901669071e+04  -2.5447518419899508e+04   2.6081244720626123e+03   1.5529913755180118e+04  -1.5261369612404778e+04   1.7581866799272335e+04   1.3248724566241524e+04
  -2.6240454475505267e+03  -1.6006911343022299e+04  -2.5446680603225595e+04   2.6108379935075732e+03   1.5532205068238303e+04  -1.5259911007348026e+04   1.7580862387888803e+04   1.3247244281889334e+04
  -2.6233136479795539e+03  -1.6007054652241510e+04  -2.5445842435384864e+04   2.6135514917615092e+03   1.5534496192797671e+04  -1.5258452493901133e+04   1.7579858005111324e+04   1.3245764132379529e+04
  -2.6225816319900314e+03  -1.6007197829275123e+04  -2.5445003916397727e+04   2.6162649667588926e+03   1.5536787128798098e+04  -1.5256994072106751e+04   1.7578853650991481e+04   1.3244284117752071e+04
  -2.6218493995533340e+03  -1.6007340874071531e+04  -2.5444165046284663e+04   2.6189784184341879e+03   1.5539077876179417e+04  -1.5255535742007518e+04   1.7577849325580893e+04   1.3242804238046929e+04
  -2.6211169506408423e+03  -1.6007483786579172e+04  -2.5443325825066164e+04   2.6216918467218679e+03   1.5541368434881540e+04  -1.5254077503646067e+04   1.7576845028931195e+04   1.3241324493304062e+04
  -2.6203842852239536e+03  -1.6007626566746441e+04  -2.5442486252762676e+04   2.6244052515564026e+03   1.5543658804844315e+04  -1.5252619357065028e+04   1.7575840761093950e+04   1.3239844883563392e+04
  -2.6196514032740693e+03  -1.6007769214521795e+04  -2.5441646329394694e+04   2.6271186328722597e+03   1.5545948986007652e+04  -1.5251161302307013e+04   1.7574836522120771e+04   1.3238365408864853e+04
  -2.6189183047626079e+03  -1.6007911729853617e+04  -2.5440806054982750e+04   2.6298319906039123e+03   1.5548238978311405e+04  -1.5249703339414638e+04   1.7573832312063252e+04   1.3236886069248352e+04
  -2.6181849896609961e+03  -1.6008054112690359e+04  -2.5439965429547334e+04   2.6325453246858315e+03   1.5550528781695482e+04  -1.5248245468430490e+04   1.7572828130972965e+04   1.3235406864753801e+04
  -2.6174514579406705e+03  -1.6008196362980469e+04  -2.5439124453108987e+04   2.6352586350524880e+03   1.5552818396099794e+04  -1.5246787689397182e+04   1.7571823978901484e+04   1.3233927795421094e+04
  -2.6167177095730808e+03  -1.6008338480672350e+04  -2.5438283125688249e+04   2.6379719216383542e+03   1.5555107821464237e+04  -1.5245330002357276e+04   1.7570819855900398e+04   1.3232448861290120e+04
  -2.6159837445296848e+03  -1.6008480465714454e+04  -2.5437441447305682e+04   2.6406851843779027e+03   1.5557397057728738e+04  -1.5243872407353361e+04   1.7569815762021259e+04   1.3230970062400751e+04
  -2.6152495627819567e+03  -1.6008622318055221e+04  -2.5436599417981844e+04   2.6433984232056041e+03   1.5559686104833196e+04  -1.5242414904427997e+04   1.7568811697315632e+04   1.3229491398792841e+04
  -2.6145151643013737e+03  -1.6008764037643101e+04  -2.5435757037737305e+04   2.6461116380559351e+03   1.5561974962717528e+04  -1.5240957493623733e+04   1.7567807661835075e+04   1.3228012870506256e+04
  -2.6137805490594296e+03  -1.6008905624426523e+04  -2.5434914306592658e+04   2.6488248288633663e+03   1.5564263631321692e+04  -1.5239500174983128e+04   1.7566803655631116e+04   1.3226534477580823e+04
  -2.6130457170276281e+03  -1.6009047078353960e+04  -2.5434071224568492e+04   2.6515379955623735e+03   1.5566552110585608e+04  -1.5238042948548728e+04   1.7565799678755309e+04   1.3225056220056404e+04
  -2.6123106681774834e+03  -1.6009188399373854e+04  -2.5433227791685462e+04   2.6542511380874316e+03   1.5568840400449215e+04  -1.5236585814363063e+04   1.7564795731259201e+04   1.3223578097972784e+04
  -2.6115754024805183e+03  -1.6009329587434655e+04  -2.5432384007964160e+04   2.6569642563730131e+03   1.5571128500852472e+04  -1.5235128772468637e+04   1.7563791813194304e+04   1.3222100111369782e+04
  -2.6108399199082723e+03  -1.6009470642484830e+04  -2.5431539873425230e+04   2.6596773503535937e+03   1.5573416411735318e+04  -1.5233671822907976e+04   1.7562787924612152e+04   1.3220622260287215e+04
  -2.6101042204322889e+03  -1.6009611564472851e+04  -2.5430695388089338e+04   2.6623904199636527e+03   1.5575704133037709e+04  -1.5232214965723610e+04   1.7561784065564258e+04   1.3219144544764858e+04
  -2.6093683040241267e+03  -1.6009752353347167e+04  -2.5429850551977110e+04   2.6651034651376604e+03   1.5577991664699624e+04  -1.5230758200957998e+04   1.7560780236102117e+04   1.3217666964842494e+04
  -2.6086321706553554e+03  -1.6009893009056264e+04  -2.5429005365109231e+04   2.6678164858100990e+03   1.5580279006661025e+04  -1.5229301528653663e+04   1.7559776436277265e+04   1.3216189520559888e+04
  -2.6078958202975546e+03  -1.6010033531548590e+04  -2.5428159827506421e+04   2.6705294819154415e+03   1.5582566158861899e+04  -1.5227844948853068e+04   1.7558772666141191e+04   1.3214712211956792e+04
  -2.6071592529223140e+03  -1.6010173920772640e+04  -2.5427313939189335e+04   2.6732424533881667e+03   1.5584853121242213e+04  -1.5226388461598684e+04   1.7557768925745364e+04   1.3213235039072972e+04
  -2.6064224685012341e+03  -1.6010314176676884e+04  -2.5426467700178720e+04   2.6759554001627525e+03   1.5587139893741965e+04  -1.5224932066932972e+04   1.7556765215141320e+04   1.3211758001948156e+04
  -2.6056854670059274e+03  -1.6010454299209816e+04  -2.5425621110495249e+04   2.6786683221736785e+03   1.5589426476301152e+04  -1.5223475764898418e+04   1.7555761534380486e+04   1.3210281100622051e+04
  -2.6049482484080199e+03  -1.6010594288319906e+04  -2.5424774170159697e+04   2.6813812193554213e+03   1.5591712868859757e+04  -1.5222019555537436e+04   1.7554757883514383e+04   1.3208804335134395e+04
  -2.6042108126791422e+03  -1.6010734143955642e+04  -2.5423926879192808e+04   2.6840940916424597e+03   1.5593999071357806e+04  -1.5220563438892468e+04   1.7553754262594459e+04   1.3207327705524880e+04
  -2.6034731597909426e+03  -1.6010873866065524e+04  -2.5423079237615315e+04   2.6868069389692764e+03   1.5596285083735294e+04  -1.5219107415005945e+04   1.7552750671672162e+04   1.3205851211833213e+04
  -2.6027352897150731e+03  -1.6011013454598042e+04  -2.5422231245447994e+04   2.6895197612703478e+03   1.5598570905932265e+04  -1.5217651483920303e+04   1.7551747110798984e+04   1.3204374854099058e+04
  -2.6019972024232061e+03  -1.6011152909501685e+04  -2.5421382902711663e+04   2.6922325584801565e+03   1.5600856537888705e+04  -1.5216195645677941e+04   1.7550743580026359e+04   1.3202898632362097e+04
  -2.6012588978870140e+03  -1.6011292230724965e+04  -2.5420534209427060e+04   2.6949453305331831e+03   1.5603141979544676e+04  -1.5214739900321274e+04   1.7549740079405721e+04   1.3201422546661999e+04
  -2.6005203760781883e+03  -1.6011431418216376e+04  -2.5419685165615032e+04   2.6976580773639107e+03   1.5605427230840191e+04  -1.5213284247892681e+04   1.7548736608988522e+04   1.3199946597038403e+04
  -2.5997816369684292e+03  -1.6011570471924440e+04  -2.5418835771296370e+04   2.7003707989068189e+03   1.5607712291715306e+04  -1.5211828688434554e+04   1.7547733168826202e+04   1.3198470783530947e+04
  -2.5990426805294469e+03  -1.6011709391797636e+04  -2.5417986026491933e+04   2.7030834950963895e+03   1.5609997162110058e+04  -1.5210373221989299e+04   1.7546729758970188e+04   1.3196995106179300e+04
  -2.5983035067329615e+03  -1.6011848177784521e+04  -2.5417135931222529e+04   2.7057961658671079e+03   1.5612281841964506e+04  -1.5208917848599242e+04   1.7545726379471875e+04   1.3195519565023034e+04
  -2.5975641155507101e+03  -1.6011986829833575e+04  -2.5416285485509037e+04   2.7085088111534578e+03   1.5614566331218697e+04  -1.5207462568306770e+04   1.7544723030382720e+04   1.3194044160101768e+04
  -2.5968245069544296e+03  -1.6012125347893334e+04  -2.5415434689372312e+04   2.7112214308899197e+03   1.5616850629812723e+04  -1.5206007381154235e+04   1.7543719711754078e+04   1.3192568891455117e+04
  -2.5960846809158802e+03  -1.6012263731912311e+04  -2.5414583542833243e+04   2.7139340250109803e+03   1.5619134737686636e+04  -1.5204552287183962e+04   1.7542716423637408e+04   1.3191093759122643e+04
  -2.5953446374068230e+03  -1.6012401981839039e+04  -2.5413732045912708e+04   2.7166465934511230e+03   1.5621418654780506e+04  -1.5203097286438322e+04   1.7541713166084068e+04   1.3189618763143957e+04
  -2.5946043763990383e+03  -1.6012540097622046e+04  -2.5412880198631618e+04   2.7193591361448339e+03   1.5623702381034429e+04  -1.5201642378959608e+04   1.7540709939145465e+04   1.3188143903558608e+04
  -2.5938638978643112e+03  -1.6012678079209856e+04  -2.5412028001010880e+04   2.7220716530265995e+03   1.5625985916388490e+04  -1.5200187564790152e+04   1.7539706742872982e+04   1.3186669180406147e+04
  -2.5931232017744401e+03  -1.6012815926551013e+04  -2.5411175453071428e+04   2.7247841440309044e+03   1.5628269260782785e+04  -1.5198732843972284e+04   1.7538703577318007e+04   1.3185194593726113e+04
  -2.5923822881012334e+03  -1.6012953639594052e+04  -2.5410322554834180e+04   2.7274966090922358e+03   1.5630552414157397e+04  -1.5197278216548268e+04   1.7537700442531892e+04   1.3183720143558070e+04
  -2.5916411568165136e+03  -1.6013091218287514e+04  -2.5409469306320119e+04   2.7302090481450819e+03   1.5632835376452456e+04  -1.5195823682560422e+04   1.7536697338566024e+04   1.3182245829941507e+04
  -2.5908998078921104e+03  -1.6013228662579950e+04  -2.5408615707550172e+04   2.7329214611239277e+03   1.5635118147608062e+04  -1.5194369242051016e+04   1.7535694265471750e+04   1.3180771652915955e+04
  -2.5901582412998673e+03  -1.6013365972419901e+04  -2.5407761758545315e+04   2.7356338479632650e+03   1.5637400727564343e+04  -1.5192914895062340e+04   1.7534691223300422e+04   1.3179297612520922e+04
  -2.5894164570116332e+03  -1.6013503147755902e+04  -2.5406907459326576e+04   2.7383462085975807e+03   1.5639683116261405e+04  -1.5191460641636650e+04   1.7533688212103400e+04   1.3177823708795893e+04
  -2.5886744549992759e+03  -1.6013640188536539e+04  -2.5406052809914901e+04   2.7410585429613643e+03   1.5641965313639406e+04  -1.5190006481816201e+04   1.7532685231932035e+04   1.3176349941780336e+04
  -2.5879322352346712e+03  -1.6013777094710345e+04  -2.5405197810331349e+04   2.7437708509891036e+03   1.5644247319638447e+04  -1.5188552415643258e+04   1.7531682282837632e+04   1.3174876311513741e+04
  -2.5871897976897012e+03  -1.6013913866225908e+04  -2.5404342460596894e+04   2.7464831326152935e+03   1.5646529134198701e+04  -1.5187098443160057e+04   1.7530679364871550e+04   1.3173402818035562e+04
  -2.5864471423362666e+03  -1.6014050503031754e+04  -2.5403486760732620e+04   2.7491953877744199e+03   1.5648810757260298e+04  -1.5185644564408834e+04   1.7529676478085101e+04   1.3171929461385251e+04
  -2.5857042691462743e+03  -1.6014187005076485e+04  -2.5402630710759535e+04   2.7519076164009766e+03   1.5651092188763392e+04  -1.5184190779431803e+04   1.7528673622529608e+04   1.3170456241602238e+04
  -2.5849611780916407e+03  -1.6014323372308645e+04  -2.5401774310698693e+04   2.7546198184294553e+03   1.5653373428648150e+04  -1.5182737088271177e+04   1.7527670798256364e+04   1.3168983158725958e+04
  -2.5842178691442969e+03  -1.6014459604676824e+04  -2.5400917560571193e+04   2.7573319937943452e+03   1.5655654476854737e+04  -1.5181283490969179e+04   1.7526668005316715e+04   1.3167510212795827e+04
  -2.5834743422761853e+03  -1.6014595702129587e+04  -2.5400060460398094e+04   2.7600441424301425e+03   1.5657935333323323e+04  -1.5179829987568002e+04   1.7525665243761916e+04   1.3166037403851245e+04
  -2.5827305974592564e+03  -1.6014731664615520e+04  -2.5399203010200501e+04   2.7627562642713397e+03   1.5660215997994079e+04  -1.5178376578109828e+04   1.7524662513643307e+04   1.3164564731931623e+04
  -2.5819866346654744e+03  -1.6014867492083215e+04  -2.5398345209999516e+04   2.7654683592524316e+03   1.5662496470807197e+04  -1.5176923262636856e+04   1.7523659815012146e+04   1.3163092197076332e+04
  -2.5812424538668092e+03  -1.6015003184481242e+04  -2.5397487059816263e+04   2.7681804273079106e+03   1.5664776751702862e+04  -1.5175470041191229e+04   1.7522657147919697e+04   1.3161619799324755e+04
  -2.5804980550352498e+03  -1.6015138741758201e+04  -2.5396628559671855e+04   2.7708924683722744e+03   1.5667056840621271e+04  -1.5174016913815138e+04   1.7521654512417288e+04   1.3160147538716257e+04
  -2.5797534381427904e+03  -1.6015274163862678e+04  -2.5395769709587465e+04   2.7736044823800130e+03   1.5669336737502630e+04  -1.5172563880550722e+04   1.7520651908556134e+04   1.3158675415290185e+04
  -2.5790086031614355e+03  -1.6015409450743271e+04  -2.5394910509584221e+04   2.7763164692656287e+03   1.5671616442287137e+04  -1.5171110941440151e+04   1.7519649336387527e+04   1.3157203429085885e+04
  -2.5782635500632068e+03  -1.6015544602348584e+04  -2.5394050959683293e+04   2.7790284289636165e+03   1.5673895954915015e+04  -1.5169658096525525e+04   1.7518646795962715e+04   1.3155731580142692e+04
  -2.5775182788201287e+03  -1.6015679618627211e+04  -2.5393191059905876e+04   2.7817403614084683e+03   1.5676175275326475e+04  -1.5168205345849001e+04   1.7517644287332972e+04   1.3154259868499923e+04
  -2.5767727894042441e+03  -1.6015814499527765e+04  -2.5392330810273124e+04   2.7844522665346876e+03   1.5678454403461756e+04  -1.5166752689452711e+04   1.7516641810549518e+04   1.3152788294196893e+04
  -2.5760270817876017e+03  -1.6015949244998843e+04  -2.5391470210806281e+04   2.7871641442767718e+03   1.5680733339261071e+04  -1.5165300127378741e+04   1.7515639365663588e+04   1.3151316857272894e+04
  -2.5752811559422653e+03  -1.6016083854989078e+04  -2.5390609261526522e+04   2.7898759945692173e+03   1.5683012082664663e+04  -1.5163847659669209e+04   1.7514636952726432e+04   1.3149845557767219e+04
  -2.5745350118403062e+03  -1.6016218329447065e+04  -2.5389747962455102e+04   2.7925878173465235e+03   1.5685290633612787e+04  -1.5162395286366200e+04   1.7513634571789273e+04   1.3148374395719164e+04
  -2.5737886494538075e+03  -1.6016352668321431e+04  -2.5388886313613239e+04   2.7952996125431919e+03   1.5687568992045683e+04  -1.5160943007511816e+04   1.7512632222903329e+04   1.3146903371167962e+04
  -2.5730420687548635e+03  -1.6016486871560812e+04  -2.5388024315022209e+04   2.7980113800937243e+03   1.5689847157903594e+04  -1.5159490823148117e+04   1.7511629906119815e+04   1.3145432484152898e+04
  -2.5722952697155811e+03  -1.6016620939113805e+04  -2.5387161966703239e+04   2.8007231199326193e+03   1.5692125131126806e+04  -1.5158038733317193e+04   1.7510627621489919e+04   1.3143961734713219e+04
  -2.5715482523080764e+03  -1.6016754870929055e+04  -2.5386299268677634e+04   2.8034348319943792e+03   1.5694402911655572e+04  -1.5156586738061087e+04   1.7509625369064888e+04   1.3142491122888141e+04
  -2.5708010165044766e+03  -1.6016888666955190e+04  -2.5385436220966672e+04   2.8061465162135064e+03   1.5696680499430166e+04  -1.5155134837421867e+04   1.7508623148895880e+04   1.3141020648716907e+04
  -2.5700535622769212e+03  -1.6017022327140847e+04  -2.5384572823591639e+04   2.8088581725245003e+03   1.5698957894390855e+04  -1.5153683031441558e+04   1.7507620961034107e+04   1.3139550312238727e+04
  -2.5693058895975578e+03  -1.6017155851434662e+04  -2.5383709076573832e+04   2.8115698008618679e+03   1.5701235096477956e+04  -1.5152231320162211e+04   1.7506618805530736e+04   1.3138080113492795e+04
  -2.5685579984385486e+03  -1.6017289239785276e+04  -2.5382844979934620e+04   2.8142814011601145e+03   1.5703512105631746e+04  -1.5150779703625842e+04   1.7505616682436939e+04   1.3136610052518326e+04
  -2.5678098887720676e+03  -1.6017422492141342e+04  -2.5381980533695285e+04   2.8169929733537383e+03   1.5705788921792511e+04  -1.5149328181874469e+04   1.7504614591803907e+04   1.3135140129354484e+04
  -2.5670615605702910e+03  -1.6017555608451494e+04  -2.5381115737877219e+04   2.8197045173772499e+03   1.5708065544900557e+04  -1.5147876754950112e+04   1.7503612533682808e+04   1.3133670344040445e+04
  -2.5663130138054189e+03  -1.6017688588664394e+04  -2.5380250592501743e+04   2.8224160331651519e+03   1.5710341974896199e+04  -1.5146425422894761e+04   1.7502610508124777e+04   1.3132200696615375e+04
  -2.5655642484496539e+03  -1.6017821432728691e+04  -2.5379385097590242e+04   2.8251275206519535e+03   1.5712618211719759e+04  -1.5144974185750418e+04   1.7501608515180986e+04   1.3130731187118430e+04
  -2.5648152644752090e+03  -1.6017954140593034e+04  -2.5378519253164093e+04   2.8278389797721579e+03   1.5714894255311545e+04  -1.5143523043559051e+04   1.7500606554902581e+04   1.3129261815588723e+04
  -2.5640660618543147e+03  -1.6018086712206106e+04  -2.5377653059244687e+04   2.8305504104602760e+03   1.5717170105611893e+04  -1.5142071996362649e+04   1.7499604627340694e+04   1.3127792582065407e+04
  -2.5633166405592065e+03  -1.6018219147516553e+04  -2.5376786515853455e+04   2.8332618126508123e+03   1.5719445762561125e+04  -1.5140621044203162e+04   1.7498602732546464e+04   1.3126323486587598e+04
  -2.5625670005621332e+03  -1.6018351446473054e+04  -2.5375919623011774e+04   2.8359731862782764e+03   1.5721721226099597e+04  -1.5139170187122561e+04   1.7497600870571019e+04   1.3124854529194396e+04
  -2.5618171418353568e+03  -1.6018483609024268e+04  -2.5375052380741105e+04   2.8386845312771788e+03   1.5723996496167641e+04  -1.5137719425162799e+04   1.7496599041465466e+04   1.3123385709924911e+04
  -2.5610670643511453e+03  -1.6018615635118884e+04  -2.5374184789062863e+04   2.8413958475820286e+03   1.5726271572705620e+04  -1.5136268758365803e+04   1.7495597245280951e+04   1.3121917028818212e+04
  -2.5603167680817814e+03  -1.6018747524705565e+04  -2.5373316847998540e+04   2.8441071351273345e+03   1.5728546455653885e+04  -1.5134818186773507e+04   1.7494595482068569e+04   1.3120448485913388e+04
  -2.5595662529995566e+03  -1.6018879277733007e+04  -2.5372448557569573e+04   2.8468183938476104e+03   1.5730821144952790e+04  -1.5133367710427839e+04   1.7493593751879424e+04   1.3118980081249498e+04
  -2.5588155190767779e+03  -1.6019010894149869e+04  -2.5371579917797433e+04   2.8495296236773675e+03   1.5733095640542719e+04  -1.5131917329370701e+04   1.7492592054764602e+04   1.3117511814865600e+04
  -2.5580645662857601e+03  -1.6019142373904866e+04  -2.5370710928703622e+04   2.8522408245511142e+03   1.5735369942364045e+04  -1.5130467043644010e+04   1.7491590390775222e+04   1.3116043686800736e+04
  -2.5573133945988247e+03  -1.6019273716946673e+04  -2.5369841590309639e+04   2.8549519964033661e+03   1.5737644050357143e+04  -1.5129016853289670e+04   1.7490588759962331e+04   1.3114575697093938e+04
  -2.5565620039883124e+03  -1.6019404923223994e+04  -2.5368971902636989e+04   2.8576631391686401e+03   1.5739917964462424e+04  -1.5127566758349551e+04   1.7489587162377036e+04   1.3113107845784218e+04
  -2.5558103944265708e+03  -1.6019535992685507e+04  -2.5368101865707227e+04   2.8603742527814429e+03   1.5742191684620237e+04  -1.5126116758865532e+04   1.7488585598070418e+04   1.3111640132910605e+04
  -2.5550585658859577e+03  -1.6019666925279949e+04  -2.5367231479541857e+04   2.8630853371762955e+03   1.5744465210771017e+04  -1.5124666854879502e+04   1.7487584067093510e+04   1.3110172558512095e+04
  -2.5543065183388449e+03  -1.6019797720955989e+04  -2.5366360744162455e+04   2.8657963922877088e+03   1.5746738542855164e+04  -1.5123217046433314e+04   1.7486582569497390e+04   1.3108705122627660e+04
  -2.5535542517576105e+03  -1.6019928379662344e+04  -2.5365489659590552e+04   2.8685074180502015e+03   1.5749011680813081e+04  -1.5121767333568816e+04   1.7485581105333109e+04   1.3107237825296301e+04
  -2.5528017661146514e+03  -1.6020058901347733e+04  -2.5364618225847731e+04   2.8712184143982904e+03   1.5751284624585205e+04  -1.5120317716327865e+04   1.7484579674651734e+04   1.3105770666556984e+04
  -2.5520490613823649e+03  -1.6020189285960856e+04  -2.5363746442955602e+04   2.8739293812664901e+03   1.5753557374111931e+04  -1.5118868194752285e+04   1.7483578277504275e+04   1.3104303646448654e+04
  -2.5512961375331711e+03  -1.6020319533450436e+04  -2.5362874310935735e+04   2.8766403185893228e+03   1.5755829929333713e+04  -1.5117418768883905e+04   1.7482576913941793e+04   1.3102836765010275e+04
  -2.5505429945394899e+03  -1.6020449643765200e+04  -2.5362001829809731e+04   2.8793512263013013e+03   1.5758102290190986e+04  -1.5115969438764543e+04   1.7481575584015303e+04   1.3101370022280775e+04
  -2.5497896323737618e+03  -1.6020579616853867e+04  -2.5361128999599245e+04   2.8820621043369479e+03   1.5760374456624164e+04  -1.5114520204436025e+04   1.7480574287775835e+04   1.3099903418299067e+04
  -2.5490360510084311e+03  -1.6020709452665162e+04  -2.5360255820325885e+04   2.8847729526307835e+03   1.5762646428573726e+04  -1.5113071065940132e+04   1.7479573025274392e+04   1.3098436953104076e+04
  -2.5482822504159585e+03  -1.6020839151147826e+04  -2.5359382292011294e+04   2.8874837711173263e+03   1.5764918205980126e+04  -1.5111622023318658e+04   1.7478571796562017e+04   1.3096970626734719e+04
  -2.5475282305688147e+03  -1.6020968712250575e+04  -2.5358508414677151e+04   2.8901945597310973e+03   1.5767189788783811e+04  -1.5110173076613399e+04   1.7477570601689662e+04   1.3095504439229871e+04
  -2.5467739914394747e+03  -1.6021098135922150e+04  -2.5357634188345095e+04   2.8929053184066220e+03   1.5769461176925239e+04  -1.5108724225866119e+04   1.7476569440708376e+04   1.3094038390628428e+04
  -2.5460195330004367e+03  -1.6021227422111324e+04  -2.5356759613036833e+04   2.8956160470784189e+03   1.5771732370344915e+04  -1.5107275471118599e+04   1.7475568313669133e+04   1.3092572480969238e+04
  -2.5452648552241972e+03  -1.6021356570766784e+04  -2.5355884688774040e+04   2.8983267456810122e+03   1.5774003368983293e+04  -1.5105826812412586e+04   1.7474567220622910e+04   1.3091106710291195e+04
  -2.5445099580832753e+03  -1.6021485581837325e+04  -2.5355009415578428e+04   2.9010374141489260e+03   1.5776274172780864e+04  -1.5104378249789830e+04   1.7473566161620696e+04   1.3089641078633125e+04
  -2.5437548415501929e+03  -1.6021614455271676e+04  -2.5354133793471716e+04   2.9037480524166845e+03   1.5778544781678109e+04  -1.5102929783292071e+04   1.7472565136713460e+04   1.3088175586033880e+04
  -2.5429995055974846e+03  -1.6021743191018591e+04  -2.5353257822475614e+04   2.9064586604188116e+03   1.5780815195615549e+04  -1.5101481412961051e+04   1.7471564145952176e+04   1.3086710232532289e+04
  -2.5422439501977024e+03  -1.6021871789026831e+04  -2.5352381502611905e+04   2.9091692380898335e+03   1.5783085414533662e+04  -1.5100033138838475e+04   1.7470563189387794e+04   1.3085245018167157e+04
  -2.5414881753233994e+03  -1.6022000249245177e+04  -2.5351504833902283e+04   2.9118797853642795e+03   1.5785355438372959e+04  -1.5098584960966080e+04   1.7469562267071276e+04   1.3083779942977302e+04
  -2.5407321809471437e+03  -1.6022128571622348e+04  -2.5350627816368542e+04   2.9145903021766730e+03   1.5787625267073972e+04  -1.5097136879385547e+04   1.7468561379053568e+04   1.3082315007001524e+04
  -2.5399759670415201e+03  -1.6022256756107148e+04  -2.5349750450032487e+04   2.9173007884615445e+03   1.5789894900577221e+04  -1.5095688894138599e+04   1.7467560525385605e+04   1.3080850210278608e+04
  -2.5392195335791157e+03  -1.6022384802648336e+04  -2.5348872734915865e+04   2.9200112441534206e+03   1.5792164338823217e+04  -1.5094241005266898e+04   1.7466559706118336e+04   1.3079385552847310e+04
  -2.5384628805325369e+03  -1.6022512711194686e+04  -2.5347994671040491e+04   2.9227216691868321e+03   1.5794433581752506e+04  -1.5092793212812154e+04   1.7465558921302683e+04   1.3077921034746416e+04
  -2.5377060078743939e+03  -1.6022640481694976e+04  -2.5347116258428156e+04   2.9254320634963042e+03   1.5796702629305635e+04  -1.5091345516816005e+04   1.7464558170989578e+04   1.3076456656014670e+04
  -2.5369489155773113e+03  -1.6022768114097982e+04  -2.5346237497100716e+04   2.9281424270163743e+03   1.5798971481423121e+04  -1.5089897917320139e+04   1.7463557455229926e+04   1.3074992416690815e+04
  -2.5361916036139237e+03  -1.6022895608352501e+04  -2.5345358387079996e+04   2.9308527596815698e+03   1.5801240138045549e+04  -1.5088450414366194e+04   1.7462556774074637e+04   1.3073528316813588e+04
  -2.5354340719568813e+03  -1.6023022964407306e+04  -2.5344478928387838e+04   2.9335630614264219e+03   1.5803508599113455e+04  -1.5087003007995823e+04   1.7461556127574626e+04   1.3072064356421713e+04
  -2.5346763205788370e+03  -1.6023150182211200e+04  -2.5343599121046096e+04   2.9362733321854653e+03   1.5805776864567417e+04  -1.5085555698250651e+04   1.7460555515780779e+04   1.3070600535553891e+04
  -2.5339183494524650e+03  -1.6023277261712959e+04  -2.5342718965076670e+04   2.9389835718932354e+03   1.5808044934348003e+04  -1.5084108485172332e+04   1.7459554938744011e+04   1.3069136854248833e+04
  -2.5331601585504404e+03  -1.6023404202861415e+04  -2.5341838460501403e+04   2.9416937804842596e+03   1.5810312808395774e+04  -1.5082661368802463e+04   1.7458554396515166e+04   1.3067673312545210e+04
  -2.5324017478454557e+03  -1.6023531005605335e+04  -2.5340957607342229e+04   2.9444039578930783e+03   1.5812580486651334e+04  -1.5081214349182650e+04   1.7457553889145172e+04   1.3066209910481713e+04
  -2.5316431173102119e+03  -1.6023657669893531e+04  -2.5340076405621025e+04   2.9471141040542225e+03   1.5814847969055261e+04  -1.5079767426354507e+04   1.7456553416684877e+04   1.3064746648097012e+04
  -2.5308842669174255e+03  -1.6023784195674823e+04  -2.5339194855359739e+04   2.9498242189022335e+03   1.5817115255548149e+04  -1.5078320600359617e+04   1.7455552979185137e+04   1.3063283525429744e+04
  -2.5301251966398154e+03  -1.6023910582898017e+04  -2.5338312956580292e+04   2.9525343023716459e+03   1.5819382346070604e+04  -1.5076873871239577e+04   1.7454552576696849e+04   1.3061820542518593e+04
  -2.5293659064501212e+03  -1.6024036831511918e+04  -2.5337430709304601e+04   2.9552443543969948e+03   1.5821649240563229e+04  -1.5075427239035949e+04   1.7453552209270831e+04   1.3060357699402157e+04
  -2.5286063963210877e+03  -1.6024162941465373e+04  -2.5336548113554647e+04   2.9579543749128206e+03   1.5823915938966638e+04  -1.5073980703790299e+04   1.7452551876957932e+04   1.3058894996119074e+04
  -2.5278466662254705e+03  -1.6024288912707161e+04  -2.5335665169352411e+04   2.9606643638536652e+03   1.5826182441221446e+04  -1.5072534265544196e+04   1.7451551579809020e+04   1.3057432432707954e+04
  -2.5270867161360429e+03  -1.6024414745186146e+04  -2.5334781876719833e+04   2.9633743211540632e+03   1.5828448747268292e+04  -1.5071087924339186e+04   1.7450551317874921e+04   1.3055970009207409e+04
  -2.5263265460255789e+03  -1.6024540438851132e+04  -2.5333898235678938e+04   2.9660842467485586e+03   1.5830714857047800e+04  -1.5069641680216804e+04   1.7449551091206449e+04   1.3054507725656029e+04
  -2.5255661558668730e+03  -1.6024665993650968e+04  -2.5333014246251711e+04   2.9687941405716911e+03   1.5832980770500604e+04  -1.5068195533218584e+04   1.7448550899854436e+04   1.3053045582092382e+04
  -2.5248055456327243e+03  -1.6024791409534475e+04  -2.5332129908460171e+04   2.9715040025580033e+03   1.5835246487567350e+04  -1.5066749483386047e+04   1.7447550743869706e+04   1.3051583578555063e+04
  -2.5240447152959496e+03  -1.6024916686450500e+04  -2.5331245222326346e+04   2.9742138326420350e+03   1.5837512008188683e+04  -1.5065303530760708e+04   1.7446550623303050e+04   1.3050121715082601e+04
  -2.5232836648293687e+03  -1.6025041824347876e+04  -2.5330360187872273e+04   2.9769236307583378e+03   1.5839777332305275e+04  -1.5063857675384072e+04   1.7445550538205302e+04   1.3048659991713568e+04
  -2.5225223942058196e+03  -1.6025166823175450e+04  -2.5329474805120011e+04   2.9796333968414451e+03   1.5842042459857781e+04  -1.5062411917297643e+04   1.7444550488627239e+04   1.3047198408486493e+04
  -2.5217609033981466e+03  -1.6025291682882080e+04  -2.5328589074091618e+04   2.9823431308259087e+03   1.5844307390786862e+04  -1.5060966256542901e+04   1.7443550474619646e+04   1.3045736965439912e+04
  -2.5209991923792099e+03  -1.6025416403416621e+04  -2.5327702994809148e+04   2.9850528326462736e+03   1.5846572125033203e+04  -1.5059520693161317e+04   1.7442550496233340e+04   1.3044275662612323e+04
  -2.5202372611218739e+03  -1.6025540984727919e+04  -2.5326816567294711e+04   2.9877625022370862e+03   1.5848836662537478e+04  -1.5058075227194386e+04   1.7441550553519057e+04   1.3042814500042245e+04
  -2.5194751095990214e+03  -1.6025665426764825e+04  -2.5325929791570401e+04   2.9904721395328879e+03   1.5851101003240376e+04  -1.5056629858683540e+04   1.7440550646527598e+04   1.3041353477768176e+04
  -2.5187127377835432e+03  -1.6025789729476217e+04  -2.5325042667658330e+04   2.9931817444682365e+03   1.5853365147082593e+04  -1.5055184587670250e+04   1.7439550775309719e+04   1.3039892595828585e+04
  -2.5179501456483385e+03  -1.6025913892810964e+04  -2.5324155195580621e+04   2.9958913169776743e+03   1.5855629094004829e+04  -1.5053739414195952e+04   1.7438550939916186e+04   1.3038431854261957e+04
  -2.5171873331663214e+03  -1.6026037916717925e+04  -2.5323267375359399e+04   2.9986008569957507e+03   1.5857892843947790e+04  -1.5052294338302083e+04   1.7437551140397743e+04   1.3036971253106758e+04
  -2.5164243003104170e+03  -1.6026161801145972e+04  -2.5322379207016813e+04   3.0013103644570192e+03   1.5860156396852180e+04  -1.5050849360030081e+04   1.7436551376805146e+04   1.3035510792401437e+04
  -2.5156610470535597e+03  -1.6026285546043997e+04  -2.5321490690575032e+04   3.0040198392960269e+03   1.5862419752658723e+04  -1.5049404479421359e+04   1.7435551649189118e+04   1.3034050472184415e+04
  -2.5148975733686957e+03  -1.6026409151360856e+04  -2.5320601826056201e+04   3.0067292814473294e+03   1.5864682911308149e+04  -1.5047959696517310e+04   1.7434551957600419e+04   1.3032590292494144e+04
  -2.5141338792287825e+03  -1.6026532617045452e+04  -2.5319712613482538e+04   3.0094386908454794e+03   1.5866945872741178e+04  -1.5046515011359354e+04   1.7433552302089764e+04   1.3031130253369045e+04
  -2.5133699646067889e+03  -1.6026655943046664e+04  -2.5318823052876196e+04   3.0121480674250251e+03   1.5869208636898551e+04  -1.5045070423988860e+04   1.7432552682707876e+04   1.3029670354847520e+04
  -2.5126058294756936e+03  -1.6026779129313383e+04  -2.5317933144259408e+04   3.0148574111205239e+03   1.5871471203721008e+04  -1.5043625934447233e+04   1.7431553099505483e+04   1.3028210596967958e+04
  -2.5118414738084894e+03  -1.6026902175794503e+04  -2.5317042887654381e+04   3.0175667218665299e+03   1.5873733573149302e+04  -1.5042181542775834e+04   1.7430553552533260e+04   1.3026750979768753e+04
  -2.5110768975781752e+03  -1.6027025082438922e+04  -2.5316152283083349e+04   3.0202759995976016e+03   1.5875995745124204e+04  -1.5040737249016045e+04   1.7429554041841940e+04   1.3025291503288292e+04
  -2.5103121007577670e+03  -1.6027147849195539e+04  -2.5315261330568559e+04   3.0229852442482925e+03   1.5878257719586440e+04  -1.5039293053209196e+04   1.7428554567482199e+04   1.3023832167564917e+04
  -2.5095470833202880e+03  -1.6027270476013264e+04  -2.5314370030132239e+04   3.0256944557531597e+03   1.5880519496476796e+04  -1.5037848955396654e+04   1.7427555129504755e+04   1.3022372972636998e+04
  -2.5087818452387728e+03  -1.6027392962840990e+04  -2.5313478381796700e+04   3.0284036340467615e+03   1.5882781075736057e+04  -1.5036404955619766e+04   1.7426555727960269e+04   1.3020913918542874e+04
  -2.5080163864862675e+03  -1.6027515309627648e+04  -2.5312586385584167e+04   3.0311127790636579e+03   1.5885042457304986e+04  -1.5034961053919838e+04   1.7425556362899428e+04   1.3019455005320873e+04
  -2.5072507070358324e+03  -1.6027637516322136e+04  -2.5311694041516967e+04   3.0338218907384085e+03   1.5887303641124374e+04  -1.5033517250338195e+04   1.7424557034372898e+04   1.3017996233009324e+04
  -2.5064848068605329e+03  -1.6027759582873381e+04  -2.5310801349617370e+04   3.0365309690055733e+03   1.5889564627135022e+04  -1.5032073544916171e+04   1.7423557742431334e+04   1.3016537601646551e+04
  -2.5057186859334524e+03  -1.6027881509230301e+04  -2.5309908309907732e+04   3.0392400137997115e+03   1.5891825415277723e+04  -1.5030629937695039e+04   1.7422558487125421e+04   1.3015079111270819e+04
  -2.5049523442276777e+03  -1.6028003295341825e+04  -2.5309014922410315e+04   3.0419490250553881e+03   1.5894086005493278e+04  -1.5029186428716115e+04   1.7421559268505785e+04   1.3013620761920442e+04
  -2.5041857817163150e+03  -1.6028124941156868e+04  -2.5308121187147506e+04   3.0446580027071645e+03   1.5896346397722498e+04  -1.5027743018020688e+04   1.7420560086623078e+04   1.3012162553633716e+04
  -2.5034189983724750e+03  -1.6028246446624385e+04  -2.5307227104141657e+04   3.0473669466896022e+03   1.5898606591906209e+04  -1.5026299705650024e+04   1.7419560941527947e+04   1.3010704486448854e+04
  -2.5026519941692841e+03  -1.6028367811693304e+04  -2.5306332673415098e+04   3.0500758569372715e+03   1.5900866587985231e+04  -1.5024856491645392e+04   1.7418561833271018e+04   1.3009246560404152e+04
  -2.5018847690798771e+03  -1.6028489036312551e+04  -2.5305437894990206e+04   3.0527847333847344e+03   1.5903126385900385e+04  -1.5023413376048060e+04   1.7417562761902922e+04   1.3007788775537863e+04
  -2.5011173230773989e+03  -1.6028610120431083e+04  -2.5304542768889387e+04   3.0554935759665545e+03   1.5905385985592522e+04  -1.5021970358899262e+04   1.7416563727474273e+04   1.3006331131888212e+04
  -2.5003496561350112e+03  -1.6028731063997828e+04  -2.5303647295135001e+04   3.0582023846173010e+03   1.5907645387002471e+04  -1.5020527440240277e+04   1.7415564730035672e+04   1.3004873629493404e+04
  -2.4995817682258789e+03  -1.6028851866961762e+04  -2.5302751473749493e+04   3.0609111592715417e+03   1.5909904590071084e+04  -1.5019084620112291e+04   1.7414565769637768e+04   1.3003416268391673e+04
  -2.4988136593231857e+03  -1.6028972529271818e+04  -2.5301855304755252e+04   3.0636198998638456e+03   1.5912163594739235e+04  -1.5017641898556563e+04   1.7413566846331127e+04   1.3001959048621215e+04
  -2.4980453294001222e+03  -1.6029093050876960e+04  -2.5300958788174732e+04   3.0663286063287806e+03   1.5914422400947753e+04  -1.5016199275614292e+04   1.7412567960166351e+04   1.3000501970220223e+04
  -2.4972767784298881e+03  -1.6029213431726141e+04  -2.5300061924030371e+04   3.0690372786009179e+03   1.5916681008637528e+04  -1.5014756751326691e+04   1.7411569111194018e+04   1.2999045033226881e+04
  -2.4965080063857004e+03  -1.6029333671768334e+04  -2.5299164712344627e+04   3.0717459166148292e+03   1.5918939417749420e+04  -1.5013314325734955e+04   1.7410570299464729e+04   1.2997588237679351e+04
  -2.4957390132407859e+03  -1.6029453770952505e+04  -2.5298267153139954e+04   3.0744545203050843e+03   1.5921197628224325e+04  -1.5011871998880280e+04   1.7409571525029045e+04   1.2996131583615799e+04
  -2.4949697989683732e+03  -1.6029573729227615e+04  -2.5297369246438851e+04   3.0771630896062579e+03   1.5923455640003102e+04  -1.5010429770803836e+04   1.7408572787937548e+04   1.2994675071074378e+04
  -2.4942003635417173e+03  -1.6029693546542656e+04  -2.5296470992263770e+04   3.0798716244529237e+03   1.5925713453026681e+04  -1.5008987641546802e+04   1.7407574088240792e+04   1.2993218700093221e+04
  -2.4934307069340725e+03  -1.6029813222846586e+04  -2.5295572390637273e+04   3.0825801247796526e+03   1.5927971067235929e+04  -1.5007545611150344e+04   1.7406575425989326e+04   1.2991762470710430e+04
  -2.4926608291187094e+03  -1.6029932758088395e+04  -2.5294673441581839e+04   3.0852885905210264e+03   1.5930228482571760e+04  -1.5006103679655607e+04   1.7405576801233703e+04   1.2990306382964163e+04
  -2.4918907300689066e+03  -1.6030052152217071e+04  -2.5293774145119980e+04   3.0879970216116158e+03   1.5932485698975099e+04  -1.5004661847103745e+04   1.7404578214024481e+04   1.2988850436892491e+04
  -2.4911204097579607e+03  -1.6030171405181600e+04  -2.5292874501274266e+04   3.0907054179859997e+03   1.5934742716386834e+04  -1.5003220113535886e+04   1.7403579664412173e+04   1.2987394632533538e+04
  -2.4903498681591718e+03  -1.6030290516930971e+04  -2.5291974510067237e+04   3.0934137795787556e+03   1.5936999534747929e+04  -1.5001778478993167e+04   1.7402581152447332e+04   1.2985938969925370e+04
  -2.4895791052458530e+03  -1.6030409487414179e+04  -2.5291074171521450e+04   3.0961221063244620e+03   1.5939256153999273e+04  -1.5000336943516701e+04   1.7401582678180461e+04   1.2984483449106048e+04
  -2.4888081209913316e+03  -1.6030528316580232e+04  -2.5290173485659492e+04   3.0988303981576983e+03   1.5941512574081829e+04  -1.4998895507147598e+04   1.7400584241662087e+04   1.2983028070113654e+04
  -2.4880369153689444e+03  -1.6030647004378116e+04  -2.5289272452503930e+04   3.1015386550130447e+03   1.5943768794936532e+04  -1.4997454169926965e+04   1.7399585842942746e+04   1.2981572832986229e+04
  -2.4872654883520377e+03  -1.6030765550756856e+04  -2.5288371072077378e+04   3.1042468768250828e+03   1.5946024816504329e+04  -1.4996012931895884e+04   1.7398587482072893e+04   1.2980117737761813e+04
  -2.4864938399139701e+03  -1.6030883955665449e+04  -2.5287469344402438e+04   3.1069550635283972e+03   1.5948280638726168e+04  -1.4994571793095445e+04   1.7397589159103056e+04   1.2978662784478438e+04
  -2.4857219700281153e+03  -1.6031002219052911e+04  -2.5286567269501742e+04   3.1096632150575674e+03   1.5950536261543024e+04  -1.4993130753566726e+04   1.7396590874083733e+04   1.2977207973174114e+04
  -2.4849498786678519e+03  -1.6031120340868256e+04  -2.5285664847397908e+04   3.1123713313471790e+03   1.5952791684895861e+04  -1.4991689813350784e+04   1.7395592627065384e+04   1.2975753303886861e+04
  -2.4841775658065712e+03  -1.6031238321060511e+04  -2.5284762078113599e+04   3.1150794123318160e+03   1.5955046908725655e+04  -1.4990248972488676e+04   1.7394594418098503e+04   1.2974298776654668e+04
