  -2.4348250739867330e+04  -2.2490315645436203e+04  -8.5013045071002853e+03  -1.4742226825864363e+04  -8.7062443259625506e+03  -6.4359763789893523e+03  -3.6099418830465643e+03   8.0791194177095331e+03
  -2.4346928837089446e+04  -2.2492125512484665e+04  -8.5032785695181592e+03  -1.4741329036484551e+04  -8.7042652643875699e+03  -6.4390359943274207e+03  -3.6065663573814322e+03   8.0821212320237173e+03
  -2.4345606415874026e+04  -2.2493934904909740e+04  -8.5052524553105068e+03  -1.4740430940521255e+04  -8.7022860197771934e+03  -6.4420954751723202e+03  -3.6031907502439753e+03   8.0851228741885270e+03
  -2.4344283476299290e+04  -2.2495743822095625e+04  -8.5072261633113339e+03  -1.4739532538200792e+04  -8.7003065929394525e+03  -6.4451548207873057e+03  -3.5998150625579192e+03   8.0881243435734959e+03
  -2.4342960018443940e+04  -2.2497552263426533e+04  -8.5091996923543920e+03  -1.4738633829750283e+04  -8.6983269846832372e+03  -6.4482140304357426e+03  -3.5964392952472003e+03   8.0911256395483169e+03
  -2.4341636042236565e+04  -2.2499360230022201e+04  -8.5111730446485126e+03  -1.4737734814769281e+04  -8.6963471935136677e+03  -6.4512731053967746e+03  -3.5930634466890237e+03   8.0941267631809724e+03
  -2.4340311547755795e+04  -2.2501167721266800e+04  -8.5131462190273742e+03  -1.4736835493484750e+04  -8.6943672202395355e+03  -6.4543320449336625e+03  -3.5896875178073806e+03   8.0971277138410624e+03
  -2.4338986535080629e+04  -2.2502974736545173e+04  -8.5151192143256321e+03  -1.4735935866124200e+04  -8.6923870656696636e+03  -6.4573908483105070e+03  -3.5863115095255275e+03   8.1001284908989965e+03
  -2.4337661004139132e+04  -2.2504781276975915e+04  -8.5170920327503372e+03  -1.4735035932286459e+04  -8.6904067283093500e+03  -6.4604495168049962e+03  -3.5829354202220356e+03   8.1031290954213900e+03
  -2.4336334955010239e+04  -2.2506587341943788e+04  -8.5190646731360739e+03  -1.4734135692198861e+04  -8.6884262089673084e+03  -6.4635080496811306e+03  -3.5795592508202285e+03   8.1061295267785326e+03
  -2.4335008387773341e+04  -2.2508392930833557e+04  -8.5210371343170227e+03  -1.4733235146089597e+04  -8.6864455084532565e+03  -6.4665664462029154e+03  -3.5761830022437489e+03   8.1091297843408374e+03
  -2.4333681302355850e+04  -2.2510198044764118e+04  -8.5230094185012185e+03  -1.4732334293556220e+04  -8.6844646252707626e+03  -6.4696247076482523e+03  -3.5728066728704180e+03   8.1121298691749516e+03
  -2.4332353698837054e+04  -2.2512002683120118e+04  -8.5249815245227946e+03  -1.4731433134826741e+04  -8.6824835602294188e+03  -6.4726828332810483e+03  -3.5694302636239509e+03   8.1151297806511802e+03
  -2.4331025577296659e+04  -2.2513806845286930e+04  -8.5269534512168048e+03  -1.4730531670129729e+04  -8.6805023141388592e+03  -6.4757408223660350e+03  -3.5660537754273096e+03   8.1181295181406158e+03
  -2.4329696937661553e+04  -2.2515610532382289e+04  -8.5289252007895229e+03  -1.4729629899061998e+04  -8.6785208855028413e+03  -6.4787986761796710e+03  -3.5626772066596909e+03   8.1211290827085431e+03
  -2.4328367780011362e+04  -2.2517413743791505e+04  -8.5308967720759683e+03  -1.4728727821851975e+04  -8.6765392751308755e+03  -6.4818563939865935e+03  -3.5593005582441224e+03   8.1241284737259766e+03
  -2.4327038104426148e+04  -2.2519216478899842e+04  -8.5328681639107253e+03  -1.4727825438728885e+04  -8.6745574838334960e+03  -6.4849139750514450e+03  -3.5559238311039721e+03   8.1271276905639961e+03
  -2.4325707910832160e+04  -2.2521018738825318e+04  -8.5348393785010758e+03  -1.4726922749288275e+04  -8.6725755101127361e+03  -6.4879714206508970e+03  -3.5525470236176784e+03   8.1301267342879355e+03
  -2.4324377199360875e+04  -2.2522820522376067e+04  -8.5368104135581689e+03  -1.4726019753970737e+04  -8.6705933555483061e+03  -6.4910287293794718e+03  -3.5491701375563280e+03   8.1331256037046596e+03
  -2.4323045969938194e+04  -2.2524621830669166e+04  -8.5387812712876330e+03  -1.4725116452371380e+04  -8.6686110186426649e+03  -6.4940859025125928e+03  -3.5457931712996192e+03   8.1361242998783473e+03
  -2.4321714222696053e+04  -2.2526422662513043e+04  -8.5407519494008848e+03  -1.4724212844931491e+04  -8.6666285009760977e+03  -6.4971429386452064e+03  -3.5424161266184337e+03   8.1391228216163290e+03
  -2.4320381957559875e+04  -2.2528223019025183e+04  -8.5427224501046912e+03  -1.4723308931245279e+04  -8.6646458010495862e+03  -6.5001998390531608e+03  -3.5390390018916314e+03   8.1421211699830365e+03
  -2.4319049174610125e+04  -2.2530022899591157e+04  -8.5446927722338551e+03  -1.4722404711542515e+04  -8.6626629196740669e+03  -6.5032566030014241e+03  -3.5356617980424376e+03   8.1451193443499360e+03
  -2.4317715873927693e+04  -2.2531822303597120e+04  -8.5466629146241576e+03  -1.4721500186053552e+04  -8.6606798576605288e+03  -6.5063132297557959e+03  -3.5322845159933631e+03   8.1481173440892817e+03
  -2.4316382055437414e+04  -2.2533621232159465e+04  -8.5486328794805831e+03  -1.4720595354371857e+04  -8.6586966135101484e+03  -6.5093697205906728e+03  -3.5289071541246094e+03   8.1511151702641519e+03
  -2.4315047719220111e+04  -2.2535419684664295e+04  -8.5506026656388331e+03  -1.4719690216727604e+04  -8.6567131880337911e+03  -6.5124260747717572e+03  -3.5255297133587419e+03   8.1541128222467096e+03
  -2.4313712865357011e+04  -2.2537217660497743e+04  -8.5525722719342084e+03  -1.4718784773351807e+04  -8.6547295820433410e+03  -6.5154822915647592e+03  -3.5221521946186563e+03   8.1571102994092080e+03
  -2.4312377493772350e+04  -2.2539015160776453e+04  -8.5545417005726886e+03  -1.4717879023836646e+04  -8.6527457940382210e+03  -6.5185383722442793e+03  -3.5187745962838057e+03   8.1601076028147663e+03
  -2.4311041604547278e+04  -2.2540812184886479e+04  -8.5565109503895001e+03  -1.4716972968412983e+04  -8.6507618248302060e+03  -6.5215943160759261e+03  -3.5153969192771519e+03   8.1631047318355313e+03
  -2.4309705197763356e+04  -2.2542608732214499e+04  -8.5584800202208462e+03  -1.4716066607312228e+04  -8.6487776752310710e+03  -6.5246501223261530e+03  -3.5120191645209020e+03   8.1661016858444627e+03
  -2.4308368273344324e+04  -2.2544404803875710e+04  -8.5604489122702307e+03  -1.4715159940125939e+04  -8.6467933437409411e+03  -6.5277057922676877e+03  -3.5086413303964173e+03   8.1690984659029673e+03
  -2.4307030831371576e+04  -2.2546200399257472e+04  -8.5624176253751848e+03  -1.4714252967085127e+04  -8.6448088311705269e+03  -6.5307613251677112e+03  -3.5052634178249191e+03   8.1720950713845941e+03
  -2.4305692871927044e+04  -2.2547995517746356e+04  -8.5643861583714170e+03  -1.4713345688421839e+04  -8.6428241383325112e+03  -6.5338167202925661e+03  -3.5018854277290188e+03   8.1750915016622985e+03
  -2.4304354394880746e+04  -2.2549790161033845e+04  -8.5663545145858188e+03  -1.4712438103512337e+04  -8.6408392629539794e+03  -6.5368719795836614e+03  -3.4985073576424047e+03   8.1780877583599613e+03
  -2.4303015400473825e+04  -2.2551584326777869e+04  -8.5683226894855070e+03  -1.4711530213230979e+04  -8.6388542081623145e+03  -6.5399271003010590e+03  -3.4951292110295308e+03   8.1810838391624038e+03
  -2.4301675888575868e+04  -2.2553378016670747e+04  -8.5702906863992757e+03  -1.4710622016953117e+04  -8.6368689716827976e+03  -6.5429820843870975e+03  -3.4917509854226773e+03   8.1840797456942282e+03
  -2.4300335859322509e+04  -2.2555171229522020e+04  -8.5722585030379560e+03  -1.4709713515126139e+04  -8.6348835551018492e+03  -6.5460369304384467e+03  -3.4883726825932713e+03   8.1870754767650124e+03
  -2.4298995312635878e+04  -2.2556963966448038e+04  -8.5742261416083147e+03  -1.4708804707338461e+04  -8.6328979569148978e+03  -6.5490916397288847e+03  -3.4849943009202393e+03   8.1900710334367122e+03
  -2.4297654248598272e+04  -2.2558756226835707e+04  -8.5761936009462806e+03  -1.4707895593822685e+04  -8.6309121779350298e+03  -6.5521462115250879e+03  -3.4816158413260428e+03   8.1930664150826287e+03
  -2.4296312667292543e+04  -2.2560548010071470e+04  -8.5781608798866837e+03  -1.4706986174812439e+04  -8.6289262189768451e+03  -6.5552006450933313e+03  -3.4782373047340079e+03   8.1960616210758471e+03
  -2.4294970568640285e+04  -2.2562339317270580e+04  -8.5801279806345046e+03  -1.4706076449895372e+04  -8.6269400785359649e+03  -6.5582549417059381e+03  -3.4748586895244139e+03   8.1990566524769474e+03
  -2.4293627952724146e+04  -2.2564130147820153e+04  -8.5820949020258959e+03  -1.4705166419304665e+04  -8.6249537574258757e+03  -6.5613091006299082e+03  -3.4714799966195869e+03   8.2020515086595969e+03
  -2.4292284819627243e+04  -2.2565920501107623e+04  -8.5840616428972608e+03  -1.4704256083274158e+04  -8.6229672564606117e+03  -6.5643631211326647e+03  -3.4681012269416601e+03   8.2050461889979088e+03
  -2.4290941169270624e+04  -2.2567710378247455e+04  -8.5860282054525178e+03  -1.4703345441390658e+04  -8.6209805741354940e+03  -6.5674170044854982e+03  -3.4647223788717397e+03   8.2080406945514678e+03
  -2.4289597001737271e+04  -2.2569499778627407e+04  -8.5879945885287234e+03  -1.4702434493887726e+04  -8.6189937112639400e+03  -6.5704707499561491e+03  -3.4613434533314949e+03   8.2110350246946218e+03
  -2.4288252317110695e+04  -2.2571288701634443e+04  -8.5899607909611041e+03  -1.4701523241000004e+04  -8.6170066686613663e+03  -6.5735243568115229e+03  -3.4579644512439563e+03   8.2140291788011491e+03
  -2.4286907115311307e+04  -2.2573077148382945e+04  -8.5919268149538711e+03  -1.4700611682313172e+04  -8.6150194448218208e+03  -6.5765778263227103e+03  -3.4545853709900193e+03   8.2170231579303017e+03
  -2.4285561396422454e+04  -2.2574865118260586e+04  -8.5938926593436026e+03  -1.4699699818061448e+04  -8.6130320405596340e+03  -6.5796311577573488e+03  -3.4512062134917310e+03   8.2200169614564493e+03
  -2.4284215160527954e+04  -2.2576652610655270e+04  -8.5958583229671312e+03  -1.4698787648479736e+04  -8.6110444566896167e+03  -6.5826843503835044e+03  -3.4478269796709287e+03   8.2230105887544032e+03
  -2.4282868407547641e+04  -2.2578439626681018e+04  -8.5978238080282845e+03  -1.4697875173152708e+04  -8.6090566917050928e+03  -6.5857374054716429e+03  -3.4444476679088261e+03   8.2260040408827499e+03
  -2.4281521137565236e+04  -2.2580226165724987e+04  -8.5997891133624471e+03  -1.4696962392315394e+04  -8.6070687464217190e+03  -6.5887903222888981e+03  -3.4410682791283698e+03   8.2289973172155169e+03
  -2.4280173350664892e+04  -2.2582012227175743e+04  -8.6017542378073667e+03  -1.4696049306203075e+04  -8.6050806216542569e+03  -6.5918431001040635e+03  -3.4376888142507296e+03   8.2319904171282069e+03
  -2.4278825046765844e+04  -2.2583797812146491e+04  -8.6037191835657795e+03  -1.4695135914399563e+04  -8.6030923158957175e+03  -6.5948957401865719e+03  -3.4343092716579604e+03   8.2349833416784058e+03
  -2.4277476226007373e+04  -2.2585582919450539e+04  -8.6056839483529420e+03  -1.4694222217357765e+04  -8.6011038307356084e+03  -6.5979482411379413e+03  -3.4309296531182349e+03   8.2379760896806256e+03
  -2.4276126888308321e+04  -2.2587367550200848e+04  -8.6076485343713302e+03  -1.4693308214660789e+04  -8.5991151646664111e+03  -6.6010006042271798e+03  -3.4275499570138131e+03   8.2409686621920118e+03
  -2.4274777033808390e+04  -2.2589151703211388e+04  -8.6096129393371721e+03  -1.4692393906762110e+04  -8.5971263192776805e+03  -6.6040528280566477e+03  -3.4241701851121661e+03   8.2439610580278786e+03
  -2.4273426662426125e+04  -2.2590935379593764e+04  -8.6115771654505843e+03  -1.4691479293244573e+04  -8.5951372930628386e+03  -6.6071049138936942e+03  -3.4207903357973255e+03   8.2469532782438891e+03
  -2.4272075774245921e+04  -2.2592718578737502e+04  -8.6135412115509425e+03  -1.4690564374343756e+04  -8.5931480868361014e+03  -6.6101568610082813e+03  -3.4174104099892711e+03   8.2499453222165994e+03
  -2.4270724369352785e+04  -2.2594501300031432e+04  -8.6155050764757780e+03  -1.4689649150296380e+04  -8.5911587014136294e+03  -6.6132086686695347e+03  -3.4140304086093756e+03   8.2529371893219941e+03
  -2.4269372447664602e+04  -2.2596283544587026e+04  -8.6174687624255439e+03  -1.4688733620684119e+04  -8.5891691352876205e+03  -6.6162603381446161e+03  -3.4106503300414524e+03   8.2559288806154073e+03
  -2.4268020009266238e+04  -2.2598065311793438e+04  -8.6194322682384063e+03  -1.4687817785743388e+04  -8.5871793892736423e+03  -6.6193118687029655e+03  -3.4072701752064008e+03   8.2589203954730619e+03
  -2.4266667054242942e+04  -2.2599846601039662e+04  -8.6213955927521329e+03  -1.4686901645711388e+04  -8.5851894641882609e+03  -6.6223632596140424e+03  -3.4038899450254316e+03   8.2619117332712794e+03
  -2.4265313582512041e+04  -2.2601627413437556e+04  -8.6233587381681427e+03  -1.4685985200168559e+04  -8.5831993585219370e+03  -6.6254145121452002e+03  -3.4005096378816338e+03   8.2649028950654301e+03
  -2.4263959594158743e+04  -2.2603407748376085e+04  -8.6253217033241508e+03  -1.4685068449351957e+04  -8.5812090730911277e+03  -6.6284656255657974e+03  -3.3971292546962804e+03   8.2678938802317389e+03
  -2.4262605089268618e+04  -2.2605187605244941e+04  -8.6272844870588233e+03  -1.4684151393499185e+04  -8.5792186087123318e+03  -6.6315165991460299e+03  -3.3937487963899221e+03   8.2708846881472218e+03
  -2.4261250067758439e+04  -2.2606966985154770e+04  -8.6292470915718004e+03  -1.4683234032189966e+04  -8.5772279638761829e+03  -6.6345674341517943e+03  -3.3903682613469978e+03   8.2738753198658997e+03
  -2.4259894529713692e+04  -2.2608745887495563e+04  -8.6312095157023832e+03  -1.4682316365661609e+04  -8.5752371393985759e+03  -6.6376181298536021e+03  -3.3869876504875874e+03   8.2768657747650159e+03
  -2.4258538475220495e+04  -2.2610524311655816e+04  -8.6331717582866895e+03  -1.4681398394152788e+04  -8.5732461360983543e+03  -6.6406686855203161e+03  -3.3836069647341978e+03   8.2798560522205789e+03
  -2.4257181904194782e+04  -2.2612302258747543e+04  -8.6351338215274372e+03  -1.4680480117241528e+04  -8.5712549524629612e+03  -6.6437191024192789e+03  -3.3802262024689612e+03   8.2828461532876499e+03
  -2.4255824816779379e+04  -2.2614079727586661e+04  -8.6370957031420949e+03  -1.4679561535386300e+04  -8.5692635900861405e+03  -6.6467693791554066e+03  -3.3768453654584864e+03   8.2858360767844151e+03
  -2.4254467212890031e+04  -2.2615856719283114e+04  -8.6390574053296477e+03  -1.4678642648165127e+04  -8.5672720474572434e+03  -6.6498195169935670e+03  -3.3734644520877328e+03   8.2888258237637783e+03
  -2.4253109092669911e+04  -2.2617633232653487e+04  -8.6410189258085447e+03  -1.4677723456037033e+04  -8.5652803261700374e+03  -6.6528695145395013e+03  -3.3700834641225915e+03   8.2918153930447170e+03
  -2.4251750456034344e+04  -2.2619409268808180e+04  -8.6429802667788845e+03  -1.4676803958579116e+04  -8.5632884247124093e+03  -6.6559193730584957e+03  -3.3667023999471808e+03   8.2948047856803878e+03
  -2.4250391303069700e+04  -2.2621184827137065e+04  -8.6449414270791040e+03  -1.4675884156030201e+04  -8.5612963439021623e+03  -6.6589690918209835e+03  -3.3633212604823038e+03   8.2977940010481707e+03
  -2.4249031633862705e+04  -2.2622959907030618e+04  -8.6469024055485788e+03  -1.4674964048629659e+04  -8.5593040845571304e+03  -6.6620186700982194e+03  -3.3599400466480074e+03   8.3007830385262623e+03
  -2.4247671448328165e+04  -2.2624734509598162e+04  -8.6488632043856287e+03  -1.4674043635953849e+04  -8.5573116451653896e+03  -6.6650681091540437e+03  -3.3565587568297960e+03   8.3037718991664460e+03
  -2.4246310746552739e+04  -2.2626508634230122e+04  -8.6508238224295801e+03  -1.4673122918241981e+04  -8.5553190265446574e+03  -6.6681174082596153e+03  -3.3531773919477796e+03   8.3067605823468002e+03
  -2.4244949528623572e+04  -2.2628282280316926e+04  -8.6527842585193503e+03  -1.4672201895734126e+04  -8.5533262295136647e+03  -6.6711665666861136e+03  -3.3497959529224099e+03   8.3097490874455325e+03
  -2.4243587794454794e+04  -2.2630055448968160e+04  -8.6547445148542429e+03  -1.4671280568005341e+04  -8.5513332525587612e+03  -6.6742155856975696e+03  -3.3464144381384399e+03   8.3127374155144498e+03
  -2.4242225544133427e+04  -2.2631828139574154e+04  -8.6567045902731115e+03  -1.4670358935295511e+04  -8.5493400964985285e+03  -6.6772644645650635e+03  -3.3430328485163614e+03   8.3157255659316306e+03
  -2.4240862777746945e+04  -2.2633600351525962e+04  -8.6586644836157702e+03  -1.4669436997845087e+04  -8.5473467621516265e+03  -6.6803132025604946e+03  -3.3396511849759595e+03   8.3187135380759719e+03
  -2.4239499495208933e+04  -2.2635372085932024e+04  -8.6606241970797455e+03  -1.4668514755228412e+04  -8.5453532480045978e+03  -6.6833618009464508e+03  -3.3362694459033405e+03   8.3217013329979363e+03
  -2.4238135696606791e+04  -2.2637143342182935e+04  -8.6625837295041019e+03  -1.4667592207685902e+04  -8.5433595548764461e+03  -6.6864102589943432e+03  -3.3328876322188644e+03   8.3246889500759535e+03
  -2.4236771382028244e+04  -2.2638914119670728e+04  -8.6645430797302688e+03  -1.4666669355458258e+04  -8.5413656835852435e+03  -6.6894585759772126e+03  -3.3295057448411126e+03   8.3276763886899553e+03
  -2.4235406551386328e+04  -2.2640684419503010e+04  -8.6665022499546703e+03  -1.4665746198118946e+04  -8.5393716326172489e+03  -6.6925067531566110e+03  -3.3261237821570330e+03   8.3306636498893822e+03
  -2.4234041204768739e+04  -2.2642454241071042e+04  -8.6684612390172788e+03  -1.4664822735908780e+04  -8.5373774027913842e+03  -6.6955547898046752e+03  -3.3227417450863095e+03   8.3336507330533659e+03
  -2.4232675342263690e+04  -2.2644223583766005e+04  -8.6704200457576553e+03  -1.4663898969069414e+04  -8.5353829949275860e+03  -6.6986026851935467e+03  -3.3193596345489564e+03   8.3366376375611653e+03
  -2.4231308963783482e+04  -2.2645992448696226e+04  -8.6723786723739213e+03  -1.4662974897172893e+04  -8.5333884075098958e+03  -6.7016504405853866e+03  -3.3159774489306701e+03   8.3396243644625756e+03
  -2.4229942069475052e+04  -2.2647760834680961e+04  -8.6743371165869012e+03  -1.4662050520684166e+04  -8.5313936421365615e+03  -6.7046980545895576e+03  -3.3125951899956326e+03   8.3426109125804996e+03
  -2.4228574659250404e+04  -2.2649528742827559e+04  -8.6762953805930574e+03  -1.4661125839174891e+04  -8.5293986972920920e+03  -6.7077455284669823e+03  -3.3092128561308009e+03   8.3455972829636139e+03
  -2.4227206733256888e+04  -2.2651296171955601e+04  -8.6782534621135055e+03  -1.4660200853110697e+04  -8.5274035745752517e+03  -6.7107928608274442e+03  -3.3058304491001704e+03   8.3485834744352705e+03
  -2.4225838291406064e+04  -2.2653063123172851e+04  -8.6802113633458284e+03  -1.4659275562062310e+04  -8.5254082724690834e+03  -6.7138400529322780e+03  -3.3024479672898519e+03   8.3515694880443862e+03
  -2.4224469333786463e+04  -2.2654829595870764e+04  -8.6821690831298129e+03  -1.4658349966271913e+04  -8.5234127917939113e+03  -6.7168871040539534e+03  -3.2990654116197147e+03   8.3545553231705817e+03
  -2.4223099860487069e+04  -2.2656595589441513e+04  -8.6841266203062041e+03  -1.4657424065982252e+04  -8.5214171333701252e+03  -6.7199340134657796e+03  -3.2956827830089001e+03   8.3575409791942457e+03
  -2.4221729871418884e+04  -2.2658361104991680e+04  -8.6860839770708080e+03  -1.4656497860763306e+04  -8.5194212956809479e+03  -6.7229807824276395e+03  -3.2923000798448857e+03   8.3605264571629577e+03
  -2.4220359366670731e+04  -2.2660126141913352e+04  -8.6880411522643262e+03  -1.4655571350857675e+04  -8.5174252795466309e+03  -6.7260274102127378e+03  -3.2889173030468705e+03   8.3635117564570137e+03
  -2.4218988346332029e+04  -2.2661890699598589e+04  -8.6899981447270256e+03  -1.4654644536508753e+04  -8.5154290857884407e+03  -6.7290738960943045e+03  -3.2855344535343761e+03   8.3664968764568348e+03
  -2.4217616810313080e+04  -2.2663654779154273e+04  -8.6919549566556925e+03  -1.4653717417285265e+04  -8.5134327128878613e+03  -6.7321202413324072e+03  -3.2821515296941498e+03   8.3694818182100007e+03
  -2.4216244758703109e+04  -2.2665418379972409e+04  -8.6939115868905483e+03  -1.4652789993430421e+04  -8.5114361616660444e+03  -6.7351664452001723e+03  -3.2787685324457593e+03   8.3724665810968163e+03
  -2.4214872191591796e+04  -2.2667181501445619e+04  -8.6958680342727766e+03  -1.4651862265188072e+04  -8.5094394329441620e+03  -6.7382125069715548e+03  -3.2753854627080586e+03   8.3754511644983941e+03
  -2.4213499108888969e+04  -2.2668944144679695e+04  -8.6978243009973849e+03  -1.4650934232126170e+04  -8.5074425252039182e+03  -6.7412584279051898e+03  -3.2720023188691630e+03   8.3784355694609676e+03
  -2.4212125510684164e+04  -2.2670706309067224e+04  -8.6997803859054948e+03  -1.4650005894488377e+04  -8.5054454392663629e+03  -6.7443042072749222e+03  -3.2686191018479667e+03   8.3814197953655330e+03
  -2.4210751397067423e+04  -2.2672467994000785e+04  -8.7017362878378190e+03  -1.4649077252519148e+04  -8.5034481759535538e+03  -6.7473498443546314e+03  -3.2652358125636997e+03   8.3844038415932118e+03
  -2.4209376767947910e+04  -2.2674229200586404e+04  -8.7036920089903397e+03  -1.4648148305785191e+04  -8.5014507337454579e+03  -6.7503953404031399e+03  -3.2618524494037420e+03   8.3873877091902559e+03
  -2.4208001623415559e+04  -2.2675989928216582e+04  -8.7056475482037167e+03  -1.4647219054530797e+04  -8.4994531134640183e+03  -6.7534406946942136e+03  -3.2584690132873734e+03   8.3903713975376741e+03
  -2.4206625963500112e+04  -2.2677750176855083e+04  -8.7076029054370701e+03  -1.4646289498774504e+04  -8.4974553151505697e+03  -6.7564859071633482e+03  -3.2550855042898943e+03   8.3933549065715961e+03
  -2.4205249788292014e+04  -2.2679509945895094e+04  -8.7095580795320802e+03  -1.4645359638761334e+04  -8.4954573396272117e+03  -6.7595309770852573e+03  -3.2517019233298147e+03   8.3963382356739476e+03
  -2.4203873097699699e+04  -2.2681269236441458e+04  -8.7115130726828356e+03  -1.4644429474056926e+04  -8.4934591853738621e+03  -6.7625759057171099e+03  -3.2483182687959738e+03   8.3993213858894032e+03
  -2.4202495891813538e+04  -2.2683028047887350e+04  -8.7134678837309548e+03  -1.4643499004906153e+04  -8.4914608532125039e+03  -6.7656206923335139e+03  -3.2449345416069382e+03   8.4023043565997941e+03
  -2.4201118170724381e+04  -2.2684786379625912e+04  -8.7154225115176559e+03  -1.4642568231554735e+04  -8.4894623439661391e+03  -6.7686653362091001e+03  -3.2415507426815948e+03   8.4052871471870385e+03
  -2.4199739934339977e+04  -2.2686544232762240e+04  -8.7173769582380010e+03  -1.4641637153567028e+04  -8.4874636561129519e+03  -6.7717098386012276e+03  -3.2381668704080598e+03   8.4082697586958438e+03
  -2.4198361182751083e+04  -2.2688301606689412e+04  -8.7193312227331371e+03  -1.4640705771188570e+04  -8.4854647904758076e+03  -6.7747541987844261e+03  -3.2347829257052613e+03   8.4112521905080266e+03
  -2.4196981916048910e+04  -2.2690058500800838e+04  -8.7212853038444991e+03  -1.4639774084665622e+04  -8.4834657478781082e+03  -6.7777984160336464e+03  -3.2313989094919443e+03   8.4142344420058835e+03
  -2.4195602134140601e+04  -2.2691814916201198e+04  -8.7232392037667450e+03  -1.4638842093561496e+04  -8.4814665267972559e+03  -6.7808424916056183e+03  -3.2280148201565389e+03   8.4172165142334252e+03
  -2.4194221837117249e+04  -2.2693570852283810e+04  -8.7251929213412495e+03  -1.4637909798122315e+04  -8.4794671280565308e+03  -6.7838864247751990e+03  -3.2246306586178384e+03   8.4201984065728411e+03
  -2.4192841025070386e+04  -2.2695326308442727e+04  -8.7271464554103513e+03  -1.4636977198594688e+04  -8.4774675524792528e+03  -6.7869302148180750e+03  -3.2212464257939055e+03   8.4231801184071155e+03
  -2.4191459697906641e+04  -2.2697081285781445e+04  -8.7290998081669222e+03  -1.4636044294541236e+04  -8.4754677985430189e+03  -6.7899738629895255e+03  -3.2178621200745374e+03   8.4261616507789076e+03
  -2.4190077855717383e+04  -2.2698835783694300e+04  -8.7310529784539340e+03  -1.4635111086208301e+04  -8.4734678670705507e+03  -6.7930173685655518e+03  -3.2144777423773353e+03   8.4291430030714382e+03
  -2.4188695498594614e+04  -2.2700589801574144e+04  -8.7330059651111769e+03  -1.4634177573843599e+04  -8.4714677588874965e+03  -6.7960607308205317e+03  -3.2110932936223066e+03   8.4321241746666728e+03
  -2.4187312626444178e+04  -2.2702343340525858e+04  -8.7349587703345860e+03  -1.4633243757008049e+04  -8.4694674724682864e+03  -6.7991039510111623e+03  -3.2077087721969524e+03   8.4351051666083185e+03
  -2.4185929239420107e+04  -2.2704096399373517e+04  -8.7369113918487928e+03  -1.4632309636177843e+04  -8.4674670094200574e+03  -6.8021470277532389e+03  -3.2043241798627610e+03   8.4380859777262922e+03
  -2.4184545337428062e+04  -2.2705848979219936e+04  -8.7388638318460071e+03  -1.4631375210913959e+04  -8.4654663682191658e+03  -6.8051899623010004e+03  -3.2009395150100763e+03   8.4410666090621562e+03
  -2.4183160920560033e+04  -2.2707601079459546e+04  -8.7408160891688731e+03  -1.4630440481463702e+04  -8.4634655496894611e+03  -6.8082327539305761e+03  -3.1975547785567587e+03   8.4440470599993587e+03
  -2.4181775988908459e+04  -2.2709352699486641e+04  -8.7427681626596150e+03  -1.4629505448075302e+04  -8.4614645546558077e+03  -6.8112754019181093e+03  -3.1941699714210090e+03   8.4470273299214914e+03
  -2.4180390542378329e+04  -2.2711103840404361e+04  -8.7447200545114174e+03  -1.4628570110308403e+04  -8.4594633815928046e+03  -6.8143179075180269e+03  -3.1907850919924276e+03   8.4500074198701077e+03
  -2.4179004581124722e+04  -2.2712854501037957e+04  -8.7466717624503253e+03  -1.4627634468640803e+04  -8.4574620321084440e+03  -6.8173602693476105e+03  -3.1874001420314803e+03   8.4529873286766287e+03
  -2.4177618105052308e+04  -2.2714604682489524e+04  -8.7486232886678681e+03  -1.4626698522631774e+04  -8.4554605046777797e+03  -6.8204024886600419e+03  -3.1840151199290253e+03   8.4559670573814910e+03
  -2.4176231114253642e+04  -2.2716354384153892e+04  -8.7505746320070521e+03  -1.4625762272529568e+04  -8.4534588001253614e+03  -6.8234445647319990e+03  -3.1806300266026960e+03   8.4589466053687447e+03
  -2.4174843608821793e+04  -2.2718103605425855e+04  -8.7525257913104670e+03  -1.4624825718583246e+04  -8.4514569192766721e+03  -6.8264864968401625e+03  -3.1772448629704290e+03   8.4619259720225491e+03
  -2.4173455588660720e+04  -2.2719852347407788e+04  -8.7544767687706371e+03  -1.4623888860350795e+04  -8.4494548606050921e+03  -6.8295282862379163e+03  -3.1738596274223601e+03   8.4649051583833589e+03
  -2.4172067053863386e+04  -2.2721600609494446e+04  -8.7564275632300851e+03  -1.4622951698081135e+04  -8.4474526249359933e+03  -6.8325699322018490e+03  -3.1704743208764926e+03   8.4678841638352296e+03
  -2.4170678004523124e+04  -2.2723348391081181e+04  -8.7583781735323191e+03  -1.4622014232023723e+04  -8.4454502130948513e+03  -6.8356114340093791e+03  -3.1670889442500975e+03   8.4708629877630192e+03
  -2.4169288440543431e+04  -2.2725095693269301e+04  -8.7603286018680683e+03  -1.4621076461735815e+04  -8.4434476235551792e+03  -6.8386527929124441e+03  -3.1637034959346743e+03   8.4738416312058216e+03
  -2.4167898362017564e+04  -2.2726842515454133e+04  -8.7622788470807754e+03  -1.4620138387466726e+04  -8.4414448571423054e+03  -6.8416940081883686e+03  -3.1603179768475443e+03   8.4768200935483947e+03
  -2.4166507769039246e+04  -2.2728588857030951e+04  -8.7642289080134669e+03  -1.4619200009466596e+04  -8.4394419146825676e+03  -6.8447350791144809e+03  -3.1569323879063681e+03   8.4797983741756034e+03
  -2.4165116661511263e+04  -2.2730334719101338e+04  -8.7661787868578576e+03  -1.4618261327291368e+04  -8.4374387946477636e+03  -6.8477760069429105e+03  -3.1535467275019091e+03   8.4827764741265546e+03
  -2.4163725039527297e+04  -2.2732080101060536e+04  -8.7681284824569102e+03  -1.4617322341191057e+04  -8.4354354978641040e+03  -6.8508167909508966e+03  -3.1501609965518655e+03   8.4857543927860224e+03
  -2.4162332903181341e+04  -2.2733825002304406e+04  -8.7700779936545678e+03  -1.4616383051416156e+04  -8.4334320251578265e+03  -6.8538574304165013e+03  -3.1467751959732236e+03   8.4887321295395523e+03
  -2.4160940252375760e+04  -2.2735569423933073e+04  -8.7720273226400641e+03  -1.4615443457522078e+04  -8.4314283750014256e+03  -6.8568979265900116e+03  -3.1433893241586393e+03   8.4917096854245738e+03
  -2.4159547087268566e+04  -2.2737313364775062e+04  -8.7739764671434896e+03  -1.4614503559991048e+04  -8.4294245490051071e+03  -6.8599382780929100e+03  -3.1400033828655860e+03   8.4946870592767500e+03
  -2.4158153407761693e+04  -2.2739056825930209e+04  -8.7759254293538124e+03  -1.4613563358377807e+04  -8.4274205456408563e+03  -6.8629784861750622e+03  -3.1366173704869457e+03   8.4976642521330523e+03
  -2.4156759214013724e+04  -2.2740799806226634e+04  -8.7778742070000299e+03  -1.4612622853165551e+04  -8.4254163665203523e+03  -6.8660185494575699e+03  -3.1332312887810272e+03   8.5006412628289418e+03
  -2.4155364505926158e+04  -2.2742542306763895e+04  -8.7798228022708372e+03  -1.4611682043908349e+04  -8.4234120101150984e+03  -6.8690584691898730e+03  -3.1298451361409234e+03   8.5036180924009332e+03
  -2.4153969283593357e+04  -2.2744284326938876e+04  -8.7817712140117819e+03  -1.4610740930856986e+04  -8.4214074772507629e+03  -6.8720982446511944e+03  -3.1264589134824228e+03   8.5065947402356342e+03
  -2.4152573547110187e+04  -2.2746025866147720e+04  -8.7837194410666289e+03  -1.4609799514263368e+04  -8.4194027687549988e+03  -6.8751378751199463e+03  -3.1230726217226770e+03   8.5095712057190940e+03
  -2.4151177296377562e+04  -2.2747766925489883e+04  -8.7856674856243553e+03  -1.4608857793680394e+04  -8.4173978830980450e+03  -6.8781773618453553e+03  -3.1196862592545649e+03   8.5125474898875000e+03
  -2.4149780531490240e+04  -2.2749507504361805e+04  -8.7876153465293555e+03  -1.4607915769359683e+04  -8.4153928211069615e+03  -6.8812167041061421e+03  -3.1162998269947698e+03   8.5155235921271269e+03
  -2.4148383252543430e+04  -2.2751247602159892e+04  -8.7895630226256035e+03  -1.4606973441553657e+04  -8.4133875836097814e+03  -6.8842559011810554e+03  -3.1129133258602965e+03   8.5184995118243805e+03
  -2.4146985459437383e+04  -2.2752987219983876e+04  -8.7915105161030588e+03  -1.4606030809813927e+04  -8.4113821690750283e+03  -6.8872949543194973e+03  -3.1095267542433025e+03   8.5214752500154573e+03
  -2.4145587152267242e+04  -2.2754726357230098e+04  -8.7934578258056463e+03  -1.4605087874392795e+04  -8.4093765783306317e+03  -6.8903338628001175e+03  -3.1061401130608438e+03   8.5244508060866519e+03
  -2.4144188331128531e+04  -2.2756465013295612e+04  -8.7954049505782477e+03  -1.4604144635543045e+04  -8.4073708122045355e+03  -6.8933726259023952e+03  -3.1027534032292488e+03   8.5274261794250488e+03
  -2.4142788995920972e+04  -2.2758203189278982e+04  -8.7973518926090310e+03  -1.4603201092815612e+04  -8.4053648691654962e+03  -6.8964112448742817e+03  -3.0993666231420402e+03   8.5304013710655054e+03
  -2.4141389146740017e+04  -2.2759940884577183e+04  -8.7992986507428359e+03  -1.4602257246463141e+04  -8.4033587500413287e+03  -6.8994497189951726e+03  -3.0959797737156036e+03   8.5333763803949969e+03
  -2.4139988783681605e+04  -2.2761678098587141e+04  -8.8012452238240730e+03  -1.4601313096739144e+04  -8.4013524556608900e+03  -6.9024880475444534e+03  -3.0925928558666456e+03   8.5363512068006403e+03
  -2.4138587906644727e+04  -2.2763414832407743e+04  -8.8031916140418889e+03  -1.4600368643193215e+04  -8.3993459844911649e+03  -6.9055262317702745e+03  -3.0892058679879642e+03   8.5393258513172841e+03
  -2.4137186515791105e+04  -2.2765151084869041e+04  -8.8051378191265921e+03  -1.4599423886313558e+04  -8.3973393381479764e+03  -6.9085642702963360e+03  -3.0858188118369694e+03   8.5423003127832762e+03
  -2.4135784611019444e+04  -2.2766886857068963e+04  -8.8070838412656685e+03  -1.4598478825649456e+04  -8.3953325150987876e+03  -6.9116021643695494e+03  -3.0824316858077241e+03   8.5452745922323593e+03
  -2.4134382192491881e+04  -2.2768622147837537e+04  -8.8090296781890302e+03  -1.4597533461689913e+04  -8.3933255169604327e+03  -6.9146399126136512e+03  -3.0790444916579568e+03   8.5482486885029975e+03
  -2.4132979260106582e+04  -2.2770356958274155e+04  -8.8109753320873388e+03  -1.4596587793982795e+04  -8.3913183421974281e+03  -6.9176775162771582e+03  -3.0756572277793352e+03   8.5512226026301832e+03
  -2.4131575813959931e+04  -2.2772091287774969e+04  -8.8129208018031786e+03  -1.4595641822782571e+04  -8.3893109916404774e+03  -6.9207149746385785e+03  -3.0722698950899862e+03   8.5541963340003622e+03
  -2.4130171854148637e+04  -2.2773825135737850e+04  -8.8148660861821791e+03  -1.4594695548343838e+04  -8.3873034661188776e+03  -6.9237522869784952e+03  -3.0688824945057290e+03   8.5571698820018009e+03
  -2.4128767380570298e+04  -2.2775558503261025e+04  -8.8168111874132210e+03  -1.4593748970213699e+04  -8.3852957640973564e+03  -6.9267894545439704e+03  -3.0654950244195988e+03   8.5601432476681257e+03
  -2.4127362393321655e+04  -2.2777291389741291e+04  -8.8187561043397945e+03  -1.4592802088647049e+04  -8.3832878864065551e+03  -6.9298264766142629e+03  -3.0621074857490489e+03   8.5631164303864844e+03
  -2.4125956892499766e+04  -2.2779023794576406e+04  -8.8207008358070598e+03  -1.4591854903899106e+04  -8.3812798338766152e+03  -6.9328633524698544e+03  -3.0587198794102678e+03   8.5660894295451562e+03
  -2.4124550878001581e+04  -2.2780755718864923e+04  -8.8226453840048762e+03  -1.4590907415515740e+04  -8.3792716049705523e+03  -6.9359000833580112e+03  -3.0553322037955832e+03   8.5690622461777821e+03
  -2.4123144349924227e+04  -2.2782487162003479e+04  -8.8245897477762646e+03  -1.4589959623752464e+04  -8.3772632005198739e+03  -6.9389366685578962e+03  -3.0519444598228019e+03   8.5720348796715098e+03
  -2.4121737308365075e+04  -2.2784218123390503e+04  -8.8265339259672928e+03  -1.4589011528864950e+04  -8.3752546213546611e+03  -6.9419731073507328e+03  -3.0485566484074552e+03   8.5750073294153171e+03
  -2.4120329753220518e+04  -2.2785948604123361e+04  -8.8284779207660285e+03  -1.4588063130398281e+04  -8.3732458659381173e+03  -6.9450094009823351e+03  -3.0451687679432216e+03   8.5779795964414934e+03
  -2.4118921684588051e+04  -2.2787678603598994e+04  -8.8304217310157110e+03  -1.4587114428608551e+04  -8.3712369351021553e+03  -6.9480455487322051e+03  -3.0417808193477731e+03   8.5809516801375539e+03
  -2.4117513102565274e+04  -2.2789408121217126e+04  -8.8323653555647124e+03  -1.4586165423751487e+04  -8.3692278296757959e+03  -6.9510815498830989e+03  -3.0383928035349136e+03   8.5839235798938298e+03
  -2.4116104007048176e+04  -2.2791137158073285e+04  -8.8343087965979248e+03  -1.4585216115371792e+04  -8.3672185481234319e+03  -6.9541174056785849e+03  -3.0350047189007391e+03   8.5868952967405839e+03
  -2.4114694398134390e+04  -2.2792865713566091e+04  -8.8362520529615667e+03  -1.4584266503725477e+04  -8.3652090912754211e+03  -6.9571531154001068e+03  -3.0316165663606735e+03   8.5898668300670361e+03
  -2.4113284275922048e+04  -2.2794593787094109e+04  -8.8381951235014749e+03  -1.4583316589069393e+04  -8.3631994599631271e+03  -6.9601886783291393e+03  -3.0282283468304695e+03   8.5928381792625369e+03
  -2.4111873640306421e+04  -2.2796321379753517e+04  -8.8401380104042019e+03  -1.4582366370946795e+04  -8.3611896526487399e+03  -6.9632240957098193e+03  -3.0248400587049709e+03   8.5958093453576766e+03
  -2.4110462491453403e+04  -2.2798048490377139e+04  -8.8420807114020827e+03  -1.4581415849852649e+04  -8.3591796709535065e+03  -6.9662593661695437e+03  -3.0214517037401511e+03   8.5987803271948778e+03
  -2.4109050829257816e+04  -2.2799775120061204e+04  -8.8440232286821174e+03  -1.4580465025329397e+04  -8.3571695133386202e+03  -6.9692944909524531e+03  -3.0180632803305648e+03   8.6017511258046306e+03
  -2.4107638653818009e+04  -2.2801501268203709e+04  -8.8459655610888021e+03  -1.4579513897634353e+04  -8.3551591806365705e+03  -6.9723294693393054e+03  -3.0146747893929446e+03   8.6047217405757256e+03
  -2.4106225965164467e+04  -2.2803226934769475e+04  -8.8479077085822519e+03  -1.4578562466786354e+04  -8.3531486728884720e+03  -6.9753643012661860e+03  -3.0112862310022501e+03   8.6076921714449199e+03
  -2.4104812763327718e+04  -2.2804952119722944e+04  -8.8498496711218395e+03  -1.4577610732804354e+04  -8.3511379901359378e+03  -6.9783989866687743e+03  -3.0078976052339613e+03   8.6106624183486110e+03
  -2.4103399048406660e+04  -2.2806676822463309e+04  -8.8517914475539164e+03  -1.4576658695946440e+04  -8.3491271332112647e+03  -6.9814335248292946e+03  -3.0045089130034562e+03   8.6136324806769862e+03
  -2.4101984820295234e+04  -2.2808401044085724e+04  -8.8537330400640894e+03  -1.4575706355753518e+04  -8.3471161005748472e+03  -6.9844679169904284e+03  -3.0011201527063540e+03   8.6166023594590497e+03
  -2.4100570079092224e+04  -2.2810124783989344e+04  -8.8556744474986226e+03  -1.4574753712483545e+04  -8.3451048930588659e+03  -6.9875021624342899e+03  -2.9977313252580961e+03   8.6195720540848870e+03
  -2.4099154824896883e+04  -2.2811848041573914e+04  -8.8576156687047751e+03  -1.4573800766394948e+04  -8.3430935114954827e+03  -6.9905362604438633e+03  -2.9943424315733987e+03   8.6225415639453549e+03
  -2.4097739057602568e+04  -2.2813570817933523e+04  -8.8595567058663655e+03  -1.4572847517027980e+04  -8.3410819543453727e+03  -6.9935702122603761e+03  -2.9909534700492400e+03   8.6255108900681171e+03
  -2.4096322777308455e+04  -2.2815293112467869e+04  -8.8614975578305730e+03  -1.4571893964640911e+04  -8.3390702224405759e+03  -6.9966040171666873e+03  -2.9875644416003870e+03   8.6284800318439484e+03
  -2.4094905984114132e+04  -2.2817014924576677e+04  -8.8634382234441855e+03  -1.4570940109492909e+04  -8.3370583166141914e+03  -6.9996376744456829e+03  -2.9841753471419374e+03   8.6314489886637148e+03
  -2.4093488677912308e+04  -2.2818736255354230e+04  -8.8653787048919876e+03  -1.4569985951122881e+04  -8.3350462353251023e+03  -7.0026711853387778e+03  -2.9807861850701388e+03   8.6344177615551034e+03
  -2.4092070858802512e+04  -2.2820457104200199e+04  -8.8673190010206927e+03  -1.4569031489789812e+04  -8.3330339794062729e+03  -7.0057045491287608e+03  -2.9773969563001333e+03   8.6373863499088802e+03
  -2.4090652526884664e+04  -2.2822177470514871e+04  -8.8692591106780001e+03  -1.4568076725753230e+04  -8.3310215496906803e+03  -7.0087377650992430e+03  -2.9740076617463433e+03   8.6403547531166205e+03
  -2.4089233682050955e+04  -2.2823897355391447e+04  -8.8711990360469063e+03  -1.4567121658551328e+04  -8.3290089446374513e+03  -7.0117708344901966e+03  -2.9706182998063841e+03   8.6433229722046544e+03
  -2.4087814324470735e+04  -2.2825616757665706e+04  -8.8731387748627494e+03  -1.4566166288684484e+04  -8.3269961658715201e+03  -7.0148037559328659e+03  -2.9672288722340641e+03   8.6462910060194463e+03
  -2.4086394454035741e+04  -2.2827335678431249e+04  -8.8750783293096338e+03  -1.4565210615689919e+04  -8.3249832118505346e+03  -7.0178365306676124e+03  -2.9638393774261617e+03   8.6492588555875664e+03
  -2.4084974070915763e+04  -2.2829054116524207e+04  -8.8770176971231904e+03  -1.4564254640068692e+04  -8.3229700841999329e+03  -7.0208691573261176e+03  -2.9604498171362952e+03   8.6522265197559518e+03
  -2.4083553175002195e+04  -2.2830772073037209e+04  -8.8789568804858573e+03  -1.4563298361357665e+04  -8.3209567813778431e+03  -7.0239016371474900e+03  -2.9570601897625002e+03   8.6551939995500252e+03
  -2.4082131766395349e+04  -2.2832489547370827e+04  -8.8808958782455738e+03  -1.4562341779816923e+04  -8.3189433042176533e+03  -7.0269339694156979e+03  -2.9536704962190529e+03   8.6581612943617365e+03
  -2.4080709845195972e+04  -2.2834206538925613e+04  -8.8828346892498539e+03  -1.4561384895707355e+04  -8.3169296535537633e+03  -7.0299661534147263e+03  -2.9502807374205318e+03   8.6611284035831359e+03
  -2.4079287411294812e+04  -2.2835923048794491e+04  -8.8847733156821232e+03  -1.4560427708564559e+04  -8.3149158278425366e+03  -7.0329981903838625e+03  -2.9468909117642788e+03   8.6640953282396567e+03
  -2.4077864464792525e+04  -2.2837639076377949e+04  -8.8867117563898355e+03  -1.4559470218649267e+04  -8.3129018279182583e+03  -7.0360300796069932e+03  -2.9435010201649247e+03   8.6670620677232637e+03
  -2.4076441005790231e+04  -2.2839354621076822e+04  -8.8886500102207410e+03  -1.4558512426222920e+04  -8.3108876546157153e+03  -7.0390618203684271e+03  -2.9401110635369018e+03   8.6700286214263506e+03
  -2.4075017034178069e+04  -2.2841069683983573e+04  -8.8905880793578472e+03  -1.4557554330820090e+04  -8.3088733063905293e+03  -7.0420934139068286e+03  -2.9367210402778783e+03   8.6729949903737015e+03
  -2.4073592550057037e+04  -2.2842784264498954e+04  -8.8925259626488296e+03  -1.4556595932702045e+04  -8.3068587840773725e+03  -7.0451248595064026e+03  -2.9333309513023341e+03   8.6759611739576067e+03
  -2.4072167553528590e+04  -2.2844498362024409e+04  -8.8944636589423553e+03  -1.4555637232130619e+04  -8.3048440885109321e+03  -7.0481561564521926e+03  -2.9299407975240210e+03   8.6789271715711839e+03
  -2.4070742044482351e+04  -2.2846211977651270e+04  -8.8964011704196419e+03  -1.4554678228639670e+04  -8.3028292181470697e+03  -7.0511873059814270e+03  -2.9265505773419759e+03   8.6818929842378366e+03
  -2.4069316023019597e+04  -2.2847925110780932e+04  -8.8983384959292725e+03  -1.4553718922490858e+04  -8.3008141738203394e+03  -7.0542183073790429e+03  -2.9231602916700085e+03   8.6848586113505662e+03
  -2.4067889489242170e+04  -2.2849637760814698e+04  -8.9002756343194596e+03  -1.4552759313946677e+04  -8.2987989563663414e+03  -7.0572491599300065e+03  -2.9197699414222393e+03   8.6878240523024942e+03
  -2.4066462443039014e+04  -2.2851349928844244e+04  -8.9022125877723665e+03  -1.4551799402539704e+04  -8.2967835642391710e+03  -7.0602798648717153e+03  -2.9163795249969926e+03   8.6907893081170405e+03
  -2.4065034884511831e+04  -2.2853061614270784e+04  -8.9041493551361236e+03  -1.4550839188532267e+04  -8.2947679982742975e+03  -7.0633104214890336e+03  -2.9129890433084383e+03   8.6937543781872209e+03
  -2.4063606813762741e+04  -2.2854772816496301e+04  -8.9060859352598545e+03  -1.4549878672187227e+04  -8.2927522593071935e+03  -7.0663408290676580e+03  -2.9095984972700239e+03   8.6967192619068392e+03
  -2.4062178230680180e+04  -2.2856483536611289e+04  -8.9080223303239309e+03  -1.4548917853036475e+04  -8.2907363457922183e+03  -7.0693710888435517e+03  -2.9062078852814457e+03   8.6996839602979690e+03
  -2.4060749135437665e+04  -2.2858193773454623e+04  -8.9099585380664521e+03  -1.4547956731586928e+04  -8.2887202593592210e+03  -7.0724011994520615e+03  -2.9028172090945159e+03   8.7026484722114983e+03
  -2.4059319527923166e+04  -2.2859903528117196e+04  -8.9118945606689158e+03  -1.4546995307369496e+04  -8.2867039984610637e+03  -7.0754311621295410e+03  -2.8994264671081000e+03   8.7056127986697211e+03
  -2.4057889408310712e+04  -2.2861612799437873e+04  -8.9138303958690067e+03  -1.4546033580891944e+04  -8.2846875647286161e+03  -7.0784609755113725e+03  -2.8960356610743388e+03   8.7085769385236508e+03
  -2.4056458776487772e+04  -2.2863321588507613e+04  -8.9157660458486334e+03  -1.4545071551684356e+04  -8.2826709566137451e+03  -7.0814906408338675e+03  -2.8926447893917893e+03   8.7115408927954613e+03
  -2.4055027632557001e+04  -2.2865029894727621e+04  -8.9177015094550770e+03  -1.4544109220010609e+04  -8.2806541749538101e+03  -7.0845201573818704e+03  -2.8892538529753110e+03   8.7145046608783196e+03
  -2.4053595976621353e+04  -2.2866737717500080e+04  -8.9196367855372664e+03  -1.4543146586134950e+04  -8.2786372205857151e+03  -7.0875495244414269e+03  -2.8858628527385144e+03   8.7174682421665457e+03
  -2.4052163808567628e+04  -2.2868445057916255e+04  -8.9215718762780816e+03  -1.4542183649586183e+04  -8.2766200919595667e+03  -7.0905787432490370e+03  -2.8824717870792579e+03   8.7204316376823081e+03
  -2.4050731128498861e+04  -2.2870151915377246e+04  -8.9235067805243234e+03  -1.4541220410628814e+04  -8.2746027899136170e+03  -7.0936078130894484e+03  -2.8790806569127521e+03   8.7233948468187900e+03
  -2.4049297936518236e+04  -2.2871858289286192e+04  -8.9254414971265414e+03  -1.4540256869527368e+04  -8.2725853152841737e+03  -7.0966367332498639e+03  -2.8756894631514256e+03   8.7263578689713304e+03
  -2.4047864232512238e+04  -2.2873564180732184e+04  -8.9273760282637431e+03  -1.4539293025810355e+04  -8.2705676665230749e+03  -7.0996655049641204e+03  -2.8722982041960499e+03   8.7293207051597492e+03
  -2.4046430016584036e+04  -2.2875269589117965e+04  -8.9293103727857106e+03  -1.4538328879742274e+04  -8.2685498444669811e+03  -7.1026941275189129e+03  -2.8689068809596279e+03   8.7322833547789305e+03
  -2.4044995288837265e+04  -2.2876974513846271e+04  -8.9312445295418547e+03  -1.4537364431588410e+04  -8.2665318499535879e+03  -7.1057226002009620e+03  -2.8655154943554485e+03   8.7352458172238985e+03
  -2.4043560049157706e+04  -2.2878678956006428e+04  -8.9331785007121252e+03  -1.4536399680876013e+04  -8.2645136814329671e+03  -7.1087509242442802e+03  -2.8621240427835883e+03   8.7382080935144604e+03
  -2.4042124297648923e+04  -2.2880382915001115e+04  -8.9351122851458604e+03  -1.4535434627870220e+04  -8.2624953397426925e+03  -7.1117790989354853e+03  -2.8587325271574018e+03   8.7411701830455313e+03
  -2.4040688034414870e+04  -2.2882086390233660e+04  -8.9370458816933588e+03  -1.4534469272836744e+04  -8.2604768257203486e+03  -7.1148071235620291e+03  -2.8553409483895198e+03   8.7441320852128229e+03
  -2.4039251259340836e+04  -2.2883789382791929e+04  -8.9389792925321108e+03  -1.4533503615302252e+04  -8.2584581378167422e+03  -7.1178349993560905e+03  -2.8519493048818963e+03   8.7470938010344580e+03
  -2.4037813972603824e+04  -2.2885491891518112e+04  -8.9409125154039284e+03  -1.4532537655778924e+04  -8.2564392776649129e+03  -7.1208627249572919e+03  -2.8485575983836343e+03   8.7500553293657267e+03
  -2.4036376174088567e+04  -2.2887193917500816e+04  -8.9428455524880828e+03  -1.4531571393792306e+04  -8.2544202437136773e+03  -7.1238903015985870e+03  -2.8451658272953514e+03   8.7530166712253213e+03
  -2.4034937863972722e+04  -2.2888895459580817e+04  -8.9447784015232301e+03  -1.4530604829856029e+04  -8.2524010375990456e+03  -7.1269177279180303e+03  -2.8417739933685370e+03   8.7559778254673038e+03
  -2.4033499042140647e+04  -2.2890596518846807e+04  -8.9467110646890615e+03  -1.4529637963494824e+04  -8.2503816577688594e+03  -7.1299450051485574e+03  -2.8383820950035165e+03   8.7589387931102628e+03
  -2.4032059708696670e+04  -2.2892297094702051e+04  -8.9486435408354155e+03  -1.4528670794975078e+04  -8.2483621050615893e+03  -7.1329721325775454e+03  -2.8349901331132792e+03   8.7618995735499157e+03
  -2.4030619863745629e+04  -2.2893997186550154e+04  -8.9505758288124653e+03  -1.4527703324563883e+04  -8.2463423803162568e+03  -7.1359991094928282e+03  -2.8315981086106162e+03   8.7648601661824960e+03
  -2.4029179507171288e+04  -2.2895696795479009e+04  -8.9525079307987635e+03  -1.4526735551785116e+04  -8.2443224819804072e+03  -7.1390259371262891e+03  -2.8282060198966897e+03   8.7678205720255355e+03
  -2.4027738639078332e+04  -2.2897395920892519e+04  -8.9544398456450890e+03  -1.4525767476905559e+04  -8.2423024108924365e+03  -7.1420526147660548e+03  -2.8248138678838286e+03   8.7707807904754918e+03
  -2.4026297259572009e+04  -2.2899094562193841e+04  -8.9563715722004326e+03  -1.4524799100193093e+04  -8.2402821678927321e+03  -7.1450791416994607e+03  -2.8214216534856996e+03   8.7737408209282275e+03
  -2.4024855368535453e+04  -2.2900792720470781e+04  -8.9583031126436435e+03  -1.4523830421170487e+04  -8.2382617514276080e+03  -7.1481055191581736e+03  -2.8180293751032800e+03   8.7767006644009725e+03
  -2.4023412966073749e+04  -2.2902490395127163e+04  -8.9602344658250404e+03  -1.4522861440105176e+04  -8.2362411623363387e+03  -7.1511317464302419e+03  -2.8146370336492541e+03   8.7796603202901879e+03
  -2.4021970052292370e+04  -2.2904187585567077e+04  -8.9621656305951947e+03  -1.4521892157265294e+04  -8.2342204014587096e+03  -7.1541578228041344e+03  -2.8112446300360998e+03   8.7826197879927749e+03
  -2.4020526627073879e+04  -2.2905884292877938e+04  -8.9640966091325645e+03  -1.4520922572172567e+04  -8.2321994672403052e+03  -7.1571837495108866e+03  -2.8078521626651377e+03   8.7855790685252850e+03
  -2.4019082690523766e+04  -2.2907580516463109e+04  -8.9660274002862825e+03  -1.4519952685095297e+04  -8.2301783605217570e+03  -7.1602095258380687e+03  -2.8044596324499244e+03   8.7885381612838519e+03
  -2.4017638242747907e+04  -2.2909276255726974e+04  -8.9679580029071931e+03  -1.4518982496302135e+04  -8.2281570821432524e+03  -7.1632351510744857e+03  -2.8010670403027830e+03   8.7914970656657533e+03
  -2.4016193283628116e+04  -2.2910971511757187e+04  -8.9698884191746747e+03  -1.4518012005313516e+04  -8.2261356305486406e+03  -7.1662606264513306e+03  -2.7976743846243139e+03   8.7944557826875152e+03
  -2.4014747813270344e+04  -2.2912666283957005e+04  -8.9718186479374235e+03  -1.4517041212398381e+04  -8.2241140065794370e+03  -7.1692859512561054e+03  -2.7942816663284593e+03   8.7974143117453041e+03
  -2.4013301831780707e+04  -2.2914360571731449e+04  -8.9737486880471733e+03  -1.4516070117825791e+04  -8.2220922110757328e+03  -7.1723111247783445e+03  -2.7908888863268517e+03   8.8003726522370780e+03
  -2.4011855339040561e+04  -2.2916054376167034e+04  -8.9756785416815201e+03  -1.4515098721115486e+04  -8.2200702424815881e+03  -7.1753361482478085e+03  -2.7874960430214769e+03   8.8033308051780277e+03
  -2.4010408335231317e+04  -2.2917747696106984e+04  -8.9776082065809405e+03  -1.4514127022787112e+04  -8.2180481024379096e+03  -7.1783610203058397e+03  -2.7841031381625376e+03   8.8062887694258698e+03
  -2.4008960820233882e+04  -2.2919440532638200e+04  -8.9795376849241238e+03  -1.4513155022359424e+04  -8.2160257893872840e+03  -7.1813857421825633e+03  -2.7807101701511829e+03   8.8092465459959967e+03
  -2.4007512794229955e+04  -2.2921132884605340e+04  -8.9814669744539005e+03  -1.4512182720352333e+04  -8.2140033049696303e+03  -7.1844103125209722e+03  -2.7773171407358673e+03   8.8122041337476039e+03
  -2.4006064257100235e+04  -2.2922824753093242e+04  -8.9833960773452345e+03  -1.4511210116284665e+04  -8.2119806476295107e+03  -7.1874347325487597e+03  -2.7739240483205558e+03   8.8151615336939594e+03
  -2.4004615208875675e+04  -2.2924516138067240e+04  -8.9853249935582771e+03  -1.4510237210175197e+04  -8.2099578174079361e+03  -7.1904590022018610e+03  -2.7705308929805319e+03   8.8181187457717515e+03
  -2.4003165649814255e+04  -2.2926207037812816e+04  -8.9872537197288821e+03  -1.4509264002795699e+04  -8.2079348167446969e+03  -7.1934831194783646e+03  -2.7671376772995486e+03   8.8210757683029606e+03
  -2.4001715579720669e+04  -2.2927897453974540e+04  -8.9891822591398577e+03  -1.4508290493413360e+04  -8.2059116432842711e+03  -7.1965070862515022e+03  -2.7637443988456516e+03   8.8240326028386589e+03
  -2.4000264998701765e+04  -2.2929587385957617e+04  -8.9911106106427014e+03  -1.4507316682298444e+04  -8.2038882978680103e+03  -7.1995309018110711e+03  -2.7603510585306954e+03   8.8269892487771885e+03
  -2.3998813906864787e+04  -2.2931276833168580e+04  -8.9930387730912826e+03  -1.4506342569721448e+04  -8.2018647813363223e+03  -7.2025545654485195e+03  -2.7569576572647679e+03   8.8299457055183830e+03
  -2.3997362304089282e+04  -2.2932965796691184e+04  -8.9949667486590552e+03  -1.4505368155199370e+04  -8.1998410921327431e+03  -7.2055780783898699e+03  -2.7535641934530231e+03   8.8329019740738222e+03
  -2.3995910190482478e+04  -2.2934654275931189e+04  -8.9968945361984570e+03  -1.4504393439002873e+04  -8.1978172310985374e+03  -7.2086014399256610e+03  -2.7501706680066427e+03   8.8358580538425522e+03
  -2.3994457566152028e+04  -2.2936342270294390e+04  -8.9988221345615038e+03  -1.4503418421403427e+04  -8.1957931990759826e+03  -7.2116246493464641e+03  -2.7467770818371091e+03   8.8388139442237534e+03
  -2.3993004430976805e+04  -2.2938029780865076e+04  -9.0007495459232887e+03  -1.4502443101916570e+04  -8.1937689945063776e+03  -7.2146477078788630e+03  -2.7433834333483651e+03   8.8417696462293370e+03
  -2.3991550785064395e+04  -2.2939716807049012e+04  -9.0026767691357927e+03  -1.4501467480813653e+04  -8.1917446182318945e+03  -7.2176706148133280e+03  -2.7399897234519453e+03   8.8447251592583689e+03
  -2.3990096628522766e+04  -2.2941403348252570e+04  -9.0046038030519503e+03  -1.4500491558366497e+04  -8.1897200710946800e+03  -7.2206933694411664e+03  -2.7365959530586615e+03   8.8476804827107171e+03
  -2.3988641961230285e+04  -2.2943089405558905e+04  -9.0065306498450591e+03  -1.4499515334089987e+04  -8.1876953515362948e+03  -7.2237159729875193e+03  -2.7332021205738183e+03   8.8506356175969522e+03
  -2.3987186783371671e+04  -2.2944774977815276e+04  -9.0084573072607127e+03  -1.4498538808508705e+04  -8.1856704611997893e+03  -7.2267384240988276e+03  -2.7298082277438511e+03   8.8535905627798584e+03
  -2.3985731094824798e+04  -2.2946460066105279e+04  -9.0103837774732929e+03  -1.4497561981136518e+04  -8.1836453985252256e+03  -7.2297607240006173e+03  -2.7264142729732375e+03   8.8565453192702389e+03
  -2.3984274895774844e+04  -2.2948144669276124e+04  -9.0123100582279858e+03  -1.4496584852498860e+04  -8.1816201651566416e+03  -7.2327828713393501e+03  -2.7230202580087143e+03   8.8594998859309981e+03
  -2.3982818186099288e+04  -2.2949828788411451e+04  -9.0142361516995970e+03  -1.4495607422108793e+04  -8.1795947595331218e+03  -7.2358048673405328e+03  -2.7196261812544849e+03   8.8624542637728191e+03
  -2.3981360965906573e+04  -2.2951512422916916e+04  -9.0161620567392456e+03  -1.4494629690239186e+04  -8.1775691824987234e+03  -7.2388267112946032e+03  -2.7162320436227574e+03   8.8654084521949171e+03
  -2.3979903235305512e+04  -2.2953195572199511e+04  -9.0180877722004152e+03  -1.4493651657163124e+04  -8.1755434348965209e+03  -7.2418484024936415e+03  -2.7128378460239710e+03   8.8683624505980224e+03
  -2.3978444994172954e+04  -2.2954878237342102e+04  -9.0200133002567909e+03  -1.4492673322392824e+04  -8.1735175151653266e+03  -7.2448699421620986e+03  -2.7094435868631745e+03   8.8713162599917578e+03
  -2.3976986242617648e+04  -2.2956560417751294e+04  -9.0219386397611070e+03  -1.4491694686201366e+04  -8.1714914241485967e+03  -7.2478913295915499e+03  -2.7060492670513895e+03   8.8742698797763915e+03
  -2.3975526980748746e+04  -2.2958242112834330e+04  -9.0238637895670599e+03  -1.4490715748862358e+04  -8.1694651626898094e+03  -7.2509125640744051e+03  -2.7026548874989044e+03   8.8772233093529831e+03
  -2.3974067208442611e+04  -2.2959923323673003e+04  -9.0257887518465504e+03  -1.4489736509887351e+04  -8.1674387292280226e+03  -7.2539336468336805e+03  -2.6992604466121338e+03   8.8801765497298420e+03
  -2.3972606925808279e+04  -2.2961604049674446e+04  -9.0277135254532204e+03  -1.4488756969549777e+04  -8.1654121246065897e+03  -7.2569545771616831e+03  -2.6958659453014193e+03   8.8831296003079078e+03
  -2.3971146132955273e+04  -2.2963284290245909e+04  -9.0296381092403135e+03  -1.4487777128123938e+04  -8.1633853496698539e+03  -7.2599753543507431e+03  -2.6924713844774174e+03   8.8860824604882691e+03
  -2.3969684829759270e+04  -2.2964964046469337e+04  -9.0315625053806816e+03  -1.4486796985120069e+04  -8.1613584028551522e+03  -7.2629959796240501e+03  -2.6890767625458266e+03   8.8890351312792209e+03
  -2.3968223016329724e+04  -2.2966643317751892e+04  -9.0334867127274974e+03  -1.4485816540812286e+04  -8.1593312850067095e+03  -7.2660164522738314e+03  -2.6856820804173703e+03   8.8919876120817280e+03
  -2.3966760692776446e+04  -2.2968322103501338e+04  -9.0354107301349432e+03  -1.4484835795475265e+04  -8.1573039969687861e+03  -7.2690367715931652e+03  -2.6822873390020063e+03   8.8949399022975722e+03
  -2.3965297858974613e+04  -2.2970000404798582e+04  -9.0373345597740499e+03  -1.4483854748618543e+04  -8.1552765371789474e+03  -7.2720569388037875e+03  -2.6788925367068282e+03   8.8978920029336987e+03
  -2.3963834515112525e+04  -2.2971678220493130e+04  -9.0392581993920976e+03  -1.4482873400772383e+04  -8.1532489072848366e+03  -7.2750769525552305e+03  -2.6754976752770654e+03   8.9008439128563186e+03
  -2.3962370661064731e+04  -2.2973355551667286e+04  -9.0411816511632733e+03  -1.4481891751444862e+04  -8.1512211057210388e+03  -7.2780968140708010e+03  -2.6721027531174409e+03   8.9037956330735833e+03
  -2.3960906297020119e+04  -2.2975032397169911e+04  -9.0431049128331033e+03  -1.4480909801167423e+04  -8.1491931341372256e+03  -7.2811165219992790e+03  -2.6687077719745298e+03   8.9067471624511909e+03
  -2.3959441422852909e+04  -2.2976708758082306e+04  -9.0450279865741195e+03  -1.4479927549447777e+04  -8.1471649909684511e+03  -7.2841360775627427e+03  -2.6653127302542975e+03   8.9096985019961667e+03
  -2.3957976038673311e+04  -2.2978384633812548e+04  -9.0469508712407151e+03  -1.4478944996561147e+04  -8.1451366770593686e+03  -7.2871554800546010e+03  -2.6619176288665813e+03   8.9126496511106507e+03
  -2.3956510144592139e+04  -2.2980060023767695e+04  -9.0488735656848658e+03  -1.4477962142784063e+04  -8.1431081932571587e+03  -7.2901747287670996e+03  -2.6585224687230416e+03   8.9156006091959352e+03
  -2.3955043740482975e+04  -2.2981734929029320e+04  -9.0507960720800565e+03  -1.4476978987622941e+04  -8.1410795379951378e+03  -7.2931938249224950e+03  -2.6551272482289660e+03   8.9185513772590366e+03
  -2.3953576826456367e+04  -2.2983409349005411e+04  -9.0527183892802186e+03  -1.4475995531353656e+04  -8.1390507121188366e+03  -7.2962127678141142e+03  -2.6517319682945313e+03   8.9215019547021166e+03
  -2.3952109402623464e+04  -2.2985083283103624e+04  -9.0546405161382481e+03  -1.4475011774253151e+04  -8.1370217164753140e+03  -7.2992315567349469e+03  -2.6483366298307333e+03   8.9244523409271533e+03
  -2.3950641468857317e+04  -2.2986756732404407e+04  -9.0565624548258238e+03  -1.4474027715827111e+04  -8.1349925494981517e+03  -7.3022501929057908e+03  -2.6449412312442209e+03   8.9274025369398205e+03
  -2.3949173025268872e+04  -2.2988429696316030e+04  -9.0584842041971315e+03  -1.4473043356351980e+04  -8.1329632120332772e+03  -7.3052686756203275e+03  -2.6415457734450256e+03   8.9303525421426439e+03
  -2.3947704071969478e+04  -2.2990102174247077e+04  -9.0604057631066389e+03  -1.4472058696104892e+04  -8.1309337049271453e+03  -7.3082870041726619e+03  -2.6381502573429416e+03   8.9333023559386165e+03
  -2.3946234608831597e+04  -2.2991774167277563e+04  -9.0623271337256101e+03  -1.4471073734590525e+04  -8.1289040266125703e+03  -7.3113051797829539e+03  -2.6347546813449530e+03   8.9362519793327338e+03
  -2.3944764635966618e+04  -2.2993445674815353e+04  -9.0642483149070886e+03  -1.4470088472086194e+04  -8.1268741779368811e+03  -7.3143232017444288e+03  -2.6313590463619616e+03   8.9392014117272211e+03
  -2.3943294153486215e+04  -2.2995116696269633e+04  -9.0661693055064679e+03  -1.4469102908869359e+04  -8.1248441597464098e+03  -7.3173410693519108e+03  -2.6279633533031010e+03   8.9421506525257610e+03
  -2.3941823161262295e+04  -2.2996787232719649e+04  -9.0680901076938899e+03  -1.4468117044443916e+04  -8.1228139704737387e+03  -7.3203587838245312e+03  -2.6245676005762016e+03   8.9450997027323338e+03
  -2.3940351659406497e+04  -2.2998457283574196e+04  -9.0700107203240077e+03  -1.4467130879087346e+04  -8.1207836109655918e+03  -7.3233763444566302e+03  -2.6211717890909740e+03   8.9480485617501818e+03
  -2.3938879648030856e+04  -2.3000126848242391e+04  -9.0719311422517494e+03  -1.4466144413077813e+04  -8.1187530820691809e+03  -7.3263937505429785e+03  -2.6177759197569035e+03   8.9509972289830112e+03
  -2.3937407127006652e+04  -2.3001795927803381e+04  -9.0738513756475259e+03  -1.4465157645918043e+04  -8.1167223822158549e+03  -7.3294110033024590e+03  -2.6143799909816480e+03   8.9539457054344603e+03
  -2.3935934096526486e+04  -2.3003464521109170e+04  -9.0757714182600885e+03  -1.4464170578145200e+04  -8.1146915130591278e+03  -7.3324281013879690e+03  -2.6109840045094329e+03   8.9568939899745546e+03
  -2.3934460556461217e+04  -2.3005132629238255e+04  -9.0776912722588731e+03  -1.4463183209261488e+04  -8.1126604730303452e+03  -7.3354450460175622e+03  -2.6075879587486584e+03   8.9598420836061196e+03
  -2.3932986507003669e+04  -2.3006800251044697e+04  -9.0796109353963457e+03  -1.4462195539803975e+04  -8.1106292637810584e+03  -7.3384618358465550e+03  -2.6041918554407412e+03   8.9627899852013179e+03
  -2.3931511948024490e+04  -2.3008467387605706e+04  -9.0815304098396136e+03  -1.4461207569274677e+04  -8.1085978837435905e+03  -7.3414784720913904e+03  -2.6007956929958609e+03   8.9657376957615270e+03
  -2.3930036879636067e+04  -2.3010134038331005e+04  -9.0834496944445327e+03  -1.4460219297952155e+04  -8.1065663337650794e+03  -7.3444949540475809e+03  -2.5973994723228393e+03   8.9686852146911806e+03
  -2.3928561301951275e+04  -2.3011800202630355e+04  -9.0853687880665948e+03  -1.4459230726115813e+04  -8.1045346146936508e+03  -7.3475112810106702e+03  -2.5940031943307913e+03   8.9716325413948070e+03
  -2.3927085214840037e+04  -2.3013465881581527e+04  -9.0872876928745100e+03  -1.4458241853266189e+04  -8.1025027249594041e+03  -7.3505274541976523e+03  -2.5906068574286664e+03   8.9745796768741275e+03
  -2.3925608618415110e+04  -2.3015131074594548e+04  -9.0892064077243849e+03  -1.4457252679682382e+04  -8.1004706654098536e+03  -7.3535434729043682e+03  -2.5872104625251359e+03   8.9775266205339140e+03
  -2.3924131512789780e+04  -2.3016795781078737e+04  -9.0911249314705510e+03  -1.4456263205644635e+04  -8.0984384368945266e+03  -7.3565593364259066e+03  -2.5838140105301904e+03   8.9804733717784111e+03
  -2.3922653897833356e+04  -2.3018460002111780e+04  -9.0930432662820003e+03  -1.4455273430652340e+04  -8.0964060378422619e+03  -7.3595750459790233e+03  -2.5804174998526059e+03   8.9834199316089744e+03
  -2.3921175773658892e+04  -2.3020123737103990e+04  -9.0949614110150560e+03  -1.4454283354985109e+04  -8.0943734691009731e+03  -7.3625906008598813e+03  -2.5770209314008926e+03   8.9863662994307433e+03
  -2.3919697140380107e+04  -2.3021786985464554e+04  -9.0968793645236037e+03  -1.4453292978923870e+04  -8.0923407315210652e+03  -7.3656060003635112e+03  -2.5736243060853849e+03   8.9893124746479807e+03
  -2.3918217997865599e+04  -2.3023449748271454e+04  -9.0987971289775742e+03  -1.4452302301966718e+04  -8.0903078235296471e+03  -7.3686212457068132e+03  -2.5702276223141762e+03   8.9922584582620257e+03
  -2.3916738346228845e+04  -2.3025112024934893e+04  -9.1007147032328376e+03  -1.4451311324393921e+04  -8.0882747459755155e+03  -7.3716363361858994e+03  -2.5668308809961181e+03   8.9952042496780487e+03
  -2.3915258185583854e+04  -2.3026773814864693e+04  -9.1026320861441909e+03  -1.4450320046486808e+04  -8.0862414997089754e+03  -7.3746512710965153e+03  -2.5634340830408992e+03   8.9981498483010109e+03
  -2.3913777515798705e+04  -2.3028435119137703e+04  -9.1045492798797659e+03  -1.4449328467742751e+04  -8.0842080831573658e+03  -7.3776660516541360e+03  -2.5600372268579554e+03   9.0010952551308983e+03
  -2.3912296337069409e+04  -2.3030095936609225e+04  -9.1064662821920901e+03  -1.4448336588704136e+04  -8.0821744979773375e+03  -7.3806806765159427e+03  -2.5566403141887581e+03   9.0040404690421619e+03
  -2.3910814649263688e+04  -2.3031756268355519e+04  -9.1083830952483167e+03  -1.4447344408867839e+04  -8.0801407425962361e+03  -7.3836951468965917e+03  -2.5532433434435075e+03   9.0069854910340146e+03
  -2.3909332452577946e+04  -2.3033416113232506e+04  -9.1102997168019447e+03  -1.4446351928776761e+04  -8.0781068186707116e+03  -7.3867094614540911e+03  -2.5498463163629162e+03   9.0099303199816932e+03
  -2.3907849746879627e+04  -2.3035075472315475e+04  -9.1122161490184917e+03  -1.4445359147927446e+04  -8.0760727246286151e+03  -7.3897236214018722e+03  -2.5464492313584497e+03   9.0128749568832936e+03
  -2.3906366532282973e+04  -2.3036734345015560e+04  -9.1141323907550559e+03  -1.4444366066601275e+04  -8.0740384613191663e+03  -7.3927376260372157e+03  -2.5430520893380808e+03   9.0158194011451524e+03
  -2.3904882808902687e+04  -2.3038392730743912e+04  -9.1160484408683315e+03  -1.4443372685080438e+04  -8.0720040295925592e+03  -7.3957514746574407e+03  -2.5396548912100693e+03   9.0187636521737204e+03
  -2.3903398576605516e+04  -2.3040050630575992e+04  -9.1179643015247821e+03  -1.4442379002860171e+04  -8.0699694278749303e+03  -7.3987651684761258e+03  -2.5362576353851782e+03   9.0217077109670827e+03
  -2.3901913835506137e+04  -2.3041708043922881e+04  -9.1198799715810419e+03  -1.4441385020222531e+04  -8.0679346570163534e+03  -7.4017787067904937e+03  -2.5328603227717354e+03   9.0246515769315865e+03
  -2.3900428585719481e+04  -2.3043364970196348e+04  -9.1217954498947474e+03  -1.4440390737450090e+04  -8.0658997178669442e+03  -7.4047920888985936e+03  -2.5294629542773246e+03   9.0275952494743906e+03
  -2.3898942827028786e+04  -2.3045021411025173e+04  -9.1237107397334730e+03  -1.4439396153774334e+04  -8.0638646080444914e+03  -7.4078053166508380e+03  -2.5260655274818305e+03   9.0305387301222599e+03
  -2.3897456559715061e+04  -2.3046677364712079e+04  -9.1256258377488502e+03  -1.4438401270003667e+04  -8.0618293300160094e+03  -7.4108183880685192e+03  -2.5226680449574710e+03   9.0334820172220625e+03
  -2.3895969783810648e+04  -2.3048332831223266e+04  -9.1275407439010469e+03  -1.4437406086158429e+04  -8.0597938838240425e+03  -7.4138313030880126e+03  -2.5192705067798734e+03   9.0364251107111158e+03
  -2.3894482499181202e+04  -2.3049987811633346e+04  -9.1294554603556699e+03  -1.4436410601731877e+04  -8.0577582678932176e+03  -7.4168440629216038e+03  -2.5158729113604877e+03   9.0393680115861443e+03
  -2.3892994705941997e+04  -2.3051642305353915e+04  -9.1313699859698118e+03  -1.4435414817007097e+04  -8.0557224830743853e+03  -7.4198566668671820e+03  -2.5124752596073099e+03   9.0423107192542084e+03
  -2.3891506404208722e+04  -2.3053296311797221e+04  -9.1332843196015656e+03  -1.4434418732267724e+04  -8.0536865302184469e+03  -7.4228691142234647e+03  -2.5090775524276160e+03   9.0452532331231905e+03
  -2.3890017593846504e+04  -2.3054949832036807e+04  -9.1351984634147302e+03  -1.4433422347006328e+04  -8.0516504077502850e+03  -7.4258814062013071e+03  -2.5056797882342144e+03   9.0481955541884599e+03
  -2.3888528274970919e+04  -2.3056602865484845e+04  -9.1371124162673350e+03  -1.4432425661506368e+04  -8.0496141165206518e+03  -7.4288935420993275e+03  -2.5022819679344375e+03   9.0511376818577774e+03
  -2.3887038447698062e+04  -2.3058255411553542e+04  -9.1390261770170109e+03  -1.4431428676052188e+04  -8.0475776573813237e+03  -7.4319055212161811e+03  -2.4988840924359047e+03   9.0540796155390472e+03
  -2.3885548111892338e+04  -2.3059907471316641e+04  -9.1409397478284882e+03  -1.4430431390134985e+04  -8.0455410287554405e+03  -7.4349173447628709e+03  -2.4954861601507400e+03   9.0570213562276022e+03
  -2.3884057267753884e+04  -2.3061559043632627e+04  -9.1428531264571520e+03  -1.4429433804303721e+04  -8.0435042323044836e+03  -7.4379290114007608e+03  -2.4920881728183354e+03   9.0599629028023774e+03
  -2.3882565915146650e+04  -2.3063210129575258e+04  -9.1447663150681292e+03  -1.4428435918048774e+04  -8.0414672664505888e+03  -7.4409405223408121e+03  -2.4886901288505142e+03   9.0629042562585855e+03
  -2.3881074054271394e+04  -2.3064860728002335e+04  -9.1466793114150569e+03  -1.4427437731920261e+04  -8.0394301328572792e+03  -7.4439518762436519e+03  -2.4852920299879997e+03   9.0658454154746250e+03
  -2.3879581684991546e+04  -2.3066510839988037e+04  -9.1485921176641441e+03  -1.4426439245407581e+04  -8.0373928299451763e+03  -7.4469630743205944e+03  -2.4818938746418262e+03   9.0687863814459197e+03
  -2.3878088807423592e+04  -2.3068160464944842e+04  -9.1505047326732692e+03  -1.4425440458795612e+04  -8.0353553585664586e+03  -7.4499741158706493e+03  -2.4784956637194455e+03   9.0717271535807395e+03
  -2.3876595421684509e+04  -2.3069809602284913e+04  -9.1524171552992484e+03  -1.4424441372370233e+04  -8.0333177195748094e+03  -7.4529850001924669e+03  -2.4750973981291545e+03   9.0746677312871798e+03
  -2.3875101527637209e+04  -2.3071458253081615e+04  -9.1543293877071792e+03  -1.4423441985620009e+04  -8.0312799113906249e+03  -7.4559957284963330e+03  -2.4716990762828300e+03   9.0776081155596421e+03
  -2.3873607125398677e+04  -2.3073106416746701e+04  -9.1562414287531319e+03  -1.4422442298830845e+04  -8.0292419348679559e+03  -7.4590063000803939e+03  -2.4683006990893232e+03   9.0805483058057725e+03
  -2.3872112215085952e+04  -2.3074754092694249e+04  -9.1581532772975606e+03  -1.4421442312288302e+04  -8.0272037908583843e+03  -7.4620167142456112e+03  -2.4649022674541793e+03   9.0834883014356601e+03
  -2.3870616796561506e+04  -2.3076401281996565e+04  -9.1600649355037713e+03  -1.4420442025480303e+04  -8.0251654777825488e+03  -7.4650269722008406e+03  -2.4615037797906598e+03   9.0864281034423730e+03
