  -6.7724016132766053e+02
  -6.7545261936104839e+02
  -6.7366330349999998e+02
  -6.7187221540721532e+02
  -6.7007935677416583e+02
  -6.6828472929951647e+02
  -6.6648833468193163e+02
  -6.6469017462007605e+02
  -6.6289025081261457e+02
  -6.6108856495821146e+02
  -6.5928511875553158e+02
  -6.5747991390323955e+02
  -6.5567295209999997e+02
  -6.5386423504940581e+02
  -6.5205376447476306e+02
  -6.5024154210430629e+02
  -6.4842756966626962e+02
  -6.4661184888888761e+02
  -6.4479438150039459e+02
  -6.4297516922902491e+02
  -6.4115421380301314e+02
  -6.3933151695059325e+02
  -6.3750708039999995e+02
  -6.3568090588556151e+02
  -6.3385299516598172e+02
  -6.3202335000605854e+02
  -6.3019197217058979e+02
  -6.2835886342437334e+02
  -6.2652402553220702e+02
  -6.2468746025888868e+02
  -6.2284916936921604e+02
  -6.2100915462798730e+02
  -6.1916741779999995e+02
  -6.1732396065514797e+02
  -6.1547878498370983e+02
  -6.1363189258105922e+02
  -6.1178328524257097e+02
  -6.0993296476361877e+02
  -6.0808093293957711e+02
  -6.0622719156582014e+02
  -6.0437174243772233e+02
  -6.0251458735065739e+02
  -6.0065572810000003e+02
  -5.9879516648694619e+02
  -5.9693290433597917e+02
  -5.9506894347740422e+02
  -5.9320328574152666e+02
  -5.9133593295865171e+02
  -5.8946688695908460e+02
  -5.8759614957313079e+02
  -5.8572372263109514e+02
  -5.8384960796328323e+02
  -5.8197380740000006e+02
  -5.8009632277686762e+02
  -5.7821715595077410e+02
  -5.7633630878392421e+02
  -5.7445378313852291e+02
  -5.7256958087677469e+02
  -5.7068370386088452e+02
  -5.6879615395305723e+02
  -5.6690693301549754e+02
  -5.6501604291041019e+02
  -5.6312348550000002e+02
  -5.6122926265198362e+02
  -5.5933337625612478e+02
  -5.5743582820769916e+02
  -5.5553662040198230e+02
  -5.5363575473424976e+02
  -5.5173323309977741e+02
  -5.4982905739384046e+02
  -5.4792322951171502e+02
  -5.4601575134867630e+02
  -5.4410662479999996e+02
  -5.4219585176649809e+02
  -5.4028343417112694e+02
  -5.3836937394237941e+02
  -5.3645367300874818e+02
  -5.3453633329872628e+02
  -5.3261735674080614e+02
  -5.3069674526348069e+02
  -5.2877450079524260e+02
  -5.2685062526458489e+02
  -5.2492512060000001e+02
  -5.2299798873512441e+02
  -5.2106923162416774e+02
  -5.1913885122648344e+02
  -5.1720684950142493e+02
  -5.1527322840834540e+02
  -5.1333798990659830e+02
  -5.1140113595553686e+02
  -5.0946266851451441e+02
  -5.0752258954288430e+02
  -5.0558090099999993e+02
  -5.0363760485090467e+02
  -5.0169270308340231e+02
  -4.9974619769098678e+02
  -4.9779809066715205e+02
  -4.9584838400539206e+02
  -4.9389707969920067e+02
  -4.9194417974207187e+02
  -4.8998968612749957e+02
  -4.8803360084897764e+02
  -4.8607592590000002e+02
  -4.8411666327905687e+02
  -4.8215581500462292e+02
  -4.8019338310016917e+02
  -4.7822936958916659e+02
  -4.7626377649508612e+02
  -4.7429660584139884e+02
  -4.7232785965157558e+02
  -4.7035753994908737e+02
  -4.6838564875740519e+02
  -4.6641218809999998e+02
  -4.6443716000586795e+02
  -4.6246056652610605e+02
  -4.6048240971733645e+02
  -4.5850269163618151e+02
  -4.5652141433926323e+02
  -4.5453857988320391e+02
  -4.5255419032462572e+02
  -4.5056824772015085e+02
  -4.4858075412640159e+02
  -4.4659171160000000e+02
  -4.4460112220287130e+02
  -4.4260898801815284e+02
  -4.4061531113428475e+02
  -4.3862009363970736e+02
  -4.3662333762286084e+02
  -4.3462504517218548e+02
  -4.3262521837612144e+02
  -4.3062385932310906e+02
  -4.2862097010158845e+02
  -4.2661655280000002e+02
  -4.2461060951174670e+02
  -4.2260314235008246e+02
  -4.2059415343322428e+02
  -4.1858364487938906e+02
  -4.1657161880679342e+02
  -4.1455807733365435e+02
  -4.1254302257818858e+02
  -4.1052645665861303e+02
  -4.0850838169314454e+02
  -4.0648879979999998e+02
  -4.0446771310294201e+02
  -4.0244512374791719e+02
  -4.0042103388641789e+02
  -3.9839544566993646e+02
  -3.9636836124996552e+02
  -3.9433978277799724e+02
  -3.9230971240552418e+02
  -3.9027815228403864e+02
  -3.8824510456503310e+02
  -3.8621057139999999e+02
  -3.8417455494528519e+02
  -3.8213705737664878e+02
  -3.8009808087470412e+02
  -3.7805762762006486e+02
  -3.7601569979334460e+02
  -3.7397229957515668e+02
  -3.7192742914611478e+02
  -3.6988109068683229e+02
  -3.6783328637792295e+02
  -3.6578401839999998e+02
  -3.6373328893911719e+02
  -3.6168110020308785e+02
  -3.5962745440516562e+02
  -3.5757235375860392e+02
  -3.5551580047665618e+02
  -3.5345779677257599e+02
  -3.5139834485961677e+02
  -3.4933744695103201e+02
  -3.4727510526007529e+02
  -3.4521132200000000e+02
  -3.4314609938884615e+02
  -3.4107943966379975e+02
  -3.3901134506683337e+02
  -3.3694181783991945e+02
  -3.3487086022503064e+02
  -3.3279847446413930e+02
  -3.3072466279921809e+02
  -3.2864942747223944e+02
  -3.2657277072517593e+02
  -3.2449469479999999e+02
  -3.2241520194399823e+02
  -3.2033429442571310e+02
  -3.1825197451900090e+02
  -3.1616824449771815e+02
  -3.1408310663572132e+02
  -3.1199656320686671e+02
  -3.0990861648501090e+02
  -3.0781926874401017e+02
  -3.0572852225772112e+02
  -3.0363637929999999e+02
  -3.0154284214956084e+02
  -2.9944791310454792e+02
  -2.9735159446796297e+02
  -2.9525388854280772e+02
  -2.9315479763208407e+02
  -2.9105432403879365e+02
  -2.8895247006593820e+02
  -2.8684923801651962e+02
  -2.8474463019353965e+02
  -2.8263864890000002e+02
  -2.8053129644395830e+02
  -2.7842257515369516e+02
  -2.7631248736254719e+02
  -2.7420103540385082e+02
  -2.7208822161094258e+02
  -2.6997404831715886e+02
  -2.6785851785583623e+02
  -2.6574163256031130e+02
  -2.6362339476392032e+02
  -2.6150380680000001e+02
  -2.5938287100680606e+02
  -2.5726058974227141e+02
  -2.5513696536924832e+02
  -2.5301200025058907e+02
  -2.5088569674914592e+02
  -2.4875805722777108e+02
  -2.4662908404931682e+02
  -2.4449877957663537e+02
  -2.4236714617257903e+02
  -2.4023418620000001e+02
  -2.3809990202651758e+02
  -2.3596429603881927e+02
  -2.3382737062835952e+02
  -2.3168912818659288e+02
  -2.2954957110497381e+02
  -2.2740870177495685e+02
  -2.2526652258799649e+02
  -2.2312303593554722e+02
  -2.2097824420906355e+02
  -2.1883214980000000e+02
  -2.1668475510492357e+02
  -2.1453606254085147e+02
  -2.1238607452991349e+02
  -2.1023479349423934e+02
  -2.0808222185595872e+02
  -2.0592836203720142e+02
  -2.0377321646009713e+02
  -2.0161678754677564e+02
  -1.9945907771936669e+02
  -1.9730008939999999e+02
  -1.9513982501528810e+02
  -1.9297828700977473e+02
  -1.9081547783248644e+02
  -1.8865139993244978e+02
  -1.8648605575869126e+02
  -1.8431944776023747e+02
  -1.8215157838611492e+02
  -1.7998245008535011e+02
  -1.7781206530696963e+02
  -1.7564042649999999e+02
  -1.7346753611842402e+02
  -1.7129339663604958e+02
  -1.6911801053164069e+02
  -1.6694138028396154e+02
  -1.6476350837177617e+02
  -1.6258439727384874e+02
  -1.6040404946894330e+02
  -1.5822246743582394e+02
  -1.5603965365325482e+02
  -1.5385561060000001e+02
  -1.5167034075951580e+02
  -1.4948384663402703e+02
  -1.4729613073045076e+02
  -1.4510719555570410e+02
  -1.4291704361670406e+02
  -1.4072567742036767e+02
  -1.3853309947361203e+02
  -1.3633931228335416e+02
  -1.3414431835651115e+02
  -1.3194812020000001e+02
  -1.2975072032531290e+02
  -1.2755212126224244e+02
  -1.2535232554515629e+02
  -1.2315133570842214e+02
  -1.2094915428640769e+02
  -1.1874578381348061e+02
  -1.1654122682400863e+02
  -1.1433548585235938e+02
  -1.1212856343290062e+02
  -1.0992046209999999e+02
  -1.0771118439273260e+02
  -1.0550073286900324e+02
  -1.0328911009142409e+02
  -1.0107631862260736e+02
  -9.8862361025165200e+01
  -9.6647239861709821e+01
  -9.4430957694853433e+01
  -9.2213517087208189e+01
  -8.9994920601386326e+01
  -8.7775170799999998e+01
  -8.5554270250156620e+01
  -8.3332221536944530e+01
  -8.1109027249947275e+01
  -7.8884689978748398e+01
  -7.6659212312931459e+01
  -7.4432596842080002e+01
  -7.2204846155777588e+01
  -6.9975962843607732e+01
  -6.7745949495154022e+01
  -6.5514808700000003e+01
  -6.3282543052340877e+01
  -6.1049155164818600e+01
  -5.8814647654686773e+01
  -5.6579023139199009e+01
  -5.4342284235608922e+01
  -5.2104433561170119e+01
  -4.9865473733136213e+01
  -4.7625407368760818e+01
  -4.5384237085297542e+01
  -4.3141965499999998e+01
  -4.0898595234479856e+01
  -3.8654128927781073e+01
  -3.6408569223305633e+01
  -3.4161918764455557e+01
  -3.1914180194632848e+01
  -2.9665356157239508e+01
  -2.7415449295677547e+01
  -2.5164462253348972e+01
  -2.2912397673655789e+01
  -2.0659258200000000e+01
  -1.8405046480239676e+01
  -1.6149765180057120e+01
  -1.3893416969590692e+01
  -1.1636004518978766e+01
  -9.3775304983596968e+00
  -7.1179975778718507e+00
  -4.8574084276535938e+00
  -2.5957657178432929e+00
  -3.3307211857930452e-01
   1.9306696999999999e+00
   4.1954570633385639e+00
   6.4612872792095457e+00
   8.7281576509684076e+00
   1.0996065481970613e+01
   1.3265008075571625e+01
   1.5534982735126906e+01
   1.7805986763991921e+01
