  -3.3815670926329076e+03
  -3.3750049792252767e+03
  -3.3684386352871347e+03
  -3.3618680690577148e+03
  -3.3552932888194528e+03
  -3.3487143028655892e+03
  -3.3421311194893624e+03
  -3.3355437469840122e+03
  -3.3289521936427768e+03
  -3.3223564677588961e+03
  -3.3157565776256097e+03
  -3.3091525315361555e+03
  -3.3025443377837732e+03
  -3.2959320046694866e+03
  -3.2893155405254556e+03
  -3.2826949536916241e+03
  -3.2760702525079373e+03
  -3.2694414453143390e+03
  -3.2628085404507733e+03
  -3.2561715462571851e+03
  -3.2495304710735190e+03
  -3.2428853232397191e+03
  -3.2362361110957299e+03
  -3.2295828429898384e+03
  -3.2229255273037020e+03
  -3.2162641724273235e+03
  -3.2095987867507033e+03
  -3.2029293786638418e+03
  -3.1962559565567403e+03
  -3.1895785288193997e+03
  -3.1828971038418222e+03
  -3.1762116900140077e+03
  -3.1695222957259571e+03
  -3.1628289293755679e+03
  -3.1561315993923204e+03
  -3.1494303142135914e+03
  -3.1427250822767560e+03
  -3.1360159120191911e+03
  -3.1293028118782731e+03
  -3.1225857902913785e+03
  -3.1158648556958833e+03
  -3.1091400165291634e+03
  -3.1024112812285957e+03
  -3.0956786582395043e+03
  -3.0889421560390033e+03
  -3.0822017831121557e+03
  -3.0754575479440236e+03
  -3.0687094590196698e+03
  -3.0619575248241567e+03
  -3.0552017538425471e+03
  -3.0484421545599030e+03
  -3.0416787354612870e+03
  -3.0349115050317619e+03
  -3.0281404717639739e+03
  -3.0213656441809098e+03
  -3.0145870308131389e+03
  -3.0078046401912320e+03
  -3.0010184808457589e+03
  -2.9942285613072891e+03
  -2.9874348901063941e+03
  -2.9806374757736430e+03
  -2.9738363268396074e+03
  -2.9670314518348555e+03
  -2.9602228592974466e+03
  -2.9534105577953883e+03
  -2.9465945559041756e+03
  -2.9397748621993046e+03
  -2.9329514852562716e+03
  -2.9261244336505711e+03
  -2.9192937159576995e+03
  -2.9124593407531515e+03
  -2.9056213166124239e+03
  -2.8987796521110117e+03
  -2.8919343558317496e+03
  -2.8850854363868302e+03
  -2.8782329023957841e+03
  -2.8713767624781431e+03
  -2.8645170252534385e+03
  -2.8576536993412019e+03
  -2.8507867933609637e+03
  -2.8439163159322557e+03
  -2.8370422756746093e+03
  -2.8301646812075564e+03
  -2.8232835411576971e+03
  -2.8163988641799119e+03
  -2.8095106589361517e+03
  -2.8026189340883657e+03
  -2.7957236982985046e+03
  -2.7888249602285186e+03
  -2.7819227285403572e+03
  -2.7750170118959713e+03
  -2.7681078189573100e+03
  -2.7611951583863251e+03
  -2.7542790388519857e+03
  -2.7473594690513455e+03
  -2.7404364576884791e+03
  -2.7335100134674594e+03
  -2.7265801450923605e+03
  -2.7196468612672566e+03
  -2.7127101706962208e+03
  -2.7057700820833279e+03
  -2.6988266041326506e+03
  -2.6918797455482631e+03
  -2.6849295150409566e+03
  -2.6779759213483862e+03
  -2.6710189732149270e+03
  -2.6640586793849511e+03
  -2.6570950486028319e+03
  -2.6501280896129429e+03
  -2.6431578111596568e+03
  -2.6361842219873470e+03
  -2.6292073308403874e+03
  -2.6222271464631503e+03
  -2.6152436776065770e+03
  -2.6082569330478786e+03
  -2.6012669215708338e+03
  -2.5942736519592208e+03
  -2.5872771329968195e+03
  -2.5802773734674074e+03
  -2.5732743821547638e+03
  -2.5662681678426670e+03
  -2.5592587393148965e+03
  -2.5522461053552302e+03
  -2.5452302747538843e+03
  -2.5382112563268233e+03
  -2.5311890588964493e+03
  -2.5241636912851636e+03
  -2.5171351623153682e+03
  -2.5101034808094651e+03
  -2.5030686555898551e+03
  -2.4960306954789417e+03
  -2.4889896092991253e+03
  -2.4819454058728079e+03
  -2.4748980940286456e+03
  -2.4678476826203105e+03
  -2.4607941805077289e+03
  -2.4537375965508272e+03
  -2.4466779396095312e+03
  -2.4396152185437682e+03
  -2.4325494422134630e+03
  -2.4254806194785433e+03
  -2.4184087591989346e+03
  -2.4113338702345636e+03
  -2.4042559614513643e+03
  -2.3971750417393059e+03
  -2.3900911199943648e+03
  -2.3830042051125174e+03
  -2.3759143059897410e+03
  -2.3688214315220116e+03
  -2.3617255906053074e+03
  -2.3546267921356039e+03
  -2.3475250450088779e+03
  -2.3404203581211068e+03
  -2.3333127403742283e+03
  -2.3262022006940274e+03
  -2.3190887480122478e+03
  -2.3119723912606360e+03
  -2.3048531393709372e+03
  -2.2977310012748972e+03
  -2.2906059859042607e+03
  -2.2834781021907729e+03
  -2.2763473590661806e+03
  -2.2692137654622275e+03
  -2.2620773303163433e+03
  -2.2549380625886888e+03
  -2.2477959712451084e+03
  -2.2406510652514457e+03
  -2.2335033535735461e+03
  -2.2263528451772531e+03
  -2.2191995490284112e+03
  -2.2120434740928649e+03
  -2.2048846293364581e+03
  -2.1977230237250351e+03
  -2.1905586662300188e+03
  -2.1833915658451419e+03
  -2.1762217315697176e+03
  -2.1690491724030571e+03
  -2.1618738973444720e+03
  -2.1546959153932748e+03
  -2.1475152355487771e+03
  -2.1403318668102906e+03
  -2.1331458181771272e+03
  -2.1259570986485987e+03
  -2.1187657172293057e+03
  -2.1115716829450021e+03
  -2.1043750048267279e+03
  -2.0971756919055265e+03
  -2.0899737532124391e+03
  -2.0827691977785075e+03
  -2.0755620346347737e+03
  -2.0683522728122794e+03
  -2.0611399213420659e+03
  -2.0539249892551757e+03
  -2.0467074855879300e+03
  -2.0394874193977735e+03
  -2.0322647997474289e+03
  -2.0250396356996200e+03
  -2.0178119363170711e+03
  -2.0105817106625057e+03
  -2.0033489677986472e+03
  -1.9961137167882200e+03
  -1.9888759666939470e+03
  -1.9816357265785527e+03
  -1.9743930055096439e+03
  -1.9671478125743615e+03
  -1.9599001568647295e+03
  -1.9526500474727723e+03
  -1.9453974934905139e+03
  -1.9381425040099789e+03
  -1.9308850881231911e+03
  -1.9236252549221751e+03
  -1.9163630134989548e+03
  -1.9090983729455547e+03
  -1.9018313423588656e+03
  -1.8945619308552452e+03
  -1.8872901475559188e+03
  -1.8800160015821107e+03
  -1.8727395020550459e+03
  -1.8654606580959489e+03
  -1.8581794788260443e+03
  -1.8508959733665572e+03
  -1.8436101508387123e+03
  -1.8363220203637338e+03
  -1.8290315910673703e+03
  -1.8217388720934612e+03
  -1.8144438725903703e+03
  -1.8071466017064608e+03
  -1.7998470685900957e+03
  -1.7925452823896387e+03
  -1.7852412522534528e+03
  -1.7779349873299013e+03
  -1.7706264967673476e+03
  -1.7633157897141550e+03
  -1.7560028753231766e+03
  -1.7486877627652264e+03
  -1.7413704612156077e+03
  -1.7340509798496246e+03
  -1.7267293278425809e+03
  -1.7194055143697799e+03
  -1.7120795486065258e+03
  -1.7047514397281223e+03
  -1.6974211969098728e+03
  -1.6900888293270814e+03
  -1.6827543461591881e+03
  -1.6754177566021799e+03
  -1.6680790698561805e+03
  -1.6607382951213133e+03
  -1.6533954415977014e+03
  -1.6460505184854683e+03
  -1.6387035349847381e+03
  -1.6313545002956334e+03
  -1.6240034236182785e+03
  -1.6166503141527960e+03
  -1.6092951811033790e+03
  -1.6019380336904946e+03
  -1.5945788811386801e+03
  -1.5872177326724718e+03
  -1.5798545975164063e+03
  -1.5724894848950207e+03
  -1.5651224040328511e+03
  -1.5577533641544344e+03
  -1.5503823744843071e+03
  -1.5430094442470063e+03
  -1.5356345826709594e+03
  -1.5282577990001607e+03
  -1.5208791024824955e+03
  -1.5134985023658480e+03
  -1.5061160078981043e+03
  -1.4987316283271493e+03
  -1.4913453729008684e+03
  -1.4839572508671461e+03
  -1.4765672714738678e+03
  -1.4691754439689191e+03
  -1.4617817776038321e+03
  -1.4543862816447281e+03
  -1.4469889653613754e+03
  -1.4395898380235428e+03
  -1.4321889089009987e+03
  -1.4247861872635121e+03
  -1.4173816823808506e+03
  -1.4099754035227836e+03
  -1.4025673599590791e+03
  -1.3951575609595059e+03
  -1.3877460157972462e+03
  -1.3803327337591384e+03
  -1.3729177241354344e+03
  -1.3655009962163863e+03
  -1.3580825592922461e+03
  -1.3506624226532660e+03
  -1.3432405955896982e+03
  -1.3358170873917945e+03
  -1.3283919073498071e+03
  -1.3209650647539879e+03
  -1.3135365688980269e+03
  -1.3061064290893639e+03
  -1.2986746546388774e+03
  -1.2912412548574446e+03
  -1.2838062390559439e+03
  -1.2763696165452529e+03
  -1.2689313966362497e+03
  -1.2614915886398121e+03
  -1.2540502018668178e+03
  -1.2466072456281449e+03
  -1.2391627292376456e+03
  -1.2317166620210717e+03
  -1.2242690533071486e+03
  -1.2168199124246028e+03
  -1.2093692487021599e+03
  -1.2019170714685458e+03
  -1.1944633900524866e+03
  -1.1870082137827087e+03
  -1.1795515519879370e+03
  -1.1720934139968983e+03
  -1.1646338091413111e+03
  -1.1571727467648657e+03
  -1.1497102362142448e+03
  -1.1422462868361315e+03
  -1.1347809079772089e+03
  -1.1273141089841597e+03
  -1.1198458992036672e+03
  -1.1123762879824139e+03
  -1.1049052846670836e+03
  -1.0974328986043583e+03
  -1.0899591391436372e+03
  -1.0824840156451814e+03
  -1.0750075374719679e+03
  -1.0675297139869740e+03
  -1.0600505545531762e+03
  -1.0525700685335516e+03
  -1.0450882652910775e+03
  -1.0376051541887305e+03
  -1.0301207445894875e+03
  -1.0226350458563259e+03
  -1.0151480673547513e+03
  -1.0076598184603857e+03
  -1.0001703085513802e+03
  -9.9267954700588530e+02
  -9.8518754320205221e+02
  -9.7769430651803179e+02
  -9.7019984633197464e+02
