  -6.7724006999999995e+05
  -6.7545252000000002e+05
  -6.7366321999999997e+05
  -6.7187212000000000e+05
  -6.7007929000000004e+05
  -6.6828466000000003e+05
  -6.6648829999999993e+05
  -6.6469015000000002e+05
  -6.6289025000000000e+05
  -6.6108857999999996e+05
  -6.5928517000000004e+05
  -6.5747998999999999e+05
  -6.5567303000000003e+05
  -6.5386429000000004e+05
  -6.5205377000000002e+05
  -6.5024154000000004e+05
  -6.4842756999999995e+05
  -6.4661180999999994e+05
  -6.4479429000000004e+05
  -6.4297502999999991e+05
  -6.4115407000000007e+05
  -6.3933133999999997e+05
  -6.3750689000000001e+05
  -6.3568065000000002e+05
  -6.3385276000000001e+05
  -6.3202315000000002e+05
  -6.3019178999999992e+05
  -6.2835865000000002e+05
  -6.2652376000000001e+05
  -6.2468715000000002e+05
  -6.2284882000000007e+05
  -6.2100879999999993e+05
  -6.1916708000000007e+05
  -6.1732362000000000e+05
  -6.1547843000000005e+05
  -6.1363153999999992e+05
  -6.1178294000000006e+05
  -6.0993264000000001e+05
  -6.0808062000000000e+05
  -6.0622687000000000e+05
  -6.0437141999999993e+05
  -6.0251426000000001e+05
  -6.0065538000000000e+05
  -5.9879480999999994e+05
  -5.9693258000000007e+05
  -5.9506865000000002e+05
  -5.9320302000000002e+05
  -5.9133569999999995e+05
  -5.8946666000000003e+05
  -5.8759594000000006e+05
  -5.8572356000000006e+05
  -5.8384946000000008e+05
  -5.8197370999999996e+05
  -5.8009628000000003e+05
  -5.7821714999999991e+05
  -5.7633633999999997e+05
  -5.7445384999999998e+05
  -5.7256966999999993e+05
  -5.7068380000000005e+05
  -5.6879625000000000e+05
  -5.6690704000000004e+05
  -5.6501612000000000e+05
  -5.6312357999999996e+05
  -5.6122937000000000e+05
  -5.5933353000000003e+05
  -5.5743601000000001e+05
  -5.5553680999999994e+05
  -5.5363590999999992e+05
  -5.5173341000000003e+05
  -5.4982926999999990e+05
  -5.4792348000000010e+05
  -5.4601600000000000e+05
  -5.4410685999999999e+05
  -5.4219609000000008e+05
  -5.4028367000000004e+05
  -5.3836963000000000e+05
  -5.3645394999999995e+05
  -5.3453664000000001e+05
  -5.3261767999999993e+05
  -5.3069705000000005e+05
  -5.2877481000000006e+05
  -5.2685091999999993e+05
  -5.2492540000000002e+05
  -5.2299820999999996e+05
  -5.2106939999999997e+05
  -5.1913897999999992e+05
  -5.1720694000000006e+05
  -5.1527332000000001e+05
  -5.1333812000000000e+05
  -5.1140123999999999e+05
  -5.0946273000000004e+05
  -5.0752265999999997e+05
  -5.0558100000000000e+05
  -5.0363772999999998e+05
  -5.0169287000000005e+05
  -4.9974635999999999e+05
  -4.9779822999999998e+05
  -4.9584849000000005e+05
  -4.9389715999999997e+05
  -4.9194426000000001e+05
  -4.8998976000000001e+05
  -4.8803364000000001e+05
  -4.8607591999999998e+05
  -4.8411662000000000e+05
  -4.8215572999999998e+05
  -4.8019326999999996e+05
  -4.7822922999999998e+05
  -4.7626362000000000e+05
  -4.7429645000000001e+05
  -4.7232773999999999e+05
  -4.7035743000000005e+05
  -4.6838551999999996e+05
  -4.6641203000000003e+05
  -4.6443697999999998e+05
  -4.6246033000000002e+05
  -4.6048216999999998e+05
  -4.5850245000000001e+05
  -4.5652121000000002e+05
  -4.5453835999999999e+05
  -4.5255395000000001e+05
  -4.5056797999999998e+05
  -4.4858045000000001e+05
  -4.4659142000000004e+05
  -4.4460084000000003e+05
  -4.4260872000000003e+05
  -4.4061502999999997e+05
  -4.3861979999999999e+05
  -4.3662304999999999e+05
  -4.3462473999999999e+05
  -4.3262490999999997e+05
  -4.3062358000000002e+05
  -4.2862072000000003e+05
  -4.2661628999999998e+05
  -4.2461027000000002e+05
  -4.2260277000000002e+05
  -4.2059375000000000e+05
  -4.1858319000000000e+05
  -4.1657114000000001e+05
  -4.1455762000000000e+05
  -4.1254257999999996e+05
  -4.1052602999999997e+05
  -4.0850797999999998e+05
  -4.0648845999999996e+05
  -4.0446735999999999e+05
  -4.0244475999999995e+05
  -4.0042065999999997e+05
  -3.9839508000000002e+05
  -3.9636799000000005e+05
  -3.9433940000000002e+05
  -3.9230934000000003e+05
  -3.9027778999999998e+05
  -3.8824476000000001e+05
  -3.8621026000000001e+05
  -3.8417428000000003e+05
  -3.8213682000000001e+05
  -3.8009786000000004e+05
  -3.7805739999999997e+05
  -3.7601551000000001e+05
  -3.7397212000000000e+05
  -3.7192729000000004e+05
  -3.6988096999999997e+05
  -3.6783321000000002e+05
  -3.6578397999999998e+05
  -3.6373327000000002e+05
  -3.6168110000000003e+05
  -3.5962747000000003e+05
  -3.5757238999999996e+05
  -3.5551583000000002e+05
  -3.5345783000000002e+05
  -3.5139837999999995e+05
  -3.4933741999999998e+05
  -3.4727503999999998e+05
  -3.4521122000000003e+05
  -3.4314596999999997e+05
  -3.4107929999999999e+05
  -3.3901121000000002e+05
  -3.3694169000000000e+05
  -3.3487073999999999e+05
  -3.3279835999999999e+05
  -3.3072451999999996e+05
  -3.2864927000000002e+05
  -3.2657258000000002e+05
  -3.2449450000000000e+05
  -3.2241502000000002e+05
  -3.2033413000000000e+05
  -3.1825188000000000e+05
  -3.1616819000000000e+05
  -3.1408309000000003e+05
  -3.1199658000000002e+05
  -3.0990865000000002e+05
  -3.0781927000000002e+05
  -3.0572852000000002e+05
  -3.0363639000000001e+05
  -3.0154277000000002e+05
  -2.9944778999999998e+05
  -2.9735145000000001e+05
  -2.9525376999999996e+05
  -2.9315470000000001e+05
  -2.9105431000000000e+05
  -2.8895253999999998e+05
  -2.8684935999999999e+05
  -2.8474482999999996e+05
  -2.8263889999999997e+05
  -2.8053154999999999e+05
  -2.7842285999999999e+05
  -2.7631282000000001e+05
  -2.7420139999999997e+05
  -2.7208859999999998e+05
  -2.6997439000000001e+05
  -2.6785887000000000e+05
  -2.6574196000000002e+05
  -2.6362373000000004e+05
  -2.6150414000000001e+05
  -2.5938317999999999e+05
  -2.5726092000000001e+05
  -2.5513728000000000e+05
  -2.5301230000000002e+05
  -2.5088598999999999e+05
  -2.4875832000000001e+05
  -2.4662934999999998e+05
  -2.4449904000000001e+05
  -2.4236732000000001e+05
  -2.4023428999999998e+05
  -2.3809992999999999e+05
  -2.3596428000000000e+05
  -2.3382732999999999e+05
  -2.3168906000000000e+05
  -2.2954948999999999e+05
  -2.2740860000000001e+05
  -2.2526641000000000e+05
  -2.2312294000000000e+05
  -2.2097814999999999e+05
  -2.1883207999999999e+05
  -2.1668473999999999e+05
  -2.1453607999999999e+05
  -2.1238612000000000e+05
  -2.1023487000000000e+05
  -2.0808228000000000e+05
  -2.0592835999999999e+05
  -2.0377320000000001e+05
  -2.0161676999999999e+05
  -1.9945906000000000e+05
  -1.9730007000000001e+05
  -1.9513972999999998e+05
  -1.9297817000000001e+05
  -1.9081534000000000e+05
  -1.8865125000000000e+05
  -1.8648592999999999e+05
  -1.8431932000000001e+05
  -1.8215145000000001e+05
  -1.7998226999999999e+05
  -1.7781187000000000e+05
  -1.7564017999999999e+05
  -1.7346722000000000e+05
  -1.7129307000000001e+05
  -1.6911763999999998e+05
  -1.6694098999999999e+05
  -1.6476312999999998e+05
  -1.6258401000000001e+05
  -1.6040363999999998e+05
  -1.5822204999999999e+05
  -1.5603920999999999e+05
  -1.5385514000000001e+05
  -1.5166982999999999e+05
  -1.4948331999999998e+05
  -1.4729560000000001e+05
  -1.4510667000000001e+05
  -1.4291654999999999e+05
  -1.4072523000000001e+05
  -1.3853263999999998e+05
  -1.3633887999999998e+05
  -1.3414391000000000e+05
  -1.3194776999999999e+05
  -1.2975042000000000e+05
  -1.2755185000000001e+05
  -1.2535208000000000e+05
  -1.2315112000000001e+05
  -1.2094898000000001e+05
  -1.1874564000000000e+05
  -1.1654110000000001e+05
  -1.1433539000000000e+05
  -1.1212851999999999e+05
  -1.0992047000000000e+05
  -1.0771117000000000e+05
  -1.0550070999999999e+05
  -1.0328911000000000e+05
  -1.0107640999999999e+05
  -9.8862449999999997e+04
  -9.6647330000000002e+04
  -9.4431079999999987e+04
  -9.2213669999999998e+04
  -8.9995080000000002e+04
  -8.7775319999999992e+04
  -8.5554399999999994e+04
  -8.3332289999999994e+04
  -8.1109039999999994e+04
  -7.8884660000000003e+04
  -7.6659160000000003e+04
  -7.4432509999999995e+04
  -7.2204750000000000e+04
  -6.9975899999999994e+04
  -6.7745850000000006e+04
  -6.5514709999999992e+04
  -6.3282449999999997e+04
  -6.1049019999999997e+04
  -5.8814520000000004e+04
  -5.6578870000000003e+04
  -5.4342159999999996e+04
  -5.2104349999999999e+04
  -4.9865419999999998e+04
  -4.7625309999999998e+04
  -4.5384120000000003e+04
  -4.3141869999999995e+04
  -4.0898490000000005e+04
  -3.8653989999999998e+04
  -3.6408389999999999e+04
  -3.4161709999999999e+04
  -3.1913930000000000e+04
  -2.9665079999999998e+04
  -2.7415160000000000e+04
  -2.5164160000000000e+04
  -2.2912070000000000e+04
  -2.0658910000000000e+04
  -1.8404699999999997e+04
  -1.6149420000000000e+04
  -1.3893059999999999e+04
  -1.1635640000000001e+04
  -9.3771700000000001e+03
  -7.1176099999999997e+03
  -4.8569399999999996e+03
  -2.5952700000000000e+03
  -3.3252999999999997e+02
   1.9312400000000000e+03
   4.1959899999999998e+03
   6.4617799999999997e+03
   8.7286300000000010e+03
   1.0996490000000000e+04
   1.3265400000000000e+04
   1.5535330000000000e+04
   1.7806290000000001e+04
