  -1.0832711245599339e+03   1.2624529519739192e+04   2.4545434035466391e+04  -4.5494295082338958e+03  -1.6740627465668778e+04   1.4664882883957469e+04  -1.8521364543601409e+04  -1.2357237809648865e+04
  -1.0855550587456378e+03   1.2622913626250045e+04   2.4543992772781985e+04  -4.5531617910562391e+03  -1.6743488053072277e+04   1.4662611359331258e+04  -1.8520283081347206e+04  -1.2354793556187875e+04
  -1.0878389709328383e+03   1.2621297465039170e+04   2.4542550996644164e+04  -4.5568939799224372e+03  -1.6746348290262653e+04   1.4660339526620060e+04  -1.8519201205243622e+04  -1.2352349038329836e+04
  -1.0901228599582064e+03   1.2619681037171174e+04   2.4541108707472067e+04  -4.5606260740812058e+03  -1.6749208176781864e+04   1.4658067386163273e+04  -1.8518118915148967e+04  -1.2349904256499112e+04
  -1.0924067246581560e+03   1.2618064343711476e+04   2.4539665905685375e+04  -4.5643580727811204e+03  -1.6752067712172029e+04   1.4655794938300989e+04  -1.8517036210922055e+04  -1.2347459211120815e+04
  -1.0946905672141083e+03   1.2616447382633320e+04   2.4538222590535352e+04  -4.5680899772916355e+03  -1.6754926897166337e+04   1.4653522182492661e+04  -1.8515953092911452e+04  -1.2345013901501155e+04
  -1.0969743864624159e+03   1.2614830155002053e+04   2.4536778762441598e+04  -4.5718217868612837e+03  -1.6757785731306838e+04   1.4651249119078257e+04  -1.8514869560975843e+04  -1.2342568328065119e+04
  -1.0992581812403555e+03   1.2613212661882715e+04   2.4535334421823849e+04  -4.5755535007391863e+03  -1.6760644214136206e+04   1.4648975748398143e+04  -1.8513785614974680e+04  -1.2340122491238017e+04
  -1.1015419537276046e+03   1.2611594901249364e+04   2.4533889567933358e+04  -4.5792851201937201e+03  -1.6763502346386609e+04   1.4646702069911311e+04  -1.8512701255255408e+04  -1.2337676390325696e+04
  -1.1038257027613927e+03   1.2609976874166952e+04   2.4532444201189781e+04  -4.5830166444739652e+03  -1.6766360127600623e+04   1.4644428083957977e+04  -1.8511616481677305e+04  -1.2335230025753353e+04
  -1.1061094271784980e+03   1.2608358581701455e+04   2.4530998322013402e+04  -4.5867480728287483e+03  -1.6769217557320975e+04   1.4642153790879142e+04  -1.8510531294100223e+04  -1.2332783397946927e+04
  -1.1083931291596075e+03   1.2606740021825135e+04   2.4529551929654463e+04  -4.5904794065270426e+03  -1.6772074636279809e+04   1.4639879190132595e+04  -1.8509445692870893e+04  -1.2330336506211050e+04
  -1.1106768075414443e+03   1.2605121195603868e+04   2.4528105024533186e+04  -4.5942106448176382e+03  -1.6774931364019758e+04   1.4637604282059214e+04  -1.8508359677849017e+04  -1.2327889350971549e+04
  -1.1129604611616567e+03   1.2603502104103247e+04   2.4526657607069916e+04  -4.5979417869499066e+03  -1.6777787740084070e+04   1.4635329067000212e+04  -1.8507273248895031e+04  -1.2325441932654578e+04
  -1.1152440921992006e+03   1.2601882745296343e+04   2.4525209676514860e+04  -4.6016728341917460e+03  -1.6780643765203858e+04   1.4633053544412962e+04  -1.8506186406354554e+04  -1.2322994250564403e+04
  -1.1175276994916658e+03   1.2600263120248646e+04   2.4523761233288289e+04  -4.6054037857924877e+03  -1.6783499438922317e+04   1.4630777714638562e+04  -1.8505099150087888e+04  -1.2320546305127051e+04
  -1.1198112818761981e+03   1.2598643230026664e+04   2.4522312277811106e+04  -4.6091346410012220e+03  -1.6786354760782746e+04   1.4628501578018881e+04  -1.8504011479955851e+04  -1.2318098096769349e+04
  -1.1220948415327639e+03   1.2597023072601700e+04   2.4520862809332506e+04  -4.6128654010864293e+03  -1.6789209731516232e+04   1.4626225134010087e+04  -1.8502923396303413e+04  -1.2315649624794278e+04
  -1.1243783761850098e+03   1.2595402650071452e+04   2.4519412828663877e+04  -4.6165960646245412e+03  -1.6792064350270524e+04   1.4623948383249286e+04  -1.8501834898830308e+04  -1.2313200890003249e+04
  -1.1266618880112826e+03   1.2593781960408174e+04   2.4517962335054555e+04  -4.6203266328830432e+03  -1.6794918617775860e+04   1.4621671325192470e+04  -1.8500745987880684e+04  -1.2310751891699165e+04
  -1.1289453747354701e+03   1.2592161005709906e+04   2.4516511329316272e+04  -4.6240571044385315e+03  -1.6797772533180396e+04   1.4619393960477313e+04  -1.8499656663154994e+04  -1.2308302630683993e+04
  -1.1312288385370530e+03   1.2590539783947330e+04   2.4515059810697578e+04  -4.6277874805591709e+03  -1.6800626097214521e+04   1.4617116288558904e+04  -1.8498566924996940e+04  -1.2305853106259632e+04
  -1.1335122782533654e+03   1.2588918296187201e+04   2.4513607779619681e+04  -4.6315177604941755e+03  -1.6803479309421822e+04   1.4614838309779567e+04  -1.8497476773267881e+04  -1.2303403318853356e+04
  -1.1357956927226824e+03   1.2587296543495984e+04   2.4512155236503950e+04  -4.6352479434933493e+03  -1.6806332169346551e+04   1.4612560024481994e+04  -1.8496386207829899e+04  -1.2300953268892757e+04
  -1.1380790841227272e+03   1.2585674523845149e+04   2.4510702180598895e+04  -4.6389780308237796e+03  -1.6809184677718087e+04   1.4610281432120813e+04  -1.8495295229025629e+04  -1.2298502955679398e+04
  -1.1403624512917152e+03   1.2584052238301094e+04   2.4509248612325802e+04  -4.6427080217352222e+03  -1.6812036834080569e+04   1.4608002533038605e+04  -1.8494203836716999e+04  -1.2296052379640762e+04
  -1.1426457930674142e+03   1.2582429687931184e+04   2.4507794532106545e+04  -4.6464379154771977e+03  -1.6814888637978289e+04   1.4605723327578691e+04  -1.8493112030766508e+04  -1.2293601541205086e+04
  -1.1449291116285672e+03   1.2580806870705112e+04   2.4506339939188678e+04  -4.6501677133173771e+03  -1.6817740090140574e+04   1.4603443815194509e+04  -1.8492019811516078e+04  -1.2291150439672667e+04
  -1.1472124058128811e+03   1.2579183787690181e+04   2.4504884833994016e+04  -4.6538974145052380e+03  -1.6820591190111634e+04   1.4601163996229257e+04  -1.8490927178828038e+04  -1.2288699075471639e+04
  -1.1494956744589988e+03   1.2577560439953408e+04   2.4503429216944507e+04  -4.6576270182908365e+03  -1.6823441937436295e+04   1.4598883871026539e+04  -1.8489834132565473e+04  -1.2286247449030441e+04
  -1.1517789197432294e+03   1.2575936825465900e+04   2.4501973087287894e+04  -4.6613565259403558e+03  -1.6826292332842615e+04   1.4596603439039491e+04  -1.8488740673069107e+04  -1.2283795559649270e+04
  -1.1540621405055338e+03   1.2574312945293335e+04   2.4500516445445581e+04  -4.6650859367046514e+03  -1.6829142375875846e+04   1.4594322700611227e+04  -1.8487646800202088e+04  -1.2281343407755985e+04
  -1.1563453355840529e+03   1.2572688800503591e+04   2.4499059291840062e+04  -4.6688152498334948e+03  -1.6831992066080838e+04   1.4592041656085945e+04  -1.8486552513827857e+04  -1.2278890993779685e+04
  -1.1586285082686243e+03   1.2571064388033539e+04   2.4497601625326228e+04  -4.6725444672656513e+03  -1.6834841404579754e+04   1.4589760304618148e+04  -1.8485457814445010e+04  -1.2276438316642538e+04
  -1.1609116540583971e+03   1.2569439712049834e+04   2.4496143447502578e+04  -4.6762735862340260e+03  -1.6837690389734569e+04   1.4587478647444725e+04  -1.8484362701440998e+04  -1.2273985377904266e+04
  -1.1631947762450880e+03   1.2567814769487215e+04   2.4494684757223065e+04  -4.6800026086785192e+03  -1.6840539022667923e+04   1.4585196683719203e+04  -1.8483267175314235e+04  -1.2271532176485944e+04
  -1.1654778725518147e+03   1.2566189562448988e+04   2.4493225555303434e+04  -4.6837315331754062e+03  -1.6843387302529965e+04   1.4582914414084607e+04  -1.8482171235769896e+04  -1.2269078713194929e+04
  -1.1677609451581645e+03   1.2564564088901356e+04   2.4491765840988748e+04  -4.6874603609927990e+03  -1.6846235230049038e+04   1.4580631837991084e+04  -1.8481074883147208e+04  -1.2266624987328141e+04
  -1.1700439929024669e+03   1.2562938349912476e+04   2.4490305614701840e+04  -4.6911890913806001e+03  -1.6849082804770318e+04   1.4578348955783289e+04  -1.8479978117310118e+04  -1.2264170999315116e+04
  -1.1723270146219143e+03   1.2561312346552180e+04   2.4488844876866413e+04  -4.6949177235880552e+03  -1.6851930026238857e+04   1.4576065767806840e+04  -1.8478880938123119e+04  -1.2261716749586460e+04
  -1.1746100124943514e+03   1.2559686076787408e+04   2.4487383626727558e+04  -4.6986462588821878e+03  -1.6854776895181978e+04   1.4573782273511433e+04  -1.8477783345924276e+04  -1.2259262237438727e+04
  -1.1768929853582920e+03   1.2558059541686647e+04   2.4485921864708387e+04  -4.7023746965130449e+03  -1.6857623411145156e+04   1.4571498473242158e+04  -1.8476685340578111e+04  -1.2256807463301900e+04
  -1.1791759320524993e+03   1.2556432742318639e+04   2.4484459591232393e+04  -4.7061030357308227e+03  -1.6860469573674221e+04   1.4569214367344730e+04  -1.8475586921949722e+04  -1.2254352427606531e+04
  -1.1814588547537562e+03   1.2554805676650565e+04   2.4482996805544448e+04  -4.7098312778018935e+03  -1.6863315383495730e+04   1.4566929955268173e+04  -1.8474488090376253e+04  -1.2251897129648600e+04
  -1.1837417523014501e+03   1.2553178345750463e+04   2.4481533508067667e+04  -4.7135594219768373e+03  -1.6866160840155688e+04   1.4564645237357874e+04  -1.8473388845722755e+04  -1.2249441569858294e+04
  -1.1860246235331597e+03   1.2551550750688673e+04   2.4480069699226387e+04  -4.7172874675051544e+03  -1.6869005943199740e+04   1.4562360213960304e+04  -1.8472289187854665e+04  -1.2246985748667064e+04
  -1.1883074706259838e+03   1.2549922889431220e+04   2.4478605378264656e+04  -4.7210154156533890e+03  -1.6871850693354172e+04   1.4560074884523534e+04  -1.8471189117108304e+04  -1.2244529665369835e+04
  -1.1905902924188113e+03   1.2548294763047077e+04   2.4477140545606213e+04  -4.7247432656718338e+03  -1.6874695090165005e+04   1.4557789249393538e+04  -1.8470088633349133e+04  -1.2242073320397471e+04
  -1.1928730877507812e+03   1.2546666372605532e+04   2.4475675201675138e+04  -4.7284710168109505e+03  -1.6877539133178692e+04   1.4555503308916896e+04  -1.8468987736443280e+04  -1.2239616714181371e+04
  -1.1951558587986301e+03   1.2545037716072162e+04   2.4474209345715029e+04  -4.7321986703370385e+03  -1.6880382823120966e+04   1.4553217062540818e+04  -1.8467886426726152e+04  -1.2237159846015666e+04
  -1.1974386044000476e+03   1.2543408794517463e+04   2.4472742978150392e+04  -4.7359262254996866e+03  -1.6883226159537702e+04   1.4550930510612117e+04  -1.8466784704063521e+04  -1.2234702716332107e+04
  -1.1997213233950583e+03   1.2541779609010378e+04   2.4471276099405375e+04  -4.7396536815499057e+03  -1.6886069141975862e+04   1.4548643653477600e+04  -1.8465682568322110e+04  -1.2232245325562302e+04
  -1.2020040179593282e+03   1.2540150157516617e+04   2.4469808708723274e+04  -4.7433810397533271e+03  -1.6888911771160419e+04   1.4546356490583876e+04  -1.8464580019836310e+04  -1.2229787672999802e+04
  -1.2042866858201578e+03   1.2538520442140472e+04   2.4468340806922351e+04  -4.7471082986889296e+03  -1.6891754046245467e+04   1.4544069022578276e+04  -1.8463477058317043e+04  -1.2227329759456054e+04
  -1.2065693291529701e+03   1.2536890460847368e+04   2.4466872393245561e+04  -4.7508354596221761e+03  -1.6894595967955658e+04   1.4541781248906842e+04  -1.8462373684098115e+04  -1.2224871584224102e+04
  -1.2088519456860006e+03   1.2535260215741277e+04   2.4465403468511289e+04  -4.7545625211326314e+03  -1.6897437535445704e+04   1.4539493170217300e+04  -1.8461269896891146e+04  -1.2222413148115702e+04
  -1.2111345375923577e+03   1.2533629704789239e+04   2.4463934031962886e+04  -4.7582894844843449e+03  -1.6900278749439156e+04   1.4537204785955726e+04  -1.8460165697029082e+04  -1.2219954450424068e+04
  -1.2134171037136271e+03   1.2531998929059157e+04   2.4462464084024359e+04  -4.7620163489292991e+03  -1.6903119609483769e+04   1.4534916096469004e+04  -1.8459061084379344e+04  -1.2217495491580761e+04
  -1.2156996428895743e+03   1.2530367889621204e+04   2.4460993625120784e+04  -4.7657431137183930e+03  -1.6905960115126960e+04   1.4532627102105151e+04  -1.8457956058809665e+04  -1.2215036272018615e+04
  -1.2179821572936294e+03   1.2528736584441285e+04   2.4459522654494827e+04  -4.7694697801158463e+03  -1.6908800267091989e+04   1.4530337802309252e+04  -1.8456850620652189e+04  -1.2212576791029785e+04
  -1.2202646457661840e+03   1.2527105014588866e+04   2.4458051172571206e+04  -4.7731963473729402e+03  -1.6911640064926436e+04   1.4528048197429007e+04  -1.8455744769774650e+04  -1.2210117049046736e+04
  -1.2225471071471911e+03   1.2525473181134375e+04   2.4456579179775370e+04  -4.7769228147406993e+03  -1.6914479508177981e+04   1.4525758287812856e+04  -1.8454638506045274e+04  -1.2207657046502723e+04
  -1.2248295436110934e+03   1.2523841082041945e+04   2.4455106675348910e+04  -4.7806491834839380e+03  -1.6917318597569876e+04   1.4523468072904707e+04  -1.8453531829795487e+04  -1.2205196782688663e+04
  -1.2271119539977803e+03   1.2522208718381959e+04   2.4453633659717179e+04  -4.7843754528536392e+03  -1.6920157332649724e+04   1.4521177553052872e+04  -1.8452424740893402e+04  -1.2202736258037648e+04
  -1.2293943371480791e+03   1.2520576091224468e+04   2.4452160133305635e+04  -4.7881016221013879e+03  -1.6922995712965774e+04   1.4518886728606079e+04  -1.8451317239207874e+04  -1.2200275472983141e+04
  -1.2316766952346843e+03   1.2518943198534413e+04   2.4450686095355850e+04  -4.7918276924909087e+03  -1.6925833739240232e+04   1.4516595599007736e+04  -1.8450209325069231e+04  -1.2197814426815692e+04
  -1.2339590270990511e+03   1.2517310041381152e+04   2.4449211546292969e+04  -4.7955536632741596e+03  -1.6928671411021503e+04   1.4514304164606256e+04  -1.8449100998346272e+04  -1.2195353119968388e+04
  -1.2362413315794447e+03   1.2515676620837563e+04   2.4447736486543778e+04  -4.7992795337011776e+03  -1.6931508727857181e+04   1.4512012425751547e+04  -1.8447992258907954e+04  -1.2192891552876059e+04
  -1.2385236108516247e+03   1.2514042934864909e+04   2.4446260915348077e+04  -4.8030053050375309e+03  -1.6934345690470102e+04   1.4509720381885265e+04  -1.8446883107084162e+04  -1.2190429724827267e+04
  -1.2408058626448901e+03   1.2512408985570199e+04   2.4444784833527188e+04  -4.8067309758635593e+03  -1.6937182298017444e+04   1.4507428033659344e+04  -1.8445773542590941e+04  -1.2187967636637923e+04
  -1.2430880891313045e+03   1.2510774770917575e+04   2.4443308240321850e+04  -4.8104565474425817e+03  -1.6940018551220539e+04   1.4505135380515825e+04  -1.8444663565757102e+04  -1.2185505287597240e+04
  -1.2453702880411020e+03   1.2509140293013765e+04   2.4441831136553483e+04  -4.8141820183555292e+03  -1.6942854449237129e+04   1.4502842423106998e+04  -1.8443553176299385e+04  -1.2183042678521477e+04
  -1.2476524615474850e+03   1.2507505549821319e+04   2.4440353521462010e+04  -4.8179073898663864e+03  -1.6945689992788699e+04   1.4500549160874043e+04  -1.8442442374546219e+04  -1.2180579808698814e+04
  -1.2499346084909719e+03   1.2505870542411467e+04   2.4438875395473769e+04  -4.8216326612265784e+03  -1.6948525181423847e+04   1.4498255594166738e+04  -1.8441331160367376e+04  -1.2178116678563832e+04
  -1.2522167277130225e+03   1.2504235271855132e+04   2.4437396759015217e+04  -4.8253578316881230e+03  -1.6951360014691789e+04   1.4495961723335251e+04  -1.8440219533633339e+04  -1.2175653288551393e+04
  -1.2544988213850888e+03   1.2502599736115690e+04   2.4435917611326244e+04  -4.8290829025139192e+03  -1.6954194493312985e+04   1.4493667547820294e+04  -1.8439107494671433e+04  -1.2173189637949356e+04
  -1.2567808883485670e+03   1.2500963936264019e+04   2.4434437952833276e+04  -4.8328078729559438e+03  -1.6957028616836578e+04   1.4491373067971919e+04  -1.8437995043352024e+04  -1.2170725727192492e+04
  -1.2590629274444257e+03   1.2499327873371905e+04   2.4432957783963302e+04  -4.8365327422659284e+03  -1.6959862384811840e+04   1.4489078284140927e+04  -1.8436882179545999e+04  -1.2168261556716330e+04
  -1.2613449408451067e+03   1.2497691545401009e+04   2.4431477103955225e+04  -4.8402575117073566e+03  -1.6962695797959201e+04   1.4486783195766819e+04  -1.8435768903579981e+04  -1.2165797125807456e+04
  -1.2636269273915161e+03   1.2496054953423038e+04   2.4429995913235987e+04  -4.8439821805319207e+03  -1.6965528855827830e+04   1.4484487803200285e+04  -1.8434655215324703e+04  -1.2163332434901286e+04
  -1.2659088859255003e+03   1.2494418098509492e+04   2.4428514212232665e+04  -4.8477067479918960e+03  -1.6968361557967568e+04   1.4482192106792370e+04  -1.8433541114651671e+04  -1.2160867484433555e+04
  -1.2681908186177473e+03   1.2492780978622754e+04   2.4427032000184110e+04  -4.8514312153496930e+03  -1.6971193905097782e+04   1.4479896105982145e+04  -1.8432426601886400e+04  -1.2158402273690521e+04
  -1.2704727243093560e+03   1.2491143594834879e+04   2.4425549277517599e+04  -4.8551555818571314e+03  -1.6974025896767998e+04   1.4477599801120738e+04  -1.8431311676900157e+04  -1.2155936803108028e+04
  -1.2727546018437361e+03   1.2489505948216283e+04   2.4424066044660005e+04  -4.8588798467674505e+03  -1.6976857532528782e+04   1.4475303192559233e+04  -1.8430196339565078e+04  -1.2153471073121753e+04
  -1.2750364533905176e+03   1.2487868036729533e+04   2.4422582300849939e+04  -4.8626040113423933e+03  -1.6979688813098772e+04   1.4473006279736104e+04  -1.8429080590205722e+04  -1.2151005083017393e+04
  -1.2773182777916763e+03   1.2486229861446294e+04   2.4421098046514697e+04  -4.8663280748343277e+03  -1.6982519738028015e+04   1.4470709063002694e+04  -1.8427964428693929e+04  -1.2148538833230972e+04
  -1.2796000738887451e+03   1.2484591423439168e+04   2.4419613282082180e+04  -4.8700520364953818e+03  -1.6985350306866643e+04   1.4468411542711134e+04  -1.8426847854902055e+04  -1.2146072324199346e+04
  -1.2818818438530509e+03   1.2482952720668356e+04   2.4418128006789797e+04  -4.8737758975882953e+03  -1.6988180520333506e+04   1.4466113718298468e+04  -1.8425730869154024e+04  -1.2143605555206637e+04
  -1.2841635854169665e+03   1.2481313755243420e+04   2.4416642221462182e+04  -4.8774996566954605e+03  -1.6991010377589577e+04   1.4463815590421875e+04  -1.8424613471172041e+04  -1.2141138527073883e+04
  -1.2864453007501941e+03   1.2479674525125525e+04   2.4415155925336869e+04  -4.8812233150786260e+03  -1.6993839879352854e+04   1.4461517158518214e+04  -1.8423495661279212e+04  -1.2138671239085194e+04
  -1.2887269875853649e+03   1.2478035032424570e+04   2.4413669119238915e+04  -4.8849468713203541e+03  -1.6996669024784685e+04   1.4459218423245225e+04  -1.8422377439198353e+04  -1.2136203692062103e+04
  -1.2910086480933026e+03   1.2476395275100118e+04   2.4412181802405004e+04  -4.8886703266830591e+03  -1.6999497814603230e+04   1.4456919384038867e+04  -1.8421258805252226e+04  -1.2133735885287739e+04
  -1.2932902811157314e+03   1.2474755254225041e+04   2.4410693975263381e+04  -4.8923936804189971e+03  -1.7002326248358946e+04   1.4454620041251737e+04  -1.8420139759313668e+04  -1.2131267819199349e+04
  -1.2955718854953257e+03   1.2473114970871964e+04   2.4409205638242420e+04  -4.8961169317810218e+03  -1.7005154325602911e+04   1.4452320395236777e+04  -1.8419020301256354e+04  -1.2128799494234536e+04
  -1.2978534634011555e+03   1.2471474423001211e+04   2.4407716790578786e+04  -4.8998400820304551e+03  -1.7007982047052261e+04   1.4450020445429505e+04  -1.8417900431401904e+04  -1.2126330909676049e+04
  -1.3001350136758188e+03   1.2469833611685322e+04   2.4406227432700820e+04  -4.9035631304201115e+03  -1.7010809412257997e+04   1.4447720192182749e+04  -1.8416780149623773e+04  -1.2123862065961368e+04
  -1.3024165351615020e+03   1.2468192537997762e+04   2.4404737565037409e+04  -4.9072860762025539e+03  -1.7013636420771269e+04   1.4445419635850112e+04  -1.8415659455796034e+04  -1.2121392963528730e+04
  -1.3046980300282689e+03   1.2466551199897161e+04   2.4403247186824246e+04  -4.9110089206396924e+03  -1.7016463073309151e+04   1.4443118775865907e+04  -1.8414538350239567e+04  -1.2118923601659641e+04
  -1.3069794971182243e+03   1.2464909598456923e+04   2.4401756298490178e+04  -4.9147316629840461e+03  -1.7019289369422691e+04   1.4440817612583591e+04  -1.8413416832828258e+04  -1.2116453980792199e+04
  -1.3092609352744257e+03   1.2463267734750145e+04   2.4400264900464183e+04  -4.9184543024887435e+03  -1.7022115308663600e+04   1.4438516146357009e+04  -1.8412294903436767e+04  -1.2113984101364873e+04
  -1.3115423466651887e+03   1.2461625606736261e+04   2.4398772991981921e+04  -4.9221768404145969e+03  -1.7024940891747916e+04   1.4436214376620046e+04  -1.8411172562384865e+04  -1.2111513962658801e+04
  -1.3138237301335030e+03   1.2459983215488297e+04   2.4397280573472301e+04  -4.9258992760146893e+03  -1.7027766118227246e+04   1.4433912303726393e+04  -1.8410049809547058e+04  -1.2109043565112315e+04
  -1.3161050845219281e+03   1.2458340562080277e+04   2.4395787645364839e+04  -4.9296216085418491e+03  -1.7030590987653326e+04   1.4431609928030519e+04  -1.8408926644798372e+04  -1.2106572909164515e+04
  -1.3183864119997756e+03   1.2456697644469836e+04   2.4394294206894210e+04  -4.9333438392574881e+03  -1.7033415500742198e+04   1.4429307248965142e+04  -1.8407803068457892e+04  -1.2104101994095270e+04
  -1.3206677114095403e+03   1.2455054463730938e+04   2.4392800258489853e+04  -4.9370659674143908e+03  -1.7036239657045462e+04   1.4427004266884556e+04  -1.8406679080400514e+04  -1.2101630820343580e+04
  -1.3229489827026784e+03   1.2453411019898775e+04   2.4391305800183032e+04  -4.9407879929349083e+03  -1.7039063456502994e+04   1.4424700981835964e+04  -1.8405554680649264e+04  -1.2099159387962103e+04
  -1.3252302247226896e+03   1.2451767314047065e+04   2.4389810832403360e+04  -4.9445099150724636e+03  -1.7041886898667108e+04   1.4422397394174204e+04  -1.8404429869079908e+04  -1.2096687697390262e+04
  -1.3275114396370100e+03   1.2450123344134132e+04   2.4388315354385395e+04  -4.9482317350873018e+03  -1.7044709984252695e+04   1.4420093503331298e+04  -1.8403304646010169e+04  -1.2094215747907363e+04
  -1.3297926262890755e+03   1.2448479111233617e+04   2.4386819366558673e+04  -4.9519534522327995e+03  -1.7047532712812004e+04   1.4417789309661921e+04  -1.8402179011315671e+04  -1.2091743539952691e+04
  -1.3320737835218920e+03   1.2446834616420119e+04   2.4385322869353469e+04  -4.9556750657621051e+03  -1.7050355083897462e+04   1.4415484813521600e+04  -1.8401052964872593e+04  -1.2089271073966387e+04
  -1.3343549135038913e+03   1.2445189857650230e+04   2.4383825862003250e+04  -4.9593965769360384e+03  -1.7053177098223874e+04   1.4413180014341091e+04  -1.8399926506997952e+04  -1.2086798349226423e+04
  -1.3366360150780165e+03   1.2443544835998473e+04   2.4382328344938167e+04  -4.9631179850077033e+03  -1.7055998755343575e+04   1.4410874912475772e+04  -1.8398799637567765e+04  -1.2084325366172798e+04
  -1.3389170870874655e+03   1.2441899552539715e+04   2.4380830318588727e+04  -4.9668392892303709e+03  -1.7058820054809283e+04   1.4408569508281556e+04  -1.8397672356458730e+04  -1.2081852125246025e+04
  -1.3411981317002931e+03   1.2440254005230061e+04   2.4379331782187935e+04  -4.9705604908646137e+03  -1.7061640997335257e+04   1.4406263801188428e+04  -1.8396544663986926e+04  -1.2079378625723306e+04
  -1.3434791477596286e+03   1.2438608195144319e+04   2.4377832736166234e+04  -4.9742815891636683e+03  -1.7064461582474141e+04   1.4403957791552160e+04  -1.8395416560028887e+04  -1.2076904868045054e+04
  -1.3457601341095533e+03   1.2436962123356961e+04   2.4376333180954171e+04  -4.9780025833813543e+03  -1.7067281809779179e+04   1.4401651479728942e+04  -1.8394288044461879e+04  -1.2074430852651980e+04
  -1.3480410929163686e+03   1.2435315787824909e+04   2.4374833115784772e+04  -4.9817234747771663e+03  -1.7070101679963645e+04   1.4399344865148285e+04  -1.8393159117600921e+04  -1.2071956578820962e+04
  -1.3503220230247723e+03   1.2433669189621940e+04   2.4373332541088253e+04  -4.9854442626052987e+03  -1.7072921192580936e+04   1.4397037948166064e+04  -1.8392029779323217e+04  -1.2069482046992358e+04
  -1.3526029232762896e+03   1.2432022329825364e+04   2.4371831457296466e+04  -4.9891649461180459e+03  -1.7075740347183644e+04   1.4394730729139646e+04  -1.8390900029506163e+04  -1.2067007257608273e+04
  -1.3548837958402694e+03   1.2430375206388419e+04   2.4370329863640665e+04  -4.9928855265767270e+03  -1.7078559144485691e+04   1.4392423207496795e+04  -1.8389769868464311e+04  -1.2064532209943551e+04
  -1.3571646384524843e+03   1.2428727821426673e+04   2.4368827760951808e+04  -4.9966060025660936e+03  -1.7081377583653906e+04   1.4390115383904007e+04  -1.8388639295930032e+04  -1.2062056904828403e+04
  -1.3594454532786026e+03   1.2427080172896283e+04   2.4367325148462060e+04  -5.0003263753452284e+03  -1.7084195665400646e+04   1.4387807257789420e+04  -1.8387508312216811e+04  -1.2059581341538355e+04
  -1.3617262391629570e+03   1.2425432261872085e+04   2.4365822026602404e+04  -5.0040466441681237e+03  -1.7087013389279589e+04   1.4385498829509848e+04  -1.8386376917202637e+04  -1.2057105520514704e+04
  -1.3640069949494518e+03   1.2423784089429875e+04   2.4364318395804439e+04  -5.0077668082885502e+03  -1.7089830754844526e+04   1.4383190099422793e+04  -1.8385245110765947e+04  -1.2054629442199543e+04
  -1.3662877228047512e+03   1.2422135653524076e+04   2.4362814255299338e+04  -5.0114868689661553e+03  -1.7092647762807799e+04   1.4380881066955246e+04  -1.8384112893219568e+04  -1.2052153105867148e+04
  -1.3685684204659415e+03   1.2420486956270435e+04   2.4361309605918716e+04  -5.0152068247865473e+03  -1.7095464412337409e+04   1.4378571732774928e+04  -1.8382980264297530e+04  -1.2049676512348808e+04
  -1.3708490900980671e+03   1.2418837995624312e+04   2.4359804446893904e+04  -5.0189266770083850e+03  -1.7098280704144840e+04   1.4376262096308654e+04  -1.8381847224311849e+04  -1.2047199660918775e+04
  -1.3731297305457742e+03   1.2417188772660986e+04   2.4358298778656415e+04  -5.0226464248858883e+03  -1.7101096637784252e+04   1.4373952157913918e+04  -1.8380713773141288e+04  -1.2044722552019022e+04
  -1.3754103406533081e+03   1.2415539288456686e+04   2.4356792601638324e+04  -5.0263660676730487e+03  -1.7103912212809952e+04   1.4371641917948982e+04  -1.8379579910665150e+04  -1.2042245186092381e+04
  -1.3776909225866716e+03   1.2413889540965056e+04   2.4355285915069973e+04  -5.0300856066290908e+03  -1.7106727429933380e+04   1.4369331375839471e+04  -1.8378445637194764e+04  -1.2039767562411751e+04
  -1.3799714751900519e+03   1.2412239531262227e+04   2.4353778719383376e+04  -5.0338050410079641e+03  -1.7109542288708741e+04   1.4367020531943510e+04  -1.8377310952609263e+04  -1.2037289681419812e+04
  -1.3822519973085396e+03   1.2410589260424089e+04   2.4352271015010694e+04  -5.0375243700642040e+03  -1.7112356788690871e+04   1.4364709386619605e+04  -1.8376175856788588e+04  -1.2034811543559563e+04
  -1.3845324911064183e+03   1.2408938726405058e+04   2.4350762801182227e+04  -5.0412435950559557e+03  -1.7115170930590222e+04   1.4362397939292936e+04  -1.8375040350042891e+04  -1.2032333148103598e+04
  -1.3868129554287302e+03   1.2407287930280918e+04   2.4349254078330086e+04  -5.0449627152377143e+03  -1.7117984713961530e+04   1.4360086190321888e+04  -1.8373904432252002e+04  -1.2029854495494794e+04
  -1.3890933891200914e+03   1.2405636873128438e+04   2.4347744846886941e+04  -5.0486817298637379e+03  -1.7120798138359689e+04   1.4357774140065589e+04  -1.8372768103296177e+04  -1.2027375586176799e+04
  -1.3913737943457634e+03   1.2403985552900285e+04   2.4346235106082124e+04  -5.0524006401927418e+03  -1.7123611204495086e+04   1.4355461787948019e+04  -1.8371631363484907e+04  -1.2024896419420902e+04
  -1.3936541699502975e+03   1.2402333970673159e+04   2.4344724856348250e+04  -5.0561194454789502e+03  -1.7126423911922528e+04   1.4353149134328200e+04  -1.8370494212698377e+04  -1.2022416995670683e+04
  -1.3959345147791960e+03   1.2400682127523412e+04   2.4343214098118089e+04  -5.0598381449771632e+03  -1.7129236260197438e+04   1.4350836179565500e+04  -1.8369356650817484e+04  -1.2019937315369949e+04
  -1.3982148309952777e+03   1.2399030021405206e+04   2.4341702830621183e+04  -5.0635567399446054e+03  -1.7132048250028951e+04   1.4348522923083674e+04  -1.8368218678150508e+04  -1.2017457377789948e+04
  -1.4004951163394924e+03   1.2397377654434691e+04   2.4340191054691077e+04  -5.0672752289693572e+03  -1.7134859880588458e+04   1.4346209365553850e+04  -1.8367080294436277e+04  -1.2014977183765181e+04
  -1.4027753729744061e+03   1.2395725024565707e+04   2.4338678769556995e+04  -5.0709936133084793e+03  -1.7137671152584746e+04   1.4343895506399223e+04  -1.8365941499982488e+04  -1.2012496732566353e+04
  -1.4050555986398672e+03   1.2394072133916030e+04   2.4337165976053344e+04  -5.0747118915493975e+03  -1.7140482065189110e+04   1.4341581346291909e+04  -1.8364802294528385e+04  -1.2010016025029008e+04
  -1.4073357954981761e+03   1.2392418980439175e+04   2.4335652673409015e+04  -5.0784300649490051e+03  -1.7143292619109983e+04   1.4339266884654548e+04  -1.8363662678381104e+04  -1.2007535060423303e+04
  -1.4096159623964056e+03   1.2390765565210515e+04   2.4334138862056599e+04  -5.0821481327630681e+03  -1.7146102813903577e+04   1.4336952121846600e+04  -1.8362522651422241e+04  -1.2005053839193046e+04
  -1.4118960981798148e+03   1.2389111889307627e+04   2.4332624542429778e+04  -5.0858660942462921e+03  -1.7148912649125774e+04   1.4334637058228649e+04  -1.8361382213533721e+04  -1.2002572361783326e+04
  -1.4141762050110226e+03   1.2387457950682980e+04   2.4331109713756668e+04  -5.0895839506557268e+03  -1.7151722125484714e+04   1.4332321693222348e+04  -1.8360241365021862e+04  -1.2000090627463251e+04
  -1.4164562817359163e+03   1.2385803750413435e+04   2.4329594376470690e+04  -5.0933017012464488e+03  -1.7154531242536425e+04   1.4330006027187977e+04  -1.8359100105768590e+04  -1.1997608636677518e+04
  -1.4187363271999511e+03   1.2384149289576875e+04   2.4328078531005795e+04  -5.0970193452732983e+03  -1.7157339999837095e+04   1.4327690060486568e+04  -1.8357958435656325e+04  -1.1995126389871679e+04
  -1.4210163435667359e+03   1.2382494566123951e+04   2.4326562176589152e+04  -5.1007368839938936e+03  -1.7160148398094814e+04   1.4325373792538552e+04  -1.8356816354990660e+04  -1.1992643886313521e+04
  -1.4232963296816645e+03   1.2380839581132486e+04   2.4325045313654682e+04  -5.1044543166630419e+03  -1.7162956436865672e+04   1.4323057223704853e+04  -1.8355673863653927e+04  -1.1990161126448453e+04
  -1.4255762843910807e+03   1.2379184335679935e+04   2.4323527942636396e+04  -5.1081716425361146e+03  -1.7165764115706366e+04   1.4320740354346744e+04  -1.8354530961529130e+04  -1.1987678110722154e+04
  -1.4278562098568293e+03   1.2377528827717793e+04   2.4322010062761445e+04  -5.1118888628696695e+03  -1.7168571435324007e+04   1.4318423183884226e+04  -1.8353387648920794e+04  -1.1985194838402142e+04
  -1.4301361049251916e+03   1.2375873058323494e+04   2.4320491674463789e+04  -5.1156059769190488e+03  -1.7171378395275195e+04   1.4316105712678474e+04  -1.8352243925711799e+04  -1.1982711309933979e+04
  -1.4324159684420165e+03   1.2374217028575385e+04   2.4318972778178038e+04  -5.1193229839393589e+03  -1.7174184995116713e+04   1.4313787941091379e+04  -1.8351099791785593e+04  -1.1980227525764030e+04
  -1.4346958025701367e+03   1.2372560736423218e+04   2.4317453373130320e+04  -5.1230398851877135e+03  -1.7176991235555583e+04   1.4311469868541759e+04  -1.8349955247445971e+04  -1.1977743485158533e+04
  -1.4369756050505200e+03   1.2370904183987739e+04   2.4315933460157910e+04  -5.1267566792523603e+03  -1.7179797115765541e+04   1.4309151495705893e+04  -1.8348810292436548e+04  -1.1975259188957139e+04
  -1.4392553780443700e+03   1.2369247369219644e+04   2.4314413038487110e+04  -5.1304733673894234e+03  -1.7182602636452764e+04   1.4306832822002440e+04  -1.8347664927060330e+04  -1.1972774636426055e+04
  -1.4415351192922212e+03   1.2367590294240674e+04   2.4312892108955886e+04  -5.1341899481869059e+03  -1.7185407796791147e+04   1.4304513848108445e+04  -1.8346519151061555e+04  -1.1970289828405779e+04
  -1.4438148309584569e+03   1.2365932956997973e+04   2.4311370670788903e+04  -5.1379064229028309e+03  -1.7188212597487713e+04   1.4302194573441046e+04  -1.8345372964743001e+04  -1.1967804764160719e+04
  -1.4460945118870707e+03   1.2364275358572168e+04   2.4309848724421838e+04  -5.1416227907912016e+03  -1.7191017038098846e+04   1.4299874998363190e+04  -1.8344226367988398e+04  -1.1965319444138418e+04
  -1.4483741609250458e+03   1.2362617500041561e+04   2.4308326270289752e+04  -5.1453390511078524e+03  -1.7193821118182215e+04   1.4297555123237629e+04  -1.8343079360682455e+04  -1.1962833868785974e+04
  -1.4506537802350144e+03   1.2360959379354172e+04   2.4306803307617320e+04  -5.1490552051097256e+03  -1.7196624838443866e+04   1.4295234947481049e+04  -1.8341931943126889e+04  -1.1960348037367508e+04
  -1.4529333686618468e+03   1.2359300997590221e+04   2.4305279836840273e+04  -5.1527712520513760e+03  -1.7199428198440713e+04   1.4292914471456672e+04  -1.8340784115205992e+04  -1.1957861950330731e+04
  -1.4552129250520454e+03   1.2357642355828908e+04   2.4303755858394179e+04  -5.1564871911883529e+03  -1.7202231197730485e+04   1.4290593695527845e+04  -1.8339635876804899e+04  -1.1955375608123433e+04
  -1.4574924515692189e+03   1.2355983452016500e+04   2.4302231371502778e+04  -5.1602030237781746e+03  -1.7205033837019208e+04   1.4288272619110083e+04  -1.8338487228224589e+04  -1.1952889010008432e+04
  -1.4597719470577515e+03   1.2354324287234107e+04   2.4300706376602313e+04  -5.1639187490751128e+03  -1.7207836115863811e+04   1.4285951242567218e+04  -1.8337338169349794e+04  -1.1950402156434100e+04
  -1.4620514103650289e+03   1.2352664862560572e+04   2.4299180874128400e+04  -5.1676343663352773e+03  -1.7210638033822575e+04   1.4283629566262847e+04  -1.8336188700066188e+04  -1.1947915047848412e+04
  -1.4643308436529007e+03   1.2351005175942953e+04   2.4297654863304757e+04  -5.1713498768150939e+03  -1.7213439591600501e+04   1.4281307589612054e+04  -1.8335038820673690e+04  -1.1945427683513872e+04
  -1.4666102457659510e+03   1.2349345228462642e+04   2.4296128344567926e+04  -5.1750652797689763e+03  -1.7216240788754843e+04   1.4278985312979115e+04  -1.8333888531057513e+04  -1.1942940063879303e+04
  -1.4688896155538114e+03   1.2347685021196776e+04   2.4294601318353140e+04  -5.1787805744544039e+03  -1.7219041624844882e+04   1.4276662736727492e+04  -1.8332737831104114e+04  -1.1940452189392343e+04
  -1.4711689551752140e+03   1.2346024552094561e+04   2.4293073783884545e+04  -5.1824957621258964e+03  -1.7221842100574137e+04   1.4274339860272205e+04  -1.8331586721112155e+04  -1.1937964059315675e+04
  -1.4734482634776682e+03   1.2344363822235031e+04   2.4291545741598027e+04  -5.1862108420396571e+03  -1.7224642215501099e+04   1.4272016683977192e+04  -1.8330435200967691e+04  -1.1935475674097575e+04
  -1.4757275393082728e+03   1.2342702832698193e+04   2.4290017191930070e+04  -5.1899258134516476e+03  -1.7227441969184412e+04   1.4269693208207154e+04  -1.8329283270557313e+04  -1.1932987034187094e+04
  -1.4780067848274209e+03   1.2341041581430836e+04   2.4288488134103587e+04  -5.1936406776173708e+03  -1.7230241362327764e+04   1.4267369432375695e+04  -1.8328130930179042e+04  -1.1930498138845373e+04
  -1.4802859977778585e+03   1.2339380070557490e+04   2.4286958568959722e+04  -5.1973554331263449e+03  -1.7233040394108259e+04   1.4265045357164750e+04  -1.8326978179582584e+04  -1.1928008988917638e+04
  -1.4825651803204053e+03   1.2337718298023985e+04   2.4285428495720869e+04  -5.2010700812343121e+03  -1.7235839065229458e+04   1.4262720981987197e+04  -1.8325825019065443e+04  -1.1925519583664258e+04
  -1.4848443313008534e+03   1.2336056264911727e+04   2.4283897914824094e+04  -5.2047846211964588e+03  -1.7238637375249644e+04   1.4260396307208272e+04  -1.8324671448514218e+04  -1.1923029923534941e+04
  -1.4871234506713968e+03   1.2334393971255669e+04   2.4282366826301179e+04  -5.2084990529356728e+03  -1.7241435324109389e+04   1.4258071332875435e+04  -1.8323517467952770e+04  -1.1920540008582513e+04
  -1.4894025383835442e+03   1.2332731417091429e+04   2.4280835230184071e+04  -5.2122133763744259e+03  -1.7244232911749030e+04   1.4255746059036377e+04  -1.8322363077404807e+04  -1.1918049838860039e+04
  -1.4916815932848435e+03   1.2331068603499569e+04   2.4279303126909956e+04  -5.2159275907689971e+03  -1.7247030137727874e+04   1.4253420486056757e+04  -1.8321208276758094e+04  -1.1915559414817561e+04
  -1.4939606175347953e+03   1.2329405528425843e+04   2.4277770515700649e+04  -5.2196416973742944e+03  -1.7249827002748403e+04   1.4251094613348336e+04  -1.8320053066308570e+04  -1.1913068735714387e+04
  -1.4962396099808773e+03   1.2327742192950755e+04   2.4276237396993190e+04  -5.2233556954465612e+03  -1.7252623506369844e+04   1.4248768441276667e+04  -1.8318897445943803e+04  -1.1910577802000404e+04
  -1.4985185694715326e+03   1.2326078598154520e+04   2.4274703771224846e+04  -5.2270695842426221e+03  -1.7255419648152099e+04   1.4246441970207723e+04  -1.8317741415552187e+04  -1.1908086614125867e+04
  -1.5007974981644854e+03   1.2324414741983692e+04   2.4273169637617397e+04  -5.2307833650163075e+03  -1.7258215428796575e+04   1.4244115199552813e+04  -1.8316584975428548e+04  -1.1905595171349738e+04
  -1.5030763949081165e+03   1.2322750625518403e+04   2.4271634996607947e+04  -5.2344970370244009e+03  -1.7261010847863086e+04   1.4241788129677749e+04  -1.8315428125461065e+04  -1.1903103474122121e+04
  -1.5053552585503692e+03   1.2321086249839755e+04   2.4270099848634312e+04  -5.2382105995234633e+03  -1.7263805904911551e+04   1.4239460760949105e+04  -1.8314270865538503e+04  -1.1900611522893923e+04
  -1.5076340912499559e+03   1.2319421612892567e+04   2.4268564192917234e+04  -5.2419240537678852e+03  -1.7266600600643364e+04   1.4237133092776985e+04  -1.8313113195954989e+04  -1.1898119316922795e+04
  -1.5099128918547613e+03   1.2317756715757836e+04   2.4267028029894434e+04  -5.2456373990141774e+03  -1.7269394934618362e+04   1.4234805125527864e+04  -1.8311955116599118e+04  -1.1895626856659557e+04
  -1.5121916592136172e+03   1.2316091559516317e+04   2.4265491360003703e+04  -5.2493506345194464e+03  -1.7272188906397027e+04   1.4232476859568527e+04  -1.8310796627360196e+04  -1.1893134142555251e+04
  -1.5144703954834765e+03   1.2314426142113620e+04   2.4263954182465837e+04  -5.2530637615370033e+03  -1.7274982516679716e+04   1.4230148294308683e+04  -1.8309637728531314e+04  -1.1890641173867252e+04
  -1.5167490984098702e+03   1.2312760465676251e+04   2.4262416498124709e+04  -5.2567767786581971e+03  -1.7277775764646860e+04   1.4227819430434587e+04  -1.8308478419867311e+04  -1.1888147951445002e+04
  -1.5190277701508569e+03   1.2311094528148249e+04   2.4260878306200269e+04  -5.2604896871369929e+03  -1.7280568650998935e+04   1.4225490267354970e+04  -1.8307318701660861e+04  -1.1885654474544812e+04
  -1.5213064084522325e+03   1.2309428331656436e+04   2.4259339607536775e+04  -5.2642024855649197e+03  -1.7283361174916710e+04   1.4223160805756692e+04  -1.8306158573667461e+04  -1.1883160744016699e+04
  -1.5235850154704267e+03   1.2307761874145843e+04   2.4257800401354336e+04  -5.2679151751949439e+03  -1.7286153337099873e+04   1.4220831045048324e+04  -1.8304998036178953e+04  -1.1880666759116941e+04
  -1.5258635900544748e+03   1.2306095156697444e+04   2.4256260688091097e+04  -5.2716277552843148e+03  -1.7288945137109211e+04   1.4218500985597155e+04  -1.8303837089085220e+04  -1.1878172520297065e+04
  -1.5281421310529845e+03   1.2304428180393184e+04   2.4254720468185802e+04  -5.2753402250900390e+03  -1.7291736574505634e+04   1.4216170627771229e+04  -1.8302675732276639e+04  -1.1875678028009366e+04
  -1.5304206406233729e+03   1.2302760943176349e+04   2.4253179740857558e+04  -5.2790525858656529e+03  -1.7294527649988748e+04   1.4213839970977913e+04  -1.8301513966044306e+04  -1.1873183281508900e+04
  -1.5326991176141771e+03   1.2301093446128813e+04   2.4251638506545081e+04  -5.2827648368681266e+03  -1.7297318363119415e+04   1.4211509015585134e+04  -1.8300351790278502e+04  -1.1870688281247825e+04
  -1.5349775608742143e+03   1.2299425690332768e+04   2.4250096765687387e+04  -5.2864769773546068e+03  -1.7300108713458849e+04   1.4209177761961342e+04  -1.8299189204870108e+04  -1.1868193027678873e+04
  -1.5372559725605024e+03   1.2297757673731046e+04   2.4248554517503097e+04  -5.2901890085783707e+03  -1.7302898701706144e+04   1.4206846209513144e+04  -1.8298026210109336e+04  -1.1865697520056296e+04
  -1.5395343515217885e+03   1.2296089397405747e+04   2.4247011762431219e+04  -5.2939009297965231e+03  -1.7305688327422409e+04   1.4204514358608852e+04  -1.8296862805886936e+04  -1.1863201758832674e+04
  -1.5418126966077614e+03   1.2294420862438708e+04   2.4245468500910807e+04  -5.2976127402667635e+03  -1.7308477590169437e+04   1.4202182209617185e+04  -1.8295698992094396e+04  -1.1860705744460925e+04
  -1.5440910099736905e+03   1.2292752066773572e+04   2.4243924732160525e+04  -5.3013244412412851e+03  -1.7311266490645277e+04   1.4199849761944322e+04  -1.8294534769020822e+04  -1.1858209476194974e+04
  -1.5463692904691964e+03   1.2291083011492092e+04   2.4242380456619365e+04  -5.3050360319777456e+03  -1.7314055028411625e+04   1.4197517015958831e+04  -1.8293370136557583e+04  -1.1855712954487602e+04
  -1.5486475369434868e+03   1.2289413697676942e+04   2.4240835674727008e+04  -5.3087475117335662e+03  -1.7316843203030290e+04   1.4195183972030060e+04  -1.8292205094596549e+04  -1.1853216179792404e+04
  -1.5509257515528068e+03   1.2287744123270042e+04   2.4239290385701028e+04  -5.3124588817615067e+03  -1.7319631015199280e+04   1.4192850629562950e+04  -1.8291039643426120e+04  -1.1850719151361995e+04
  -1.5532039331462956e+03   1.2286074289354032e+04   2.4237744589981001e+04  -5.3161701413189512e+03  -1.7322418464480350e+04   1.4190516988926720e+04  -1.8289873782938037e+04  -1.1848221869649838e+04
  -1.5554820805740471e+03   1.2284404197011207e+04   2.4236198288006646e+04  -5.3198812896638638e+03  -1.7325205550435840e+04   1.4188183050490950e+04  -1.8288707513024783e+04  -1.1845724335109680e+04
  -1.5577601959905371e+03   1.2282733844184319e+04   2.4234651478995562e+04  -5.3235923280479301e+03  -1.7327992273762775e+04   1.4185848813660192e+04  -1.8287540833973664e+04  -1.1843226546993856e+04
  -1.5600382771437990e+03   1.2281063233002958e+04   2.4233104163795193e+04  -5.3273032550642001e+03  -1.7330778633645168e+04   1.4183514279126086e+04  -1.8286373745545712e+04  -1.1840728506157036e+04
  -1.5623163261894199e+03   1.2279392361408285e+04   2.4231556341622312e+04  -5.3310140719650053e+03  -1.7333564630780169e+04   1.4181179446292241e+04  -1.8285206248027775e+04  -1.1838230211850519e+04
  -1.5645943408750188e+03   1.2277721231530846e+04   2.4230008013325009e+04  -5.3347247773431645e+03  -1.7336350264351953e+04   1.4178844315851065e+04  -1.8284038341181404e+04  -1.1835731664929806e+04
  -1.5668723233565934e+03   1.2276049841310845e+04   2.4228459178119450e+04  -5.3384353724512493e+03  -1.7339135535057525e+04   1.4176508887205438e+04  -1.8282870025293014e+04  -1.1833232864645384e+04
  -1.5691502724823954e+03   1.2274378191832793e+04   2.4226909836446430e+04  -5.3421458565461344e+03  -1.7341920442458864e+04   1.4174173160725972e+04  -1.8281701300255296e+04  -1.1830733811452199e+04
  -1.5714281871022963e+03   1.2272706284180244e+04   2.4225359988746583e+04  -5.3458562288857038e+03  -1.7344704986118766e+04   1.4171837136783492e+04  -1.8280532165961813e+04  -1.1828234505805272e+04
  -1.5737060693732697e+03   1.2271034116291637e+04   2.4223809634235084e+04  -5.3495664907230957e+03  -1.7347489166734187e+04   1.4169500814779596e+04  -1.8279362622698201e+04  -1.1825734946953797e+04
  -1.5759839181430871e+03   1.2269361689252371e+04   2.4222258773353271e+04  -5.3532766413149002e+03  -1.7350272983867151e+04   1.4167164195085581e+04  -1.8278192670357625e+04  -1.1823235135353390e+04
  -1.5782617322631766e+03   1.2267689004144966e+04   2.4220707406541540e+04  -5.3569866799199717e+03  -1.7353056437081246e+04   1.4164827278072289e+04  -1.8277022308834265e+04  -1.1820735071458992e+04
  -1.5805395138867179e+03   1.2266016058910636e+04   2.4219155533015881e+04  -5.3606966077891229e+03  -1.7355839527071697e+04   1.4162490063141522e+04  -1.8275851538412440e+04  -1.1818234754520248e+04
  -1.5828172618644003e+03   1.2264342854632479e+04   2.4217603153216882e+04  -5.3644064241807455e+03  -1.7358622253401787e+04   1.4160152550664214e+04  -1.8274680358986148e+04  -1.1815734184992216e+04
  -1.5850949750464970e+03   1.2262669392394511e+04   2.4216050267585768e+04  -5.3681161283529855e+03  -1.7361404615634918e+04   1.4157814741011998e+04  -1.8273508770449906e+04  -1.1813233363330744e+04
  -1.5873726555871533e+03   1.2260995670136239e+04   2.4214496875337507e+04  -5.3718257215572366e+03  -1.7364186614466271e+04   1.4155476633585531e+04  -1.8272336773087318e+04  -1.1810732288784180e+04
  -1.5896503023365835e+03   1.2259321688941627e+04   2.4212942976913251e+04  -5.3755352030516060e+03  -1.7366968249459158e+04   1.4153138228756314e+04  -1.8271164366792753e+04  -1.1808230961808249e+04
  -1.5919279141459381e+03   1.2257647449894303e+04   2.4211388572754240e+04  -5.3792445720948026e+03  -1.7369749520177545e+04   1.4150799526896279e+04  -1.8269991551461302e+04  -1.1805729382858992e+04
  -1.5942054931669202e+03   1.2255972950935264e+04   2.4209833662075725e+04  -5.3829538299367105e+03  -1.7372530427315367e+04   1.4148460527405819e+04  -1.8268818327375458e+04  -1.1803227551184691e+04
  -1.5964830371510566e+03   1.2254298194195386e+04   2.4208278245727633e+04  -5.3866629751726505e+03  -1.7375310970060189e+04   1.4146121230980745e+04  -1.8267644694301460e+04  -1.1800725467643988e+04
  -1.5987605482518261e+03   1.2252623177613386e+04   2.4206722322924037e+04  -5.3903720090535608e+03  -1.7378091149106276e+04   1.4143781637020296e+04  -1.8266470652521395e+04  -1.1798223131483890e+04
  -1.6010380242176111e+03   1.2250947903323733e+04   2.4205165894516536e+04  -5.3940809301728905e+03  -1.7380870963640467e+04   1.4141441746221870e+04  -1.8265296201801786e+04  -1.1795720543564848e+04
  -1.6033154672023154e+03   1.2249272369264190e+04   2.4203608959718680e+04  -5.3977897397818233e+03  -1.7383650414356907e+04   1.4139101557983975e+04  -1.8264121342424165e+04  -1.1793217703133096e+04
  -1.6055928760566114e+03   1.2247596576519325e+04   2.4202051518972276e+04  -5.4014984371387918e+03  -1.7386429500819602e+04   1.4136761072679164e+04  -1.8262946074284115e+04  -1.1790714610645338e+04
  -1.6078702496314552e+03   1.2245920526174003e+04   2.4200493572719577e+04  -5.4052070215024187e+03  -1.7389208222592970e+04   1.4134420290680566e+04  -1.8261770397277814e+04  -1.1788211266558837e+04
  -1.6101475900796631e+03   1.2244244216166209e+04   2.4198935120173854e+04  -5.4089154941232136e+03  -1.7391986580370416e+04   1.4132079211386088e+04  -1.8260594311685811e+04  -1.1785707670119296e+04
  -1.6124248962528029e+03   1.2242567647580090e+04   2.4197376161776985e+04  -5.4126238542601723e+03  -1.7394764573716500e+04   1.4129737835168526e+04  -1.8259417817404254e+04  -1.1783203821783602e+04
  -1.6147021670006566e+03   1.2240890821502064e+04   2.4195816697972004e+04  -5.4163321011712160e+03  -1.7397542202195447e+04   1.4127396162401817e+04  -1.8258240914329661e+04  -1.1780699722009931e+04
  -1.6169794044763375e+03   1.2239213735869029e+04   2.4194256727971431e+04  -5.4200402361070201e+03  -1.7400319466500372e+04   1.4125054192482881e+04  -1.8257063602741775e+04  -1.1778195370042931e+04
  -1.6192566075309296e+03   1.2237536391766023e+04   2.4192696252217742e+04  -5.4237482583262945e+03  -1.7403096366195892e+04   1.4122711925785132e+04  -1.8255885882537143e+04  -1.1775690766340182e+04
  -1.6215337750157769e+03   1.2235858790278429e+04   2.4191135271153693e+04  -5.4274561670879339e+03  -1.7405872900847007e+04   1.4120369362682562e+04  -1.8254707753612936e+04  -1.1773185911359764e+04
  -1.6238109090835976e+03   1.2234180929342660e+04   2.4189573783991356e+04  -5.4311639636423415e+03  -1.7408649071146287e+04   1.4118026502571271e+04  -1.8253529216247978e+04  -1.1770680804345551e+04
  -1.6260880085843128e+03   1.2232502810045329e+04   2.4188011791173954e+04  -5.4348716472475526e+03  -1.7411424876658202e+04   1.4115683345825502e+04  -1.8252350270339193e+04  -1.1768175445756022e+04
  -1.6283650723694727e+03   1.2230824433472062e+04   2.4186449293144622e+04  -5.4385792171625963e+03  -1.7414200316948038e+04   1.4113339892819695e+04  -1.8251170915784242e+04  -1.1765669836049698e+04
  -1.6306421025927596e+03   1.2229145797557525e+04   2.4184886289114362e+04  -5.4422866746384425e+03  -1.7416975392708293e+04   1.4110996142948718e+04  -1.8249991152861207e+04  -1.1763163974469133e+04
  -1.6329190981036170e+03   1.2227466903389213e+04   2.4183322779526963e+04  -5.4459940189328436e+03  -1.7419750103503498e+04   1.4108652096587461e+04  -1.8248810981467377e+04  -1.1760657861473497e+04
  -1.6351960577544755e+03   1.2225787752052373e+04   2.4181758764825583e+04  -5.4497012493053880e+03  -1.7422524448899490e+04   1.4106307754110596e+04  -1.8247630401501036e+04  -1.1758151497521490e+04
  -1.6374729836972626e+03   1.2224108341482499e+04   2.4180194244221253e+04  -5.4534083670059572e+03  -1.7425298429587754e+04   1.4103963114912585e+04  -1.8246449413239177e+04  -1.1755644881855358e+04
  -1.6397498736819402e+03   1.2222428673817460e+04   2.4178629218568971e+04  -5.4571153706291225e+03  -1.7428072044758148e+04   1.4101618179695824e+04  -1.8245268016453731e+04  -1.1753138015340495e+04
  -1.6420267298615399e+03   1.2220748746991136e+04   2.4177063687078957e+04  -5.4608222614254073e+03  -1.7430845295102223e+04   1.4099272947853809e+04  -1.8244086211421283e+04  -1.1750630897218112e+04
  -1.6443035499883351e+03   1.2219068563139786e+04   2.4175497650605816e+04  -5.4645290379908074e+03  -1.7433618179810921e+04   1.4096927420088936e+04  -1.8242903997914604e+04  -1.1748123528353415e+04
  -1.6465803362116806e+03   1.2217388120200234e+04   2.4173931108360681e+04  -5.4682357015736115e+03  -1.7436390699574331e+04   1.4094581595795162e+04  -1.8241721376209272e+04  -1.1745615907988309e+04
  -1.6488570884836231e+03   1.2215707418207585e+04   2.4172364060375752e+04  -5.4719422520967046e+03  -1.7439162854333226e+04   1.4092235475019994e+04  -1.8240538346329355e+04  -1.1743108036175638e+04
  -1.6511338034581756e+03   1.2214026460348374e+04   2.4170796507917301e+04  -5.4756486874936490e+03  -1.7441934642904795e+04   1.4089889058794199e+04  -1.8239354907923564e+04  -1.1740599914187618e+04
  -1.6534104843837806e+03   1.2212345243508682e+04   2.4169228449784820e+04  -5.4793550096756790e+03  -1.7444706066353301e+04   1.4087542346183467e+04  -1.8238171061391993e+04  -1.1738091540859201e+04
  -1.6556871301125848e+03   1.2210663768774897e+04   2.4167659886422294e+04  -5.4830612179022492e+03  -1.7447477124244979e+04   1.4085195337563549e+04  -1.8236986806633857e+04  -1.1735582916650203e+04
  -1.6579637394990657e+03   1.2208982037231792e+04   2.4166090818273344e+04  -5.4867673114342269e+03  -1.7450247816147123e+04   1.4082848033310147e+04  -1.8235802143549190e+04  -1.1733074042020224e+04
  -1.6602403146910972e+03   1.2207300046815953e+04   2.4164521244548392e+04  -5.4904732915189797e+03  -1.7453018142748497e+04   1.4080500432815837e+04  -1.8234617072411715e+04  -1.1730564916209876e+04
  -1.6625168545417239e+03   1.2205617798613388e+04   2.4162951165691487e+04  -5.4941791574165218e+03  -1.7455788103615894e+04   1.4078152536456593e+04  -1.8233431593121190e+04  -1.1728055539679151e+04
  -1.6647933579035678e+03   1.2203935293711053e+04   2.4161380582147292e+04  -5.4978849083866180e+03  -1.7458557698316195e+04   1.4075804344609149e+04  -1.8232245705577949e+04  -1.1725545912888840e+04
  -1.6670698269261566e+03   1.2202252530043141e+04   2.4159809493124969e+04  -5.5015905456776090e+03  -1.7461326927538350e+04   1.4073455856664666e+04  -1.8231059410054993e+04  -1.1723036035077970e+04
  -1.6693462604620540e+03   1.2200569508696537e+04   2.4158237899069103e+04  -5.5052960685492380e+03  -1.7464095790849169e+04   1.4071107072999755e+04  -1.8229872706452545e+04  -1.1720525906707238e+04
  -1.6716226573647675e+03   1.2198886230757837e+04   2.4156665800424435e+04  -5.5090014762618184e+03  -1.7466864287816104e+04   1.4068757993991409e+04  -1.8228685594671493e+04  -1.1718015528237578e+04
  -1.6738990197820683e+03   1.2197202694162041e+04   2.4155093196400103e+04  -5.5127067700626130e+03  -1.7469632419127098e+04   1.4066408619030353e+04  -1.8227498074983792e+04  -1.1715504898907759e+04
  -1.6761753454687873e+03   1.2195518901047019e+04   2.4153520087853078e+04  -5.5164119485492929e+03  -1.7472400183975988e+04   1.4064058948822722e+04  -1.8226310147166823e+04  -1.1712994019586589e+04
  -1.6784516365737863e+03   1.2193834849346196e+04   2.4151946473991666e+04  -5.5201170129697512e+03  -1.7475167583050810e+04   1.4061708982758297e+04  -1.8225121811492088e+04  -1.1710482889511783e+04
  -1.6807278908514911e+03   1.2192150541198374e+04   2.4150372355673451e+04  -5.5238219619214333e+03  -1.7477934615545579e+04   1.4059358721543989e+04  -1.8223933067737522e+04  -1.1707971509552959e+04
  -1.6830041104511788e+03   1.2190465974536059e+04   2.4148797732106206e+04  -5.5275267966524752e+03  -1.7480701282148213e+04   1.4057008164568830e+04  -1.8222743916174131e+04  -1.1705459878947053e+04
  -1.6852802942245212e+03   1.2188781150448041e+04   2.4147222603735670e+04  -5.5312315164221200e+03  -1.7483467582425765e+04   1.4054657312210888e+04  -1.8221554356703084e+04  -1.1702947998156216e+04
  -1.6875564410255092e+03   1.2187096070021413e+04   2.4145646971007292e+04  -5.5349361204910156e+03  -1.7486233515946380e+04   1.4052306164848125e+04  -1.8220364389226455e+04  -1.1700435867642391e+04
  -1.6898325530023321e+03   1.2185410731188918e+04   2.4144070833128568e+04  -5.5386406101066304e+03  -1.7488999083397226e+04   1.4049954721869006e+04  -1.8219174014014246e+04  -1.1697923486641992e+04
  -1.6921086290082305e+03   1.2183725135038256e+04   2.4142494190545058e+04  -5.5423449845291580e+03  -1.7491764284346104e+04   1.4047602983651581e+04  -1.8217983230968312e+04  -1.1695410855617069e+04
  -1.6943846678973971e+03   1.2182039282656826e+04   2.4140917043702477e+04  -5.5460492430193954e+03  -1.7494529118361464e+04   1.4045250950574304e+04  -1.8216792039991200e+04  -1.1692897975030004e+04
  -1.6966606718162625e+03   1.2180353171978168e+04   2.4139339391808298e+04  -5.5497533868237197e+03  -1.7497293586129475e+04   1.4042898622025177e+04  -1.8215600441351868e+04  -1.1690384844116903e+04
  -1.6989366396189548e+03   1.2178666804089607e+04   2.4137761235308179e+04  -5.5534574152028836e+03  -1.7500057687218468e+04   1.4040545998382528e+04  -1.8214408434952729e+04  -1.1687871463339992e+04
  -1.7012125701591835e+03   1.2176980180079438e+04   2.4136182574648385e+04  -5.5571613274174115e+03  -1.7502821421196968e+04   1.4038193080025419e+04  -1.8213216020696756e+04  -1.1685357833162334e+04
  -1.7034884655843396e+03   1.2175293297879447e+04   2.4134603409035371e+04  -5.5608651247142343e+03  -1.7505584788751050e+04   1.4035839866340655e+04  -1.8212023198852152e+04  -1.1682843952818721e+04
  -1.7057643247480826e+03   1.2173606158577855e+04   2.4133023738915315e+04  -5.5645688063538382e+03  -1.7508347789449155e+04   1.4033486357707176e+04  -1.8210829969321752e+04  -1.1680329822772075e+04
  -1.7080401465049983e+03   1.2171918763262542e+04   2.4131443564734564e+04  -5.5682723715972961e+03  -1.7511110422860304e+04   1.4031132554504307e+04  -1.8209636332009122e+04  -1.1677815443485610e+04
  -1.7103159330007227e+03   1.2170231109866194e+04   2.4129862885699557e+04  -5.5719758216904575e+03  -1.7513872689669588e+04   1.4028778456118438e+04  -1.8208442287181362e+04  -1.1675300814193830e+04
  -1.7125916819915774e+03   1.2168543200529806e+04   2.4128281702670538e+04  -5.5756791552320474e+03  -1.7516634589073699e+04   1.4026424063260432e+04  -1.8207247834620950e+04  -1.1672785935770218e+04
  -1.7148673956263267e+03   1.2166855033182506e+04   2.4126700014852362e+04  -5.5793823734697926e+03  -1.7519396121758538e+04   1.4024069375315148e+04  -1.8206052974594779e+04  -1.1670270807447501e+04
  -1.7171430716595153e+03   1.2165166609967602e+04   2.4125117823106430e+04  -5.5830854750013714e+03  -1.7522157286920483e+04   1.4021714392994629e+04  -1.8204857706885683e+04  -1.1667755430100437e+04
  -1.7194187122382889e+03   1.2163477928815206e+04   2.4123535126637784e+04  -5.5867884610735173e+03  -1.7524918085244615e+04   1.4019359115683606e+04  -1.8203662031759861e+04  -1.1665239802961763e+04
  -1.7216943162174437e+03   1.2161788990813451e+04   2.4121951925893016e+04  -5.5904913309474441e+03  -1.7527678516300275e+04   1.4017003543761813e+04  -1.8202465949121350e+04  -1.1662723926495089e+04
  -1.7239698824493369e+03   1.2160099797053426e+04   2.4120368221320165e+04  -5.5941940838829159e+03  -1.7530438579656286e+04   1.4014647677610390e+04  -1.8201269458874547e+04  -1.1660207801165656e+04
  -1.7262454130820699e+03   1.2158410345463450e+04   2.4118784012123288e+04  -5.5978967211272211e+03  -1.7533198275997634e+04   1.4012291516612833e+04  -1.8200072561284906e+04  -1.1657691426204838e+04
  -1.7285209069699652e+03   1.2156720637132599e+04   2.4117199298749532e+04  -5.6015992419413051e+03  -1.7535957604893763e+04   1.4009935061149534e+04  -1.8198875256256903e+04  -1.1655174802076957e+04
  -1.7307963629662709e+03   1.2155030673151514e+04   2.4115614081646971e+04  -5.6053016455854886e+03  -1.7538716565913997e+04   1.4007578311601856e+04  -1.8197677543695499e+04  -1.1652657929247405e+04
  -1.7330717832173139e+03   1.2153340451449414e+04   2.4114028360019653e+04  -5.6090039333059640e+03  -1.7541475159742346e+04   1.4005221267352888e+04  -1.8196479423865050e+04  -1.1650140806947276e+04
  -1.7353471665776351e+03   1.2151649973115593e+04   2.4112442134315057e+04  -5.6127061043638278e+03  -1.7544233385948530e+04   1.4002863928783459e+04  -1.8195280896670563e+04  -1.1647623435641333e+04
  -1.7376225119020344e+03   1.2149959239239648e+04   2.4110855404981008e+04  -5.6164081580203519e+03  -1.7546991244102643e+04   1.4000506296274953e+04  -1.8194081962017644e+04  -1.1645105815794845e+04
  -1.7398978213364448e+03   1.2148268247750335e+04   2.4109268171221069e+04  -5.6201100955214742e+03  -1.7549748734888170e+04   1.3998148369209650e+04  -1.8192882620169763e+04  -1.1642587946638119e+04
  -1.7421730937342465e+03   1.2146576999738505e+04   2.4107680433483540e+04  -5.6238119161276072e+03  -1.7552505857874672e+04   1.3995790147969235e+04  -1.8191682871032244e+04  -1.1640069828636862e+04
  -1.7444483279511337e+03   1.2144885496293360e+04   2.4106092192216282e+04  -5.6275136191005731e+03  -1.7555262612632774e+04   1.3993431632935321e+04  -1.8190482714511279e+04  -1.1637551462256510e+04
  -1.7467235261319488e+03   1.2143193735343875e+04   2.4104503446622592e+04  -5.6312152056856385e+03  -1.7558018999845190e+04   1.3991072823489567e+04  -1.8189282150869360e+04  -1.1635032846726839e+04
  -1.7489986871316421e+03   1.2141501717979827e+04   2.4102914197150563e+04  -5.6349166751441762e+03  -1.7560775019082230e+04   1.3988713720013699e+04  -1.8188081180012436e+04  -1.1632513982513436e+04
  -1.7512738098054288e+03   1.2139809445291288e+04   2.4101324444248599e+04  -5.6386180267377358e+03  -1.7563530669914591e+04   1.3986354322889933e+04  -1.8186879801847139e+04  -1.1629994870082439e+04
  -1.7535488962984280e+03   1.2138116915206165e+04   2.4099734187119284e+04  -5.6423192617117320e+03  -1.7566285953024690e+04   1.3983994631498959e+04  -1.8185678016635113e+04  -1.1627475508662552e+04
  -1.7558239443681941e+03   1.2136424129869823e+04   2.4098143426626892e+04  -5.6460203786658176e+03  -1.7569040867612413e+04   1.3981634646557433e+04  -1.8184475824164740e+04  -1.1624955899133027e+04
  -1.7580989561588840e+03   1.2134731087210497e+04   2.4096552161973923e+04  -5.6497213788448089e+03  -1.7571795414359585e+04   1.3979274367445681e+04  -1.8183273224696979e+04  -1.1622436040722288e+04
  -1.7603739294317247e+03   1.2133037789370588e+04   2.4094960394023725e+04  -5.6534222608505988e+03  -1.7574549592467607e+04   1.3976913794879905e+04  -1.8182070218021228e+04  -1.1619915934308856e+04
  -1.7626488663285777e+03   1.2131344234280023e+04   2.4093368121979267e+04  -5.6571230259265985e+03  -1.7577303402617265e+04   1.3974552928240515e+04  -1.8180866804397610e+04  -1.1617395579121385e+04
  -1.7649237657055432e+03   1.2129650423028477e+04   2.4091775346288996e+04  -5.6608236733349213e+03  -1.7580056844379818e+04   1.3972191767909997e+04  -1.8179662983733357e+04  -1.1614874975626215e+04
  -1.7671986264183283e+03   1.2127956356706629e+04   2.4090182067402056e+04  -5.6645242023374585e+03  -1.7582809917326646e+04   1.3969830314271634e+04  -1.8178458755936248e+04  -1.1612354124290456e+04
  -1.7694734506104278e+03   1.2126262033241972e+04   2.4088588284520101e+04  -5.6682246141785772e+03  -1.7585562622138681e+04   1.3967468566704385e+04  -1.8177254121265727e+04  -1.1609833024341237e+04
  -1.7717482371381570e+03   1.2124567453724461e+04   2.4086993998091930e+04  -5.6719249081205407e+03  -1.7588314958387484e+04   1.3965106525591207e+04  -1.8176049079629523e+04  -1.1607311676245276e+04
  -1.7740229848560600e+03   1.2122872619246298e+04   2.4085399208567440e+04  -5.6756250834245566e+03  -1.7591066925644282e+04   1.3962744191316207e+04  -1.8174843630935717e+04  -1.1604790080470641e+04
  -1.7762976959079153e+03   1.2121177527733897e+04   2.4083803915147575e+04  -5.6793251413351472e+03  -1.7593818524589726e+04   1.3960381563257353e+04  -1.8173637775442970e+04  -1.1602268236243415e+04
  -1.7785723691502321e+03   1.2119482180277439e+04   2.4082208118281411e+04  -5.6830250811147071e+03  -1.7596569754795619e+04   1.3958018641798002e+04  -1.8172431513059473e+04  -1.1599746144030727e+04
  -1.7808470034370932e+03   1.2117786577970050e+04   2.4080611818419373e+04  -5.6867249020241770e+03  -1.7599320615833294e+04   1.3955655427322914e+04  -1.8171224843693803e+04  -1.1597223804301326e+04
  -1.7831216009132181e+03   1.2116090718736372e+04   2.4079015014761462e+04  -5.6904246053086345e+03  -1.7602071108383316e+04   1.3953291919208852e+04  -1.8170017767603804e+04  -1.1594701216279973e+04
  -1.7853961604346598e+03   1.2114394603667499e+04   2.4077417707757220e+04  -5.6941241902302027e+03  -1.7604821232017577e+04   1.3950928117839787e+04  -1.8168810284698098e+04  -1.1592178380434505e+04
  -1.7876706808563765e+03   1.2112698233856136e+04   2.4075819897857200e+04  -5.6978236560503829e+03  -1.7607570986307936e+04   1.3948564023600720e+04  -1.8167602394885831e+04  -1.1589655297233820e+04
  -1.7899451643213285e+03   1.2111001607227796e+04   2.4074221584261304e+04  -5.7015230040131582e+03  -1.7610320371933940e+04   1.3946199635868008e+04  -1.8166394098423782e+04  -1.1587131965902399e+04
  -1.7922196085906101e+03   1.2109304725929078e+04   2.4072622767836303e+04  -5.7052222327204854e+03  -1.7613069388099018e+04   1.3943834955362388e+04  -1.8165185395105658e+04  -1.1584608387323357e+04
  -1.7944940158062286e+03   1.2107607587885846e+04   2.4071023447782001e+04  -5.7089213434157637e+03  -1.7615818035482138e+04   1.3941469981459910e+04  -1.8163976285187560e+04  -1.1582084560720908e+04
  -1.7967683837302334e+03   1.2105910195244356e+04   2.4069423624965282e+04  -5.7126203347015480e+03  -1.7618566313287341e+04   1.3939104714881691e+04  -1.8162766768463891e+04  -1.1579560486978489e+04
  -1.7990427145030042e+03   1.2104212545931503e+04   2.4067823298586216e+04  -5.7163192078202374e+03  -1.7621314222192792e+04   1.3936739155003617e+04  -1.8161556845190044e+04  -1.1577036165320258e+04
  -1.8013170069817518e+03   1.2102514641038293e+04   2.4066222469094813e+04  -5.7200179620347126e+03  -1.7624061761771332e+04   1.3934373302210499e+04  -1.8160346515275873e+04  -1.1574511596214794e+04
  -1.8035912600232798e+03   1.2100816481656680e+04   2.4064621136941751e+04  -5.7237165966076091e+03  -1.7626808931595959e+04   1.3932007156887930e+04  -1.8159135778631811e+04  -1.1571986780131470e+04
  -1.8058654757689169e+03   1.2099118065711817e+04   2.4063019301326087e+04  -5.7274151127818814e+03  -1.7629555732344750e+04   1.3929640718410546e+04  -1.8157924635512471e+04  -1.1569461716293172e+04
  -1.8081396530754082e+03   1.2097419394295595e+04   2.4061416962698415e+04  -5.7311135098201394e+03  -1.7632302163590633e+04   1.3927273987163851e+04  -1.8156713085828142e+04  -1.1566936405169123e+04
  -1.8104137908004329e+03   1.2095720468499605e+04   2.4059814121509466e+04  -5.7348117869855751e+03  -1.7635048224907121e+04   1.3924906963533602e+04  -1.8155501129489847e+04  -1.1564410847228877e+04
  -1.8126878921781160e+03   1.2094021285193867e+04   2.4058210776540680e+04  -5.7385099461799682e+03  -1.7637793917339281e+04   1.3922539646556525e+04  -1.8154288766865186e+04  -1.1561885041278943e+04
  -1.8149619538769193e+03   1.2092321847581716e+04   2.4056606929077814e+04  -5.7422079853466175e+03  -1.7640539239724520e+04   1.3920172037293290e+04  -1.8153075997636763e+04  -1.1559358988620754e+04
  -1.8172359758486675e+03   1.2090622155699730e+04   2.4055002579154618e+04  -5.7459059044083979e+03  -1.7643284192004521e+04   1.3917804135792929e+04  -1.8151862821830200e+04  -1.1556832689308572e+04
  -1.8195099602338896e+03   1.2088922207472166e+04   2.4053397725969156e+04  -5.7496037046077381e+03  -1.7646028774856262e+04   1.3915435941428472e+04  -1.8150649239698319e+04  -1.1554306142563693e+04
  -1.8217839058897296e+03   1.2087222003991417e+04   2.4051792369972602e+04  -5.7533013852075228e+03  -1.7648772987853288e+04   1.3913067454586249e+04  -1.8149435251152401e+04  -1.1551779348856215e+04
  -1.8240578116742995e+03   1.2085521546349542e+04   2.4050186511616266e+04  -5.7569989454712359e+03  -1.7651516830569708e+04   1.3910698675652930e+04  -1.8148220856104446e+04  -1.1549252308656494e+04
  -1.8263316797263512e+03   1.2083820832471654e+04   2.4048580150098209e+04  -5.7606963866402129e+03  -1.7654260303681560e+04   1.3908329604001170e+04  -1.8147006054806199e+04  -1.1546725021185566e+04
  -1.8286055089039226e+03   1.2082119863449729e+04   2.4046973285869684e+04  -5.7643937079778889e+03  -1.7657003406762862e+04   1.3905960240017517e+04  -1.8145790847169515e+04  -1.1544197486913639e+04
  -1.8308792980646483e+03   1.2080418640376725e+04   2.4045365919382515e+04  -5.7680909087474911e+03  -1.7659746139387844e+04   1.3903590584089285e+04  -1.8144575233106811e+04  -1.1541669706311819e+04
  -1.8331530493482389e+03   1.2078717161176013e+04   2.4043758049833767e+04  -5.7717879901908955e+03  -1.7662488502232431e+04   1.3901220635587901e+04  -1.8143359212869102e+04  -1.1539141678599768e+04
  -1.8354267605183884e+03   1.2077015427997176e+04   2.4042149678093698e+04  -5.7754849509118339e+03  -1.7665230494503707e+04   1.3898850395239509e+04  -1.8142142786256147e+04  -1.1536613404665868e+04
  -1.8377004337152118e+03   1.2075313438762632e+04   2.4040540803358788e+04  -5.7791817921524171e+03  -1.7667972116877503e+04   1.3896479862414782e+04  -1.8140925953518432e+04  -1.1534084883729045e+04
  -1.8399740667006590e+03   1.2073611195624253e+04   2.4038931426500421e+04  -5.7828785125153336e+03  -1.7670713368560599e+04   1.3894109037841070e+04  -1.8139708714456152e+04  -1.1531556116678950e+04
  -1.8422476616159174e+03   1.2071908696502862e+04   2.4037321546714247e+04  -5.7865751132433343e+03  -1.7673454250228900e+04   1.3891737920888079e+04  -1.8138491069319327e+04  -1.1529027102733497e+04
  -1.8445212173188402e+03   1.2070205942491650e+04   2.4035711164452412e+04  -5.7902715935997885e+03  -1.7676194761456940e+04   1.3889366511943586e+04  -1.8137273018020907e+04  -1.1526497842364141e+04
  -1.8467947326661892e+03   1.2068502934685468e+04   2.4034100280167979e+04  -5.7939679528474262e+03  -1.7678934901819161e+04   1.3886994811396331e+04  -1.8136054560474306e+04  -1.1523968336043439e+04
  -1.8490682097980650e+03   1.2066799671005325e+04   2.4032488893056336e+04  -5.7976641922283279e+03  -1.7681674671990688e+04   1.3884622818615433e+04  -1.8134835696928541e+04  -1.1521438582988743e+04
  -1.8513416475704962e+03   1.2065096152546648e+04   2.4030877003570742e+04  -5.8013603110047743e+03  -1.7684414071545685e+04   1.3882250533989729e+04  -1.8133616427296878e+04  -1.1518908583672732e+04
  -1.8536150448438420e+03   1.2063392380401228e+04   2.4029264612163224e+04  -5.8050563084416826e+03  -1.7687153100060037e+04   1.3879877957907345e+04  -1.8132396751493561e+04  -1.1516378338567081e+04
  -1.8558884037564480e+03   1.2061688352490974e+04   2.4027651718029218e+04  -5.8087521857800493e+03  -1.7689891758207887e+04   1.3877505089737007e+04  -1.8131176669766588e+04  -1.1513847846888866e+04
