  -2.4196675921254551e+04  -2.0226474928048658e+04  -4.5464656348423114e+03  -1.5227630269344592e+04  -1.1177993238390081e+04  -4.0205781188578494e+03  -6.4244588234221173e+03   6.0926320030481093e+03
  -2.4195522365875462e+04  -2.0227355810491415e+04  -4.5467701087368296e+03  -1.5227487786881413e+04  -1.1177596240068200e+04  -4.0228250323750194e+03  -6.4222454277883044e+03   6.0949970719191751e+03
  -2.4194368525956233e+04  -2.0228236349387826e+04  -4.5470746261620479e+03  -1.5227345465060060e+04  -1.1177199405356720e+04  -4.0250720975169861e+03  -6.4200317757081302e+03   6.0973622617488254e+03
  -2.4193214401546629e+04  -2.0229116544742923e+04  -4.5473791871648764e+03  -1.5227203303879967e+04  -1.1176802734235036e+04  -4.0273193142357932e+03  -6.4178178672215781e+03   6.0997275724802657e+03
  -2.4192059992696464e+04  -2.0229996396561735e+04  -4.5476837917922167e+03  -1.5227061303340575e+04  -1.1176406226682489e+04  -4.0295666824834839e+03  -6.4156037023686386e+03   6.1020930040566709e+03
  -2.4190905299455539e+04  -2.0230875904849323e+04  -4.5479884400909705e+03  -1.5226919463441274e+04  -1.1176009882678452e+04  -4.0318142022120860e+03  -6.4133892811893220e+03   6.1044585564212175e+03
  -2.4189750321873686e+04  -2.0231755069610768e+04  -4.5482931321080232e+03  -1.5226777784181495e+04  -1.1175613702202279e+04  -4.0340618733736178e+03  -6.4111746037236480e+03   6.1068242295170749e+03
  -2.4188595060000727e+04  -2.0232633890851139e+04  -4.5485978678902711e+03  -1.5226636265560612e+04  -1.1175217685233290e+04  -4.0363096959200907e+03  -6.4089596700116454e+03   6.1091900232874023e+03
  -2.4187439513886504e+04  -2.0233512368575542e+04  -4.5489026474846014e+03  -1.5226494907578013e+04  -1.1174821831750816e+04  -4.0385576698035038e+03  -6.4067444800933581e+03   6.1115559376753608e+03
  -2.4186283683580863e+04  -2.0234390502789061e+04  -4.5492074709378940e+03  -1.5226353710233056e+04  -1.1174426141734162e+04  -4.0408057949758540e+03  -6.4045290340088513e+03   6.1139219726240799e+03
  -2.4185127569133663e+04  -2.0235268293496832e+04  -4.5495123382970369e+03  -1.5226212673525095e+04  -1.1174030615162639e+04  -4.0430540713891210e+03  -6.4023133317981892e+03   6.1162881280767051e+03
  -2.4183971170594770e+04  -2.0236145740704000e+04  -4.5498172496088964e+03  -1.5226071797453480e+04  -1.1173635252015531e+04  -4.0453024989952801e+03  -6.4000973735014541e+03   6.1186544039763648e+03
  -2.4182814488014046e+04  -2.0237022844415678e+04  -4.5501222049203625e+03  -1.5225931082017534e+04  -1.1173240052272116e+04  -4.0475510777462973e+03  -6.3978811591587510e+03   6.1210208002661784e+03
  -2.4181657521441372e+04  -2.0237899604637056e+04  -4.5504272042782895e+03  -1.5225790527216568e+04  -1.1172845015911651e+04  -4.0497998075941250e+03  -6.3956646888101732e+03   6.1233873168892578e+03
  -2.4180500270926652e+04  -2.0238776021373276e+04  -4.5507322477295520e+03  -1.5225650133049900e+04  -1.1172450142913402e+04  -4.0520486884907114e+03  -6.3934479624958549e+03   6.1257539537887005e+03
  -2.4179342736519793e+04  -2.0239652094629546e+04  -4.5510373353210125e+03  -1.5225509899516823e+04  -1.1172055433256597e+04  -4.0542977203879959e+03  -6.3912309802559221e+03   6.1281207109076176e+03
  -2.4178184918270683e+04  -2.0240527824411070e+04  -4.5513424670995282e+03  -1.5225369826616612e+04  -1.1171660886920483e+04  -4.0565469032379028e+03  -6.3890137421305244e+03   6.1304875881890866e+03
  -2.4177026816229256e+04  -2.0241403210723023e+04  -4.5516476431119581e+03  -1.5225229914348531e+04  -1.1171266503884284e+04  -4.0587962369923539e+03  -6.3867962481598224e+03   6.1328545855761877e+03
  -2.4175868430445425e+04  -2.0242278253570657e+04  -4.5519528634051539e+03  -1.5225090162711860e+04  -1.1170872284127188e+04  -4.0610457216032610e+03  -6.3845784983839831e+03   6.1352217030119946e+03
  -2.4174709760969148e+04  -2.0243152952959204e+04  -4.5522581280259674e+03  -1.5224950571705818e+04  -1.1170478227628400e+04  -4.0632953570225200e+03  -6.3823604928431978e+03   6.1375889404395684e+03
  -2.4173550807850344e+04  -2.0244027308893925e+04  -4.5525634370212420e+03  -1.5224811141329641e+04  -1.1170084334367113e+04  -4.0655451432020232e+03  -6.3801422315776554e+03   6.1399562978019731e+03
  -2.4172391571138978e+04  -2.0244901321380054e+04  -4.5528687904378203e+03  -1.5224671871582565e+04  -1.1169690604322504e+04  -4.0677950800936578e+03  -6.3779237146275736e+03   6.1423237750422504e+03
  -2.4171232050885013e+04  -2.0245774990422899e+04  -4.5531741883225413e+03  -1.5224532762463774e+04  -1.1169297037473723e+04  -4.0700451676492944e+03  -6.3757049420331687e+03   6.1446913721034443e+03
  -2.4170072247138440e+04  -2.0246648316027728e+04  -4.5534796307222414e+03  -1.5224393813972480e+04  -1.1168903633799922e+04  -4.0722954058207933e+03  -6.3734859138346837e+03   6.1470590889285822e+03
  -2.4168912159949192e+04  -2.0247521298199856e+04  -4.5537851176837548e+03  -1.5224255026107869e+04  -1.1168510393280245e+04  -4.0745457945600147e+03  -6.3712666300723558e+03   6.1494269254606879e+03
  -2.4167751789367296e+04  -2.0248393936944565e+04  -4.5540906492539070e+03  -1.5224116398869104e+04  -1.1168117315893824e+04  -4.0767963338188060e+03  -6.3690470907864519e+03   6.1517948816427852e+03
  -2.4166591135442734e+04  -2.0249266232267229e+04  -4.5543962254795233e+03  -1.5223977932255344e+04  -1.1167724401619769e+04  -4.0790470235489979e+03  -6.3668272960172453e+03   6.1541629574178742e+03
  -2.4165430198225531e+04  -2.0250138184173164e+04  -4.5547018464074290e+03  -1.5223839626265737e+04  -1.1167331650437185e+04  -4.0812978637024225e+03  -6.3646072458050176e+03   6.1565311527289614e+03
  -2.4164268977765681e+04  -2.0251009792667730e+04  -4.5550075120844358e+03  -1.5223701480899419e+04  -1.1166939062325178e+04  -4.0835488542308949e+03  -6.3623869401900738e+03   6.1588994675190288e+03
  -2.4163107474113222e+04  -2.0251881057756298e+04  -4.5553132225573618e+03  -1.5223563496155517e+04  -1.1166546637262809e+04  -4.0857999950862313e+03  -6.3601663792127156e+03   6.1612679017310729e+03
  -2.4161945687318188e+04  -2.0252751979444241e+04  -4.5556189778730213e+03  -1.5223425672033130e+04  -1.1166154375229169e+04  -4.0880512862202249e+03  -6.3579455629132772e+03   6.1636364553080621e+03
  -2.4160783617430610e+04  -2.0253622557736955e+04  -4.5559247780782189e+03  -1.5223288008531372e+04  -1.1165762276203304e+04  -4.0903027275846712e+03  -6.3557244913320892e+03   6.1660051281929645e+03
  -2.4159621264500536e+04  -2.0254492792639827e+04  -4.5562306232197552e+03  -1.5223150505649308e+04  -1.1165370340164269e+04  -4.0925543191313450e+03  -6.3535031645095050e+03   6.1683739203287478e+03
  -2.4158458628578046e+04  -2.0255362684158314e+04  -4.5565365133444393e+03  -1.5223013163386033e+04  -1.1164978567091101e+04  -4.0948060608120309e+03  -6.3512815824858799e+03   6.1707428316583564e+03
  -2.4157295709713209e+04  -2.0256232232297829e+04  -4.5568424484990619e+03  -1.5222875981740592e+04  -1.1164586956962816e+04  -4.0970579525784842e+03  -6.3490597453015916e+03   6.1731118621247351e+03
  -2.4156132507956077e+04  -2.0257101437063815e+04  -4.5571484287304183e+03  -1.5222738960712040e+04  -1.1164195509758440e+04  -4.0993099943824627e+03  -6.3468376529970255e+03   6.1754810116708231e+03
  -2.4154969023356760e+04  -2.0257970298461725e+04  -4.5574544540852967e+03  -1.5222602100299426e+04  -1.1163804225456972e+04  -4.1015621861757099e+03  -6.3446153056125795e+03   6.1778502802395478e+03
  -2.4153805255965348e+04  -2.0258838816497031e+04  -4.5577605246104904e+03  -1.5222465400501764e+04  -1.1163413104037396e+04  -4.1038145279099654e+03  -6.3423927031886769e+03   6.1802196677738330e+03
  -2.4152641205831937e+04  -2.0259706991175244e+04  -4.5580666403527739e+03  -1.5222328861318052e+04  -1.1163022145478693e+04  -4.1060670195369521e+03  -6.3401698457657303e+03   6.1825891742165813e+03
  -2.4151476873006657e+04  -2.0260574822501818e+04  -4.5583728013589325e+03  -1.5222192482747321e+04  -1.1162631349759833e+04  -4.1083196610083960e+03  -6.3379467333841831e+03   6.1849587995107076e+03
  -2.4150312257539616e+04  -2.0261442310482307e+04  -4.5586790076757406e+03  -1.5222056264788533e+04  -1.1162240716859782e+04  -4.1105724522759965e+03  -6.3357233660844813e+03   6.1873285435991020e+03
  -2.4149147359480936e+04  -2.0262309455122206e+04  -4.5589852593499763e+03  -1.5221920207440682e+04  -1.1161850246757473e+04  -4.1128253932914595e+03  -6.3334997439070894e+03   6.1896984064246553e+03
  -2.4147982178880775e+04  -2.0263176256427047e+04  -4.5592915564283958e+03  -1.5221784310702729e+04  -1.1161459939431841e+04  -4.1150784840064744e+03  -6.3312758668924889e+03   6.1920683879302460e+03
  -2.4146816715789279e+04  -2.0264042714402392e+04  -4.5595978989577761e+03  -1.5221648574573619e+04  -1.1161069794861809e+04  -4.1173317243727242e+03  -6.3290517350811597e+03   6.1944384880587540e+03
  -2.4145650970256593e+04  -2.0264908829053813e+04  -4.5599042869848754e+03  -1.5221512999052293e+04  -1.1160679813026276e+04  -4.1195851143418813e+03  -6.3268273485136060e+03   6.1968087067530314e+03
  -2.4144484942332907e+04  -2.0265774600386874e+04  -4.5602107205564516e+03  -1.5221377584137676e+04  -1.1160289993904167e+04  -4.1218386538656096e+03  -6.3246027072303414e+03   6.1991790439559454e+03
  -2.4143318632068374e+04  -2.0266640028407150e+04  -4.5605171997192583e+03  -1.5221242329828696e+04  -1.1159900337474353e+04  -4.1240923428955630e+03  -6.3223778112718901e+03   6.2015494996103371e+03
  -2.4142152039513174e+04  -2.0267505113120271e+04  -4.5608237245200517e+03  -1.5221107236124248e+04  -1.1159510843715718e+04  -4.1263461813833865e+03  -6.3201526606787929e+03   6.2039200736590565e+03
  -2.4140985164717527e+04  -2.0268369854531818e+04  -4.5611302950055770e+03  -1.5220972303023222e+04  -1.1159121512607115e+04  -4.1286001692807158e+03  -6.3179272554916006e+03   6.2062907660449328e+03
  -2.4139818007731628e+04  -2.0269234252647442e+04  -4.5614369112225786e+03  -1.5220837530524490e+04  -1.1158732344127409e+04  -4.1308543065391814e+03  -6.3157015957508747e+03   6.2086615767107824e+03
  -2.4138650568605652e+04  -2.0270098307472781e+04  -4.5617435732177955e+03  -1.5220702918626939e+04  -1.1158343338255436e+04  -4.1331085931103999e+03  -6.3134756814971961e+03   6.2110325055994335e+03
  -2.4137482847389856e+04  -2.0270962019013477e+04  -4.5620502810379649e+03  -1.5220568467329398e+04  -1.1157954494970025e+04  -4.1353630289459788e+03  -6.3112495127711491e+03   6.2134035526536918e+03
  -2.4136314844134446e+04  -2.0271825387275203e+04  -4.5623570347298246e+03  -1.5220434176630723e+04  -1.1157565814249998e+04  -4.1376176139975178e+03  -6.3090230896133435e+03   6.2157747178163554e+03
  -2.4135146558889683e+04  -2.0272688412263637e+04  -4.5626638343401019e+03  -1.5220300046529750e+04  -1.1157177296074173e+04  -4.1398723482166124e+03  -6.3067964120643837e+03   6.2181460010302226e+03
  -2.4133977991705779e+04  -2.0273551093984479e+04  -4.5629706799155247e+03  -1.5220166077025284e+04  -1.1156788940421327e+04  -4.1421272315548395e+03  -6.3045694801648997e+03   6.2205174022380716e+03
  -2.4132809142633028e+04  -2.0274413432443424e+04  -4.5632775715028156e+03  -1.5220032268116141e+04  -1.1156400747270258e+04  -4.1443822639637774e+03  -6.3023422939555339e+03   6.2228889213826869e+03
  -2.4131640011721665e+04  -2.0275275427646204e+04  -4.5635845091486917e+03  -1.5219898619801104e+04  -1.1156012716599735e+04  -4.1466374453949829e+03  -6.3001148534769400e+03   6.2252605584068351e+03
  -2.4130470599021948e+04  -2.0276137079598531e+04  -4.5638914928998765e+03  -1.5219765132078950e+04  -1.1155624848388527e+04  -4.1488927758000164e+03  -6.2978871587697759e+03   6.2276323132532752e+03
  -2.4129300904584215e+04  -2.0276998388306172e+04  -4.5641985228030680e+03  -1.5219631804948482e+04  -1.1155237142615364e+04  -4.1511482551304189e+03  -6.2956592098747242e+03   6.2300041858647646e+03
  -2.4128130928458701e+04  -2.0277859353774857e+04  -4.5645055989049915e+03  -1.5219498638408410e+04  -1.1154849599259009e+04  -4.1534038833377317e+03  -6.2934310068324712e+03   6.2323761761840487e+03
  -2.4126960670695727e+04  -2.0278719976010387e+04  -4.5648127212523423e+03  -1.5219365632457509e+04  -1.1154462218298180e+04  -4.1556596603734770e+03  -6.2912025496837250e+03   6.2347482841538622e+03
  -2.4125790131345577e+04  -2.0279580255018504e+04  -4.5651198898918237e+03  -1.5219232787094510e+04  -1.1154074999711587e+04  -4.1579155861891804e+03  -6.2889738384691964e+03   6.2371205097169413e+03
  -2.4124619310458605e+04  -2.0280440190805053e+04  -4.5654271048701330e+03  -1.5219100102318118e+04  -1.1153687943477946e+04  -4.1601716607363414e+03  -6.2867448732296143e+03   6.2394928528159980e+03
  -2.4123448208085123e+04  -2.0281299783375802e+04  -4.5657343662339690e+03  -1.5218967578127049e+04  -1.1153301049575944e+04  -4.1624278839664676e+03  -6.2845156540057205e+03   6.2418653133937541e+03
  -2.4122276824275443e+04  -2.0282159032736599e+04  -4.5660416740300170e+03  -1.5218835214519993e+04  -1.1152914317984272e+04  -4.1646842558310509e+03  -6.2822861808382695e+03   6.2442378913929115e+03
  -2.4121105159079925e+04  -2.0283017938893267e+04  -4.5663490283049705e+03  -1.5218703011495652e+04  -1.1152527748681588e+04  -4.1669407762815672e+03  -6.2800564537680229e+03   6.2466105867561782e+03
  -2.4119933212548916e+04  -2.0283876501851661e+04  -4.5666564291055083e+03  -1.5218570969052686e+04  -1.1152141341646553e+04  -4.1691974452694958e+03  -6.2778264728357599e+03   6.2489833994262281e+03
  -2.4118760984732784e+04  -2.0284734721617635e+04  -4.5669638764783085e+03  -1.5218439087189745e+04  -1.1151755096857829e+04  -4.1714542627462970e+03  -6.2755962380822730e+03   6.2513563293457573e+03
  -2.4117588475681881e+04  -2.0285592598197069e+04  -4.5672713704700609e+03  -1.5218307365905492e+04  -1.1151369014294029e+04  -4.1737112286634256e+03  -6.2733657495483621e+03   6.2537293764574324e+03
  -2.4116415685446609e+04  -2.0286450131595855e+04  -4.5675789111274225e+03  -1.5218175805198554e+04  -1.1150983093933795e+04  -4.1759683429723291e+03  -6.2711350072748510e+03   6.2561025407039260e+03
  -2.4115242614077339e+04  -2.0287307321819881e+04  -4.5678864984970724e+03  -1.5218044405067554e+04  -1.1150597335755745e+04  -4.1782256056244460e+03  -6.2689040113025594e+03   6.2584758220278945e+03
  -2.4114069261624445e+04  -2.0288164168875068e+04  -4.5681941326256729e+03  -1.5217913165511100e+04  -1.1150211739738465e+04  -4.1804830165712001e+03  -6.2666727616723329e+03   6.2608492203719879e+03
  -2.4112895628138365e+04  -2.0289020672767336e+04  -4.5685018135598802e+03  -1.5217782086527799e+04  -1.1149826305860559e+04  -4.1827405757640126e+03  -6.2644412584250240e+03   6.2632227356788544e+03
  -2.4111721713669496e+04  -2.0289876833502636e+04  -4.5688095413463652e+03  -1.5217651168116226e+04  -1.1149441034100595e+04  -4.1849982831542939e+03  -6.2622095016015055e+03   6.2655963678911148e+03
  -2.4110547518268260e+04  -2.0290732651086902e+04  -4.5691173160317794e+03  -1.5217520410274965e+04  -1.1149055924437156e+04  -4.1872561386934412e+03  -6.2599774912426419e+03   6.2679701169514155e+03
  -2.4109373041985091e+04  -2.0291588125526130e+04  -4.5694251376627690e+03  -1.5217389813002572e+04  -1.1148670976848782e+04  -4.1895141423328496e+03  -6.2577452273893387e+03   6.2703439828023638e+03
  -2.4108198284870428e+04  -2.0292443256826267e+04  -4.5697330062859846e+03  -1.5217259376297592e+04  -1.1148286191314022e+04  -4.1917722940239028e+03  -6.2555127100824920e+03   6.2727179653865714e+03
  -2.4107023246974706e+04  -2.0293298044993306e+04  -4.5700409219480716e+03  -1.5217129100158578e+04  -1.1147901567811421e+04  -4.1940305937179683e+03  -6.2532799393630239e+03   6.2750920646466475e+03
  -2.4105847928348405e+04  -2.0294152490033273e+04  -4.5703488846956707e+03  -1.5216998984584043e+04  -1.1147517106319494e+04  -4.1962890413664172e+03  -6.2510469152718651e+03   6.2774662805251874e+03
  -2.4104672329041969e+04  -2.0295006591952162e+04  -4.5706568945754143e+03  -1.5216869029572501e+04  -1.1147132806816746e+04  -4.1985476369206035e+03  -6.2488136378499485e+03   6.2798406129647728e+03
  -2.4103496449105882e+04  -2.0295860350756018e+04  -4.5709649516339441e+03  -1.5216739235122455e+04  -1.1146748669281684e+04  -4.2008063803318710e+03  -6.2465801071382348e+03   6.2822150619079839e+03
  -2.4102320288590621e+04  -2.0296713766450888e+04  -4.5712730559178835e+03  -1.5216609601232396e+04  -1.1146364693692794e+04  -4.2030652715515562e+03  -6.2443463231776886e+03   6.2845896272974060e+03
  -2.4101143847546668e+04  -2.0297566839042800e+04  -4.5715812074738569e+03  -1.5216480127900793e+04  -1.1145980880028557e+04  -4.2053243105309957e+03  -6.2421122860092928e+03   6.2869643090755899e+03
  -2.4099967126024541e+04  -2.0298419568537873e+04  -4.5718894063484931e+03  -1.5216350815126121e+04  -1.1145597228267432e+04  -4.2075834972215007e+03  -6.2398779956740382e+03   6.2893391071850992e+03
  -2.4098790124074745e+04  -2.0299271954942138e+04  -4.5721976525884083e+03  -1.5216221662906823e+04  -1.1145213738387873e+04  -4.2098428315743813e+03  -6.2376434522129275e+03   6.2917140215684794e+03
  -2.4097612841747792e+04  -2.0300123998261708e+04  -4.5725059462402169e+03  -1.5216092671241338e+04  -1.1144830410368328e+04  -4.2121023135409469e+03  -6.2354086556669808e+03   6.2940890521682686e+03
  -2.4096435279094214e+04  -2.0300975698502698e+04  -4.5728142873505285e+03  -1.5215963840128104e+04  -1.1144447244187224e+04  -4.2143619430724802e+03  -6.2331736060772255e+03   6.2964641989270058e+03
  -2.4095257436164538e+04  -2.0301827055671234e+04  -4.5731226759659558e+03  -1.5215835169565524e+04  -1.1144064239822985e+04  -4.2166217201202717e+03  -6.2309383034847096e+03   6.2988394617872109e+03
  -2.4094079313009312e+04  -2.0302678069773428e+04  -4.5734311121331029e+03  -1.5215706659552014e+04  -1.1143681397254015e+04  -4.2188816446355886e+03  -6.2287027479304797e+03   6.3012148406914048e+03
  -2.4092900909679098e+04  -2.0303528740815458e+04  -4.5737395958985662e+03  -1.5215578310085959e+04  -1.1143298716458716e+04  -4.2211417165697067e+03  -6.2264669394556076e+03   6.3035903355820965e+03
  -2.4091722226224425e+04  -2.0304379068803453e+04  -4.5740481273089445e+03  -1.5215450121165733e+04  -1.1142916197415459e+04  -4.2234019358738715e+03  -6.2242308781011743e+03   6.3059659464017868e+03
  -2.4090543262695905e+04  -2.0305229053743595e+04  -4.5743567064108320e+03  -1.5215322092789711e+04  -1.1142533840102638e+04  -4.2256623024993405e+03  -6.2219945639082744e+03   6.3083416730929694e+03
  -2.4089364019144075e+04  -2.0306078695642074e+04  -4.5746653332508204e+03  -1.5215194224956243e+04  -1.1142151644498605e+04  -4.2279228163973439e+03  -6.2197579969180078e+03   6.3107175155981331e+03
  -2.4088184495619564e+04  -2.0306927994505098e+04  -4.5749740078754921e+03  -1.5215066517663676e+04  -1.1141769610581714e+04  -4.2301834775191101e+03  -6.2175211771714921e+03   6.3130934738597489e+03
  -2.4087004692172948e+04  -2.0307776950338866e+04  -4.5752827303314280e+03  -1.5214938970910327e+04  -1.1141387738330306e+04  -4.2324442858158664e+03  -6.2152841047098627e+03   6.3154695478202930e+03
  -2.4085824608854800e+04  -2.0308625563149599e+04  -4.5755915006652149e+03  -1.5214811584694535e+04  -1.1141006027722709e+04  -4.2347052412388193e+03  -6.2130467795742570e+03   6.3178457374222271e+03
  -2.4084644245715794e+04  -2.0309473832943557e+04  -4.5759003189234209e+03  -1.5214684359014587e+04  -1.1140624478737236e+04  -4.2369663437391728e+03  -6.2108092018058369e+03   6.3202220426080048e+03
  -2.4083463602806529e+04  -2.0310321759726965e+04  -4.5762091851526184e+03  -1.5214557293868800e+04  -1.1140243091352195e+04  -4.2392275932681177e+03  -6.2085713714457697e+03   6.3225984633200787e+03
  -2.4082282680177606e+04  -2.0311169343506110e+04  -4.5765180993993772e+03  -1.5214430389255411e+04  -1.1139861865545885e+04  -4.2414889897768426e+03  -6.2063332885352274e+03   6.3249749995008769e+03
  -2.4081101477879693e+04  -2.0312016584287241e+04  -4.5768270617102608e+03  -1.5214303645172735e+04  -1.1139480801296584e+04  -4.2437505332165174e+03  -6.2040949531154110e+03   6.3273516510928366e+03
  -2.4079919995963439e+04  -2.0312863482076667e+04  -4.5771360721318297e+03  -1.5214177061619008e+04  -1.1139099898582574e+04  -4.2460122235383142e+03  -6.2018563652275297e+03   6.3297284180383813e+03
  -2.4078738234479479e+04  -2.0313710036880679e+04  -4.5774451307106410e+03  -1.5214050638592485e+04  -1.1138719157382102e+04  -4.2482740606933858e+03  -6.1996175249127891e+03   6.3321053002799244e+03
  -2.4077556193478504e+04  -2.0314556248705627e+04  -4.5777542374932473e+03  -1.5213924376091391e+04  -1.1138338577673423e+04  -4.2505360446328832e+03  -6.1973784322124311e+03   6.3344822977598760e+03
  -2.4076373873011176e+04  -2.0315402117557795e+04  -4.5780633925261964e+03  -1.5213798274113951e+04  -1.1137958159434773e+04  -4.2527981753079430e+03  -6.1951390871676931e+03   6.3368594104206395e+03
  -2.4075191273128181e+04  -2.0316247643443534e+04  -4.5783725958560381e+03  -1.5213672332658361e+04  -1.1137577902644382e+04  -4.2550604526696989e+03  -6.1928994898198353e+03   6.3392366382046011e+03
  -2.4074008393880209e+04  -2.0317092826369229e+04  -4.5786818475293139e+03  -1.5213546551722831e+04  -1.1137197807280465e+04  -4.2573228766692682e+03  -6.1906596402101195e+03   6.3416139810541445e+03
  -2.4072825235317967e+04  -2.0317937666341204e+04  -4.5789911475925555e+03  -1.5213420931305549e+04  -1.1136817873321219e+04  -4.2595854472577676e+03  -6.1884195383798351e+03   6.3439914389116502e+03
  -2.4071641797492150e+04  -2.0318782163365879e+04  -4.5793004960923072e+03  -1.5213295471404670e+04  -1.1136438100744843e+04  -4.2618481643862997e+03  -6.1861791843702658e+03   6.3463690117194838e+03
  -2.4070458080453482e+04  -2.0319626317449623e+04  -4.5796098930750941e+03  -1.5213170172018359e+04  -1.1136058489529511e+04  -4.2641110280059547e+03  -6.1839385782227237e+03   6.3487466994200122e+03
  -2.4069274084252702e+04  -2.0320470128598852e+04  -4.5799193385874441e+03  -1.5213045033144770e+04  -1.1135679039653396e+04  -4.2663740380678219e+03  -6.1816977199785288e+03   6.3511245019555809e+03
  -2.4068089808940513e+04  -2.0321313596819979e+04  -4.5802288326758808e+03  -1.5212920054782035e+04  -1.1135299751094664e+04  -4.2686371945229757e+03  -6.1794566096790131e+03   6.3535024192685414e+03
  -2.4066905254567679e+04  -2.0322156722119445e+04  -4.5805383753869273e+03  -1.5212795236928279e+04  -1.1134920623831455e+04  -4.2709004973224883e+03  -6.1772152473655096e+03   6.3558804513012265e+03
  -2.4065720421184968e+04  -2.0322999504503681e+04  -4.5808479667670972e+03  -1.5212670579581607e+04  -1.1134541657841903e+04  -4.2731639464174132e+03  -6.1749736330793849e+03   6.3582585979959731e+03
  -2.4064535308843126e+04  -2.0323841943979172e+04  -4.5811576068629029e+03  -1.5212546082740118e+04  -1.1134162853104130e+04  -4.2754275417587996e+03  -6.1727317668620044e+03   6.3606368592950930e+03
  -2.4063349917592903e+04  -2.0324684040552358e+04  -4.5814672957208550e+03  -1.5212421746401909e+04  -1.1133784209596250e+04  -4.2776912832976923e+03  -6.1704896487547467e+03   6.3630152351409079e+03
  -2.4062164247485103e+04  -2.0325525794229750e+04  -4.5817770333874587e+03  -1.5212297570565044e+04  -1.1133405727296373e+04  -4.2799551709851212e+03  -6.1682472787990064e+03   6.3653937254757211e+03
  -2.4060978298570517e+04  -2.0326367205017825e+04  -4.5820868199092120e+03  -1.5212173555227590e+04  -1.1133027406182573e+04  -4.2822192047721073e+03  -6.1660046570361919e+03   6.3677723302418335e+03
  -2.4059792070899923e+04  -2.0327208272923104e+04  -4.5823966553326154e+03  -1.5212049700387595e+04  -1.1132649246232941e+04  -4.2844833846096644e+03  -6.1637617835077226e+03   6.3701510493815331e+03
  -2.4058605564524139e+04  -2.0328048997952101e+04  -4.5827065397041633e+03  -1.5211926006043090e+04  -1.1132271247425540e+04  -4.2867477104488025e+03  -6.1615186582550295e+03   6.3725298828371097e+03
  -2.4057418779493946e+04  -2.0328889380111366e+04  -4.5830164730703491e+03  -1.5211802472192112e+04  -1.1131893409738432e+04  -4.2890121822405072e+03  -6.1592752813195539e+03   6.3749088305508321e+03
  -2.4056231715860209e+04  -2.0329729419407442e+04  -4.5833264554776515e+03  -1.5211679098832667e+04  -1.1131515733149654e+04  -4.2912767999357748e+03  -6.1570316527427485e+03   6.3772878924649685e+03
  -2.4055044373673740e+04  -2.0330569115846876e+04  -4.5836364869725567e+03  -1.5211555885962776e+04  -1.1131138217637243e+04  -4.2935415634855790e+03  -6.1547877725660901e+03   6.3796670685217841e+03
  -2.4053856752985379e+04  -2.0331408469436279e+04  -4.5839465676015488e+03  -1.5211432833580388e+04  -1.1130760863179215e+04  -4.2958064728408899e+03  -6.1525436408310534e+03   6.3820463586635215e+03
  -2.4052668853845964e+04  -2.0332247480182195e+04  -4.5842566974110969e+03  -1.5211309941683510e+04  -1.1130383669753590e+04  -4.2980715279526676e+03  -6.1502992575791341e+03   6.3844257628324358e+03
  -2.4051480676306361e+04  -2.0333086148091257e+04  -4.5845668764476713e+03  -1.5211187210270100e+04  -1.1130006637338356e+04  -4.3003367287718611e+03  -6.1480546228518415e+03   6.3868052809707597e+03
  -2.4050292220417425e+04  -2.0333924473170071e+04  -4.5848771047577493e+03  -1.5211064639338108e+04  -1.1129629765911515e+04  -4.3026020752494178e+03  -6.1458097366906895e+03   6.3891849130207156e+03
  -2.4049103486230037e+04  -2.0334762455425258e+04  -4.5851873823877877e+03  -1.5210942228885473e+04  -1.1129253055451025e+04  -4.3048675673362623e+03  -6.1435645991372139e+03   6.3915646589245325e+03
  -2.4047914473795070e+04  -2.0335600094863454e+04  -4.5854977093842490e+03  -1.5210819978910131e+04  -1.1128876505934873e+04  -4.3071332049833272e+03  -6.1413192102329567e+03   6.3939445186244229e+03
  -2.4046725183163460e+04  -2.0336437391491338e+04  -4.5858080857935893e+03  -1.5210697889409994e+04  -1.1128500117340987e+04  -4.3093989881415237e+03  -6.1390735700194700e+03   6.3963244920625903e+03
  -2.4045535614386044e+04  -2.0337274345315542e+04  -4.5861185116622619e+03  -1.5210575960382957e+04  -1.1128123889647339e+04  -4.3116649167617570e+03  -6.1368276785383287e+03   6.3987045791812343e+03
  -2.4044345767513762e+04  -2.0338110956342771e+04  -4.5864289870367165e+03  -1.5210454191826926e+04  -1.1127747822831830e+04  -4.3139309907949264e+03  -6.1345815358311120e+03   6.4010847799225412e+03
  -2.4043155642597507e+04  -2.0338947224579686e+04  -4.5867395119633993e+03  -1.5210332583739775e+04  -1.1127371916872407e+04  -4.3161972101919200e+03  -6.1323351419394121e+03   6.4034650942287008e+03
  -2.4041965239688237e+04  -2.0339783150033025e+04  -4.5870500864887508e+03  -1.5210211136119358e+04  -1.1126996171746960e+04  -4.3184635749036197e+03  -6.1300884969048375e+03   6.4058455220418809e+03
  -2.4040774558836871e+04  -2.0340618732709485e+04  -4.5873607106592081e+03  -1.5210089848963544e+04  -1.1126620587433385e+04  -4.3207300848808945e+03  -6.1278416007690003e+03   6.4082260633042470e+03
  -2.4039583600094356e+04  -2.0341453972615800e+04  -4.5876713845212116e+03  -1.5209968722270187e+04  -1.1126245163909583e+04  -4.3229967400746054e+03  -6.1255944535735434e+03   6.4106067179579659e+03
  -2.4038392363511623e+04  -2.0342288869758722e+04  -4.5879821081211849e+03  -1.5209847756037083e+04  -1.1125869901153419e+04  -4.3252635404356042e+03  -6.1233470553601028e+03   6.4129874859451893e+03
  -2.4037200849139648e+04  -2.0343123424145015e+04  -4.5882928815055529e+03  -1.5209726950262080e+04  -1.1125494799142756e+04  -4.3275304859147373e+03  -6.1210994061703313e+03   6.4153683672080524e+03
  -2.4036009057029405e+04  -2.0343957635781411e+04  -4.5886037047207465e+03  -1.5209606304942985e+04  -1.1125119857855452e+04  -4.3297975764628372e+03  -6.1188515060459067e+03   6.4177493616886986e+03
  -2.4034816987231858e+04  -2.0344791504674733e+04  -4.5889145778131833e+03  -1.5209485820077571e+04  -1.1124745077269330e+04  -4.3320648120307324e+03  -6.1166033550285056e+03   6.4201304693292541e+03
  -2.4033624639797996e+04  -2.0345625030831750e+04  -4.5892255008292750e+03  -1.5209365495663633e+04  -1.1124370457362245e+04  -4.3343321925692371e+03  -6.1143549531598183e+03   6.4225116900718376e+03
  -2.4032432014778806e+04  -2.0346458214259295e+04  -4.5895364738154321e+03  -1.5209245331698943e+04  -1.1123995998111994e+04  -4.3365997180291624e+03  -6.1121063004815596e+03   6.4248930238585599e+03
  -2.4031239112225318e+04  -2.0347291054964157e+04  -4.5898474968180681e+03  -1.5209125328181250e+04  -1.1123621699496387e+04  -4.3388673883613046e+03  -6.1098573970354328e+03   6.4272744706315380e+03
  -2.4030045932188506e+04  -2.0348123552953195e+04  -4.5901585698835870e+03  -1.5209005485108300e+04  -1.1123247561493226e+04  -4.3411352035164573e+03  -6.1076082428631853e+03   6.4296560303328561e+03
  -2.4028852474719421e+04  -2.0348955708233254e+04  -4.5904696930583814e+03  -1.5208885802477829e+04  -1.1122873584080291e+04  -4.3434031634454004e+03  -6.1053588380065548e+03   6.4320377029046113e+03
  -2.4027658739869068e+04  -2.0349787520811180e+04  -4.5907808663888563e+03  -1.5208766280287566e+04  -1.1122499767235358e+04  -4.3456712680989049e+03  -6.1031091825072963e+03   6.4344194882888823e+03
  -2.4026464727688508e+04  -2.0350618990693860e+04  -4.5910920899214034e+03  -1.5208646918535205e+04  -1.1122126110936180e+04  -4.3479395174277388e+03  -6.1008592764071764e+03   6.4368013864277473e+03
  -2.4025270438228770e+04  -2.0351450117888176e+04  -4.5914033637024077e+03  -1.5208527717218451e+04  -1.1121752615160514e+04  -4.3502079113826530e+03  -6.0986091197479800e+03   6.4391833972632676e+03
  -2.4024075871540899e+04  -2.0352280902401013e+04  -4.5917146877782579e+03  -1.5208408676334993e+04  -1.1121379279886090e+04  -4.3524764499143930e+03  -6.0963587125714948e+03   6.4415655207375057e+03
  -2.4022881027675976e+04  -2.0353111344239307e+04  -4.5920260621953366e+03  -1.5208289795882483e+04  -1.1121006105090646e+04  -4.3547451329736987e+03  -6.0941080549195349e+03   6.4439477567925132e+03
  -2.4021685906685067e+04  -2.0353941443409949e+04  -4.5923374870000162e+03  -1.5208171075858610e+04  -1.1120633090751895e+04  -4.3570139605112954e+03  -6.0918571468339160e+03   6.4463301053703344e+03
  -2.4020490508619248e+04  -2.0354771199919927e+04  -4.5926489622386771e+03  -1.5208052516260994e+04  -1.1120260236847531e+04  -4.3592829324779041e+03  -6.0896059883564640e+03   6.4487125664130017e+03
  -2.4019294833529617e+04  -2.0355600613776158e+04  -4.5929604879576827e+03  -1.5207934117087290e+04  -1.1119887543355269e+04  -4.3615520488242310e+03  -6.0873545795290247e+03   6.4510951398625484e+03
  -2.4018098881467253e+04  -2.0356429684985607e+04  -4.5932720642034064e+03  -1.5207815878335110e+04  -1.1119515010252770e+04  -4.3638213095009869e+03  -6.0851029203934531e+03   6.4534778256609898e+03
  -2.4016902652483292e+04  -2.0357258413555246e+04  -4.5935836910222033e+03  -1.5207697800002081e+04  -1.1119142637517714e+04  -4.3660907144588546e+03  -6.0828510109916188e+03   6.4558606237503409e+03
  -2.4015706146628803e+04  -2.0358086799492088e+04  -4.5938953684604339e+03  -1.5207579882085782e+04  -1.1118770425127754e+04  -4.3683602636485230e+03  -6.0805988513654074e+03   6.4582435340726106e+03
  -2.4014509363954956e+04  -2.0358914842803104e+04  -4.5942070965644607e+03  -1.5207462124583799e+04  -1.1118398373060549e+04  -4.3706299570206629e+03  -6.0783464415567041e+03   6.4606265565697877e+03
  -2.4013312304512856e+04  -2.0359742543495344e+04  -4.5945188753806269e+03  -1.5207344527493742e+04  -1.1118026481293720e+04  -4.3728997945259416e+03  -6.0760937816074147e+03   6.4630096911838737e+03
  -2.4012114968353639e+04  -2.0360569901575804e+04  -4.5948307049552859e+03  -1.5207227090813132e+04  -1.1117654749804909e+04  -4.3751697761150208e+03  -6.0738408715594633e+03   6.4653929378568382e+03
  -2.4010917355528472e+04  -2.0361396917051545e+04  -4.5951425853347728e+03  -1.5207109814539537e+04  -1.1117283178571723e+04  -4.3774399017385449e+03  -6.0715877114547711e+03   6.4677762965306656e+03
  -2.4009719466088503e+04  -2.0362223589929621e+04  -4.5954545165654336e+03  -1.5206992698670492e+04  -1.1116911767571757e+04  -4.3797101713471457e+03  -6.0693343013352942e+03   6.4701597671473173e+03
  -2.4008521300084896e+04  -2.0363049920217094e+04  -4.5957664986936015e+03  -1.5206875743203533e+04  -1.1116540516782612e+04  -4.3819805848914684e+03  -6.0670806412429774e+03   6.4725433496487549e+03
  -2.4007322857568815e+04  -2.0363875907921029e+04  -4.5960785317656109e+03  -1.5206758948136150e+04  -1.1116169426181865e+04  -4.3842511423221204e+03  -6.0648267312197895e+03   6.4749270439769298e+03
  -2.4006124138591469e+04  -2.0364701553048541e+04  -4.5963906158277878e+03  -1.5206642313465880e+04  -1.1115798495747091e+04  -4.3865218435897241e+03  -6.0625725713077145e+03   6.4773108500737835e+03
  -2.4004925143204026e+04  -2.0365526855606728e+04  -4.5967027509264572e+03  -1.5206525839190175e+04  -1.1115427725455833e+04  -4.3887926886448777e+03  -6.0603181615487392e+03   6.4796947678812576e+03
  -2.4003725871457686e+04  -2.0366351815602717e+04  -4.5970149371079397e+03  -1.5206409525306537e+04  -1.1115057115285654e+04  -4.3910636774381792e+03  -6.0580635019848787e+03   6.4820787973412771e+03
  -2.4002526323403676e+04  -2.0367176433043624e+04  -4.5973271744185558e+03  -1.5206293371812419e+04  -1.1114686665214076e+04  -4.3933348099202121e+03  -6.0558085926581398e+03   6.4844629383957645e+03
  -2.4001326499093200e+04  -2.0368000707936601e+04  -4.5976394629046117e+03  -1.5206177378705290e+04  -1.1114316375218630e+04  -4.3956060860415546e+03  -6.0535534336105584e+03   6.4868471909866239e+03
  -2.4000126398577479e+04  -2.0368824640288811e+04  -4.5979518026124224e+03  -1.5206061545982568e+04  -1.1113946245276826e+04  -4.3978775057527746e+03  -6.0512980248841750e+03   6.4892315550557723e+03
  -2.3998926021907755e+04  -2.0369648230107414e+04  -4.5982641935882866e+03  -1.5205945873641693e+04  -1.1113576275366158e+04  -4.4001490690044338e+03  -6.0490423665210483e+03   6.4916160305451085e+03
  -2.3997725369135263e+04  -2.0370471477399613e+04  -4.5985766358785113e+03  -1.5205830361680084e+04  -1.1113206465464133e+04  -4.4024207757470758e+03  -6.0467864585632387e+03   6.4940006173965148e+03
  -2.3996524440311267e+04  -2.0371294382172582e+04  -4.5988891295293943e+03  -1.5205715010095144e+04  -1.1112836815548213e+04  -4.4046926259312513e+03  -6.0445303010528351e+03   6.4963853155518773e+03
  -2.3995323235487009e+04  -2.0372116944433539e+04  -4.5992016745872234e+03  -1.5205599818884259e+04  -1.1112467325595871e+04  -4.4069646195074874e+03  -6.0422738940319205e+03   6.4987701249530701e+03
  -2.3994121754713771e+04  -2.0372939164189709e+04  -4.5995142710982936e+03  -1.5205484788044812e+04  -1.1112097995584558e+04  -4.4092367564263122e+03  -6.0400172375426027e+03   6.5011550455419647e+03
  -2.3992919998042824e+04  -2.0373761041448328e+04  -4.5998269191088930e+03  -1.5205369917574168e+04  -1.1111728825491735e+04  -4.4115090366382346e+03  -6.0377603316269997e+03   6.5035400772604162e+03
  -2.3991717965525459e+04  -2.0374582576216642e+04  -4.6001396186652955e+03  -1.5205255207469694e+04  -1.1111359815294820e+04  -4.4137814600937627e+03  -6.0355031763272391e+03   6.5059252200502760e+03
  -2.3990515657212960e+04  -2.0375403768501903e+04  -4.6004523698137891e+03  -1.5205140657728727e+04  -1.1110990964971230e+04  -4.4160540267434008e+03  -6.0332457716854660e+03   6.5083104738533948e+03
  -2.3989313073156623e+04  -2.0376224618311400e+04  -4.6007651726006379e+03  -1.5205026268348587e+04  -1.1110622274498392e+04  -4.4183267365376287e+03  -6.0309881177438283e+03   6.5106958386116057e+03
  -2.3988110213407785e+04  -2.0377045125652428e+04  -4.6010780270721243e+03  -1.5204912039326604e+04  -1.1110253743853695e+04  -4.4205995894269290e+03  -6.0287302145445019e+03   6.5130813142667366e+03
  -2.3986907078017743e+04  -2.0377865290532260e+04  -4.6013909332745061e+03  -1.5204797970660084e+04  -1.1109885373014527e+04  -4.4228725853617752e+03  -6.0264720621296610e+03   6.5154669007606099e+03
  -2.3985703667037815e+04  -2.0378685112958225e+04  -4.6017038912540484e+03  -1.5204684062346325e+04  -1.1109517161958280e+04  -4.4251457242926263e+03  -6.0242136605414935e+03   6.5178525980350487e+03
  -2.3984499980519377e+04  -2.0379504592937625e+04  -4.6020169010570116e+03  -1.5204570314382585e+04  -1.1109149110662296e+04  -4.4274190061699392e+03  -6.0219550098222107e+03   6.5202384060318373e+03
  -2.3983296018513738e+04  -2.0380323730477849e+04  -4.6023299627296492e+03  -1.5204456726766179e+04  -1.1108781219103952e+04  -4.4296924309441492e+03  -6.0196961100140234e+03   6.5226243246927952e+03
  -2.3982091781072264e+04  -2.0381142525586198e+04  -4.6026430763182125e+03  -1.5204343299494318e+04  -1.1108413487260561e+04  -4.4319659985657017e+03  -6.0174369611591601e+03   6.5250103539597112e+03
  -2.3980887268246297e+04  -2.0381960978270068e+04  -4.6029562418689484e+03  -1.5204230032564285e+04  -1.1108045915109487e+04  -4.4342397089850210e+03  -6.0151775632998670e+03   6.5273964937743558e+03
  -2.3979682480087242e+04  -2.0382779088536812e+04  -4.6032694594281056e+03  -1.5204116925973285e+04  -1.1107678502628027e+04  -4.4365135621525214e+03  -6.0129179164783900e+03   6.5297827440785204e+03
  -2.3978477416646463e+04  -2.0383596856393862e+04  -4.6035827290419202e+03  -1.5204003979718558e+04  -1.1107311249793509e+04  -4.4387875580186146e+03  -6.0106580207370043e+03   6.5321691048139637e+03
  -2.3977272077975333e+04  -2.0384414281848563e+04  -4.6038960507566271e+03  -1.5203891193797304e+04  -1.1106944156583217e+04  -4.4410616965337003e+03  -6.0083978761179842e+03   6.5345555759224517e+03
  -2.3976066464125262e+04  -2.0385231364908384e+04  -4.6042094246184552e+03  -1.5203778568206732e+04  -1.1106577222974445e+04  -4.4433359776481757e+03  -6.0061374826636156e+03   6.5369421573457339e+03
  -2.3974860575147646e+04  -2.0386048105580725e+04  -4.6045228506736366e+03  -1.5203666102944013e+04  -1.1106210448944463e+04  -4.4456104013124113e+03  -6.0038768404162074e+03   6.5393288490255600e+03
  -2.3973654411093910e+04  -2.0386864503873028e+04  -4.6048363289683939e+03  -1.5203553798006318e+04  -1.1105843834470539e+04  -4.4478849674767889e+03  -6.0016159494180765e+03   6.5417156509036640e+03
  -2.3972447972015456e+04  -2.0387680559792760e+04  -4.6051498595489493e+03  -1.5203441653390824e+04  -1.1105477379529922e+04  -4.4501596760916691e+03  -5.9993548097115463e+03   6.5441025629217784e+03
  -2.3971241257963731e+04  -2.0388496273347377e+04  -4.6054634424615197e+03  -1.5203329669094664e+04  -1.1105111084099866e+04  -4.4524345271074162e+03  -5.9970934213389546e+03   6.5464895850216244e+03
  -2.3970034268990166e+04  -2.0389311644544367e+04  -4.6057770777523156e+03  -1.5203217845114987e+04  -1.1104744948157579e+04  -4.4547095204743719e+03  -5.9948317843426667e+03   6.5488767171449199e+03
  -2.3968827005146206e+04  -2.0390126673391245e+04  -4.6060907654675402e+03  -1.5203106181448900e+04  -1.1104378971680297e+04  -4.4569846561428703e+03  -5.9925698987650339e+03   6.5512639592333690e+03
  -2.3967619466483306e+04  -2.0390941359895482e+04  -4.6064045056534096e+03  -1.5202994678093530e+04  -1.1104013154645221e+04  -4.4592599340632460e+03  -5.9903077646484417e+03   6.5536513112286775e+03
  -2.3966411653052928e+04  -2.0391755704064606e+04  -4.6067182983561161e+03  -1.5202883335045970e+04  -1.1103647497029560e+04  -4.4615353541858221e+03  -5.9880453820352777e+03   6.5560387730725333e+03
  -2.3965203564906555e+04  -2.0392569705906160e+04  -4.6070321436218592e+03  -1.5202772152303312e+04  -1.1103281998810478e+04  -4.4638109164609059e+03  -5.9857827509679437e+03   6.5584263447066196e+03
  -2.3963995202095655e+04  -2.0393383365427682e+04  -4.6073460414968295e+03  -1.5202661129862623e+04  -1.1102916659965162e+04  -4.4660866208388034e+03  -5.9835198714888520e+03   6.5608140260726195e+03
  -2.3962786564671711e+04  -2.0394196682636739e+04  -4.6076599920272174e+03  -1.5202550267720977e+04  -1.1102551480470769e+04  -4.4683624672698097e+03  -5.9812567436404343e+03   6.5632018171121999e+03
  -2.3961577652686239e+04  -2.0395009657540890e+04  -4.6079739952592145e+03  -1.5202439565875415e+04  -1.1102186460304458e+04  -4.4706384557042084e+03  -5.9789933674651302e+03   6.5655897177670213e+03
  -2.3960368466190721e+04  -2.0395822290147727e+04  -4.6082880512389875e+03  -1.5202329024322973e+04  -1.1101821599443367e+04  -4.4729145860922754e+03  -5.9767297430053895e+03   6.5679777279787413e+03
  -2.3959159005236688e+04  -2.0396634580464852e+04  -4.6086021600127251e+03  -1.5202218643060689e+04  -1.1101456897864615e+04  -4.4751908583842815e+03  -5.9744658703036757e+03   6.5703658476890087e+03
  -2.3957949269875688e+04  -2.0397446528499855e+04  -4.6089163216265997e+03  -1.5202108422085572e+04  -1.1101092355545337e+04  -4.4774672725304854e+03  -5.9722017494024640e+03   6.5727540768394574e+03
  -2.3956739260159193e+04  -2.0398258134260388e+04  -4.6092305361267772e+03  -1.5201998361394626e+04  -1.1100727972462622e+04  -4.4797438284811369e+03  -5.9699373803442486e+03   6.5751424153717244e+03
  -2.3955528976138772e+04  -2.0399069397754047e+04  -4.6095448035594245e+03  -1.5201888460984834e+04  -1.1100363748593580e+04  -4.4820205261864776e+03  -5.9676727631715266e+03   6.5775308632274282e+03
  -2.3954318417865983e+04  -2.0399880318988544e+04  -4.6098591239707002e+03  -1.5201778720853188e+04  -1.1099999683915279e+04  -4.4842973655967417e+03  -5.9654078979268170e+03   6.5799194203481939e+03
  -2.3953107585392368e+04  -2.0400690897971472e+04  -4.6101734974067649e+03  -1.5201669140996644e+04  -1.1099635778404809e+04  -4.4865743466621525e+03  -5.9631427846526367e+03   6.5823080866756245e+03
  -2.3951896478769500e+04  -2.0401501134710536e+04  -4.6104879239137781e+03  -1.5201559721412148e+04  -1.1099272032039215e+04  -4.4888514693329234e+03  -5.9608774233915292e+03   6.5846968621513261e+03
  -2.3950685098048947e+04  -2.0402311029213426e+04  -4.6108024035378758e+03  -1.5201450462096656e+04  -1.1098908444795567e+04  -4.4911287335592642e+03  -5.9586118141860470e+03   6.5870857467168844e+03
  -2.3949473443282292e+04  -2.0403120581487849e+04  -4.6111169363252156e+03  -1.5201341363047088e+04  -1.1098545016650887e+04  -4.4934061392913673e+03  -5.9563459570787545e+03   6.5894747403139027e+03
  -2.3948261514521117e+04  -2.0403929791541490e+04  -4.6114315223219355e+03  -1.5201232424260370e+04  -1.1098181747582206e+04  -4.4956836864794286e+03  -5.9540798521122197e+03   6.5918638428839440e+03
  -2.3947049311817045e+04  -2.0404738659382103e+04  -4.6117461615741713e+03  -1.5201123645733391e+04  -1.1097818637566541e+04  -4.4979613750736280e+03  -5.9518134993290378e+03   6.5942530543685871e+03
  -2.3945836835221649e+04  -2.0405547185017414e+04  -4.6120608541280599e+03  -1.5201015027463054e+04  -1.1097455686580903e+04  -4.5002392050241260e+03  -5.9495468987718086e+03   6.5966423747093968e+03
  -2.3944624084786567e+04  -2.0406355368455184e+04  -4.6123756000297290e+03  -1.5200906569446244e+04  -1.1097092894602278e+04  -4.5025171762811033e+03  -5.9472800504831403e+03   6.5990318038479245e+03
  -2.3943411060563434e+04  -2.0407163209703158e+04  -4.6126903993253027e+03  -1.5200798271679811e+04  -1.1096730261607658e+04  -4.5047952887946967e+03  -5.9450129545056616e+03   6.6014213417257242e+03
  -2.3942197762603835e+04  -2.0407970708769131e+04  -4.6130052520609106e+03  -1.5200690134160643e+04  -1.1096367787574005e+04  -4.5070735425150615e+03  -5.9427456108820097e+03   6.6038109882843373e+03
  -2.3940984190959462e+04  -2.0408777865660908e+04  -4.6133201582826623e+03  -1.5200582156885543e+04  -1.1096005472478277e+04  -4.5093519373923300e+03  -5.9404780196548290e+03   6.6062007434652969e+03
  -2.3939770345681933e+04  -2.0409584680386262e+04  -4.6136351180366819e+03  -1.5200474339851378e+04  -1.1095643316297432e+04  -4.5116304733766310e+03  -5.9382101808667921e+03   6.6085906072101288e+03
  -2.3938556226822908e+04  -2.0410391152953034e+04  -4.6139501313690707e+03  -1.5200366683054943e+04  -1.1095281319008413e+04  -4.5139091504180842e+03  -5.9359420945605589e+03   6.6109805794603499e+03
  -2.3937341834434079e+04  -2.0411197283369027e+04  -4.6142651983259357e+03  -1.5200259186493073e+04  -1.1094919480588129e+04  -4.5161879684667974e+03  -5.9336737607788300e+03   6.6133706601574768e+03
  -2.3936127168567087e+04  -2.0412003071642106e+04  -4.6145803189533863e+03  -1.5200151850162531e+04  -1.1094557801013512e+04  -4.5184669274728749e+03  -5.9314051795642972e+03   6.6157608492430054e+03
  -2.3934912229273632e+04  -2.0412808517780115e+04  -4.6148954932975148e+03  -1.5200044674060124e+04  -1.1094196280261454e+04  -4.5207460273864044e+03  -5.9291363509596758e+03   6.6181511466584425e+03
  -2.3933697016605413e+04  -2.0413613621790926e+04  -4.6152107214044163e+03  -1.5199937658182600e+04  -1.1093834918308850e+04  -4.5230252681574748e+03  -5.9268672750076839e+03   6.6205415523452721e+03
  -2.3932481530614110e+04  -2.0414418383682420e+04  -4.6155260033201830e+03  -1.5199830802526747e+04  -1.1093473715132586e+04  -4.5253046497361565e+03  -5.9245979517510605e+03   6.6229320662449727e+03
  -2.3931265771351427e+04  -2.0415222803462490e+04  -4.6158413390908963e+03  -1.5199724107089285e+04  -1.1093112670709528e+04  -4.5275841720725221e+03  -5.9223283812325599e+03   6.6253226882990230e+03
  -2.3930049738869111e+04  -2.0416026881139042e+04  -4.6161567287626422e+03  -1.5199617571866964e+04  -1.1092751785016542e+04  -4.5298638351166237e+03  -5.9200585634949339e+03   6.6277134184488859e+03
  -2.3928833433218850e+04  -2.0416830616719995e+04  -4.6164721723815037e+03  -1.5199511196856500e+04  -1.1092391058030469e+04  -4.5321436388185120e+03  -5.9177884985809605e+03   6.6301042566360256e+03
  -2.3927616854452397e+04  -2.0417634010213282e+04  -4.6167876699935496e+03  -1.5199404982054604e+04  -1.1092030489728148e+04  -4.5344235831282267e+03  -5.9155181865334216e+03   6.6324952028018834e+03
  -2.3926400002621496e+04  -2.0418437061626857e+04  -4.6171032216448493e+03  -1.5199298927457972e+04  -1.1091670080086404e+04  -4.5367036679958001e+03  -5.9132476273951197e+03   6.6348862568879167e+03
  -2.3925182877777890e+04  -2.0419239770968670e+04  -4.6174188273814734e+03  -1.5199193033063293e+04  -1.1091309829082053e+04  -4.5389838933712535e+03  -5.9109768212088620e+03   6.6372774188355497e+03
  -2.3923965479973343e+04  -2.0420042138246692e+04  -4.6177344872494841e+03  -1.5199087298867234e+04  -1.1090949736691900e+04  -4.5412642592046013e+03  -5.9087057680174739e+03   6.6396686885862173e+03
  -2.3922747809259599e+04  -2.0420844163468893e+04  -4.6180502012949355e+03  -1.5198981724866460e+04  -1.1090589802892728e+04  -4.5435447654458458e+03  -5.9064344678637854e+03   6.6420600660813379e+03
  -2.3921529865688462e+04  -2.0421645846643311e+04  -4.6183659695638871e+03  -1.5198876311057638e+04  -1.1090230027661322e+04  -4.5458254120449910e+03  -5.9041629207906462e+03   6.6444515512623339e+03
  -2.3920311649311705e+04  -2.0422447187777929e+04  -4.6186817921023849e+03  -1.5198771057437361e+04  -1.1089870410974458e+04  -4.5481061989520176e+03  -5.9018911268409202e+03   6.6468431440706017e+03
  -2.3919093160181110e+04  -2.0423248186880755e+04  -4.6189976689564810e+03  -1.5198665964002299e+04  -1.1089510952808887e+04  -4.5503871261169043e+03  -5.8996190860574725e+03   6.6492348444475429e+03
  -2.3917874398348496e+04  -2.0424048843959852e+04  -4.6193136001722150e+03  -1.5198561030749039e+04  -1.1089151653141351e+04  -4.5526681934896251e+03  -5.8973467984831859e+03   6.6516266523345521e+03
  -2.3916655363865662e+04  -2.0424849159023244e+04  -4.6196295857956202e+03  -1.5198456257674196e+04  -1.1088792511948601e+04  -4.5549494010201379e+03  -5.8950742641609595e+03   6.6540185676730107e+03
  -2.3915436056784416e+04  -2.0425649132079012e+04  -4.6199456258727432e+03  -1.5198351644774337e+04  -1.1088433529207356e+04  -4.5572307486583995e+03  -5.8928014831337068e+03   6.6564105904042981e+03
  -2.3914216477156584e+04  -2.0426448763135224e+04  -4.6202617204496028e+03  -1.5198247192046061e+04  -1.1088074704894319e+04  -4.5595122363543524e+03  -5.8905284554443469e+03   6.6588027204697801e+03
  -2.3912996625034019e+04  -2.0427248052199975e+04  -4.6205778695722292e+03  -1.5198142899485918e+04  -1.1087716038986195e+04  -4.5617938640579287e+03  -5.8882551811358098e+03   6.6611949578108197e+03
  -2.3911776500468528e+04  -2.0428046999281363e+04  -4.6208940732866504e+03  -1.5198038767090473e+04  -1.1087357531459693e+04  -4.5640756317190571e+03  -5.8859816602510400e+03   6.6635873023687727e+03
  -2.3910556103512001e+04  -2.0428845604387468e+04  -4.6212103316388775e+03  -1.5197934794856235e+04  -1.1086999182291471e+04  -4.5663575392876583e+03  -5.8837078928330020e+03   6.6659797540849859e+03
  -2.3909335434216278e+04  -2.0429643867526473e+04  -4.6215266446749283e+03  -1.5197830982779762e+04  -1.1086640991458209e+04  -4.5686395867136353e+03  -5.8814338789246585e+03   6.6683723129007913e+03
  -2.3908114492633220e+04  -2.0430441788706470e+04  -4.6218430124408114e+03  -1.5197727330857570e+04  -1.1086282958936556e+04  -4.5709217739468950e+03  -5.8791596185689978e+03   6.6707649787575301e+03
  -2.3906893278814692e+04  -2.0431239367935639e+04  -4.6221594349825364e+03  -1.5197623839086144e+04  -1.1085925084703158e+04  -4.5732041009373252e+03  -5.8768851118090142e+03   6.6731577515965228e+03
  -2.3905671792812613e+04  -2.0432036605222111e+04  -4.6224759123461035e+03  -1.5197520507461979e+04  -1.1085567368734668e+04  -4.5754865676348099e+03  -5.8746103586877098e+03   6.6755506313590859e+03
  -2.3904450034678859e+04  -2.0432833500574121e+04  -4.6227924445775107e+03  -1.5197417335981569e+04  -1.1085209811007684e+04  -4.5777691739892234e+03  -5.8723353592481108e+03   6.6779436179865315e+03
  -2.3903228004465316e+04  -2.0433630053999805e+04  -4.6231090317227499e+03  -1.5197314324641347e+04  -1.1084852411498838e+04  -4.5800519199504306e+03  -5.8700601135332454e+03   6.6803367114201583e+03
  -2.3902005702223905e+04  -2.0434426265507384e+04  -4.6234256738278182e+03  -1.5197211473437805e+04  -1.1084495170184726e+04  -4.5823348054682901e+03  -5.8677846215861591e+03   6.6827299116012600e+03
  -2.3900783128006529e+04  -2.0435222135105083e+04  -4.6237423709386940e+03  -1.5197108782367362e+04  -1.1084138087041931e+04  -4.5846178304926452e+03  -5.8655088834499056e+03   6.6851232184711280e+03
  -2.3899560281865142e+04  -2.0436017662801121e+04  -4.6240591231013659e+03  -1.5197006251426457e+04  -1.1083781162047040e+04  -4.5869009949733418e+03  -5.8632328991675549e+03   6.6875166319710415e+03
  -2.3898337163851651e+04  -2.0436812848603753e+04  -4.6243759303618099e+03  -1.5196903880611502e+04  -1.1083424395176611e+04  -4.5891842988602093e+03  -5.8609566687821925e+03   6.6899101520422673e+03
  -2.3897113774018013e+04  -2.0437607692521189e+04  -4.6246927927659963e+03  -1.5196801669918907e+04  -1.1083067786407217e+04  -4.5914677421030656e+03  -5.8586801923369057e+03   6.6923037786260802e+03
  -2.3895890112416168e+04  -2.0438402194561764e+04  -4.6250097103598991e+03  -1.5196699619345060e+04  -1.1082711335715388e+04  -4.5937513246517265e+03  -5.8564034698748046e+03   6.6946975116637277e+03
  -2.3894666179098080e+04  -2.0439196354733715e+04  -4.6253266831894871e+03  -1.5196597728886347e+04  -1.1082355043077665e+04  -4.5960350464559970e+03  -5.8541265014390019e+03   6.6970913510964619e+03
  -2.3893441974115707e+04  -2.0439990173045349e+04  -4.6256437113007169e+03  -1.5196495998539142e+04  -1.1081998908470568e+04  -4.5983189074656748e+03  -5.8518492870726323e+03   6.6994852968655305e+03
  -2.3892217497521044e+04  -2.0440783649504949e+04  -4.6259607947395434e+03  -1.5196394428299789e+04  -1.1081642931870609e+04  -4.6006029076305440e+03  -5.8495718268188384e+03   6.7018793489121645e+03
  -2.3890992749366047e+04  -2.0441576784120873e+04  -4.6262779335519317e+03  -1.5196293018164648e+04  -1.1081287113254293e+04  -4.6028870469003832e+03  -5.8472941207207714e+03   6.7042735071775905e+03
  -2.3889767729702726e+04  -2.0442369576901441e+04  -4.6265951277838221e+03  -1.5196191768130031e+04  -1.1080931452598106e+04  -4.6051713252249665e+03  -5.8450161688215994e+03   6.7066677716030308e+03
  -2.3888542438583092e+04  -2.0443162027854985e+04  -4.6269123774811624e+03  -1.5196090678192279e+04  -1.1080575949878525e+04  -4.6074557425540515e+03  -5.8427379711645035e+03   6.7090621421297001e+03
  -2.3887316876059122e+04  -2.0443954136989854e+04  -4.6272296826898973e+03  -1.5195989748347694e+04  -1.1080220605072021e+04  -4.6097402988373906e+03  -5.8404595277926783e+03   6.7114566186987968e+03
  -2.3886091042182859e+04  -2.0444745904314448e+04  -4.6275470434559611e+03  -1.5195888978592564e+04  -1.1079865418155050e+04  -4.6120249940247322e+03  -5.8381808387493174e+03   6.7138512012515330e+03
  -2.3884864937006307e+04  -2.0445537329837141e+04  -4.6278644598252895e+03  -1.5195788368923180e+04  -1.1079510389104045e+04  -4.6143098280658050e+03  -5.8359019040776420e+03   6.7162458897290826e+03
  -2.3883638560581523e+04  -2.0446328413566309e+04  -4.6281819318438093e+03  -1.5195687919335813e+04  -1.1079155517895453e+04  -4.6165948009103395e+03  -5.8336227238208876e+03   6.7186406840726395e+03
  -2.3882411912960531e+04  -2.0447119155510380e+04  -4.6284994595574472e+03  -1.5195587629826719e+04  -1.1078800804505692e+04  -4.6188799125080513e+03  -5.8313432980222888e+03   6.7210355842233748e+03
  -2.3881184994195391e+04  -2.0447909555677779e+04  -4.6288170430121272e+03  -1.5195487500392148e+04  -1.1078446248911172e+04  -4.6211651628086547e+03  -5.8290636267250939e+03   6.7234305901224643e+03
  -2.3879957804338155e+04  -2.0448699614076930e+04  -4.6291346822537589e+03  -1.5195387531028342e+04  -1.1078091851088295e+04  -4.6234505517618436e+03  -5.8267837099725748e+03   6.7258257017110600e+03
  -2.3878730343440875e+04  -2.0449489330716286e+04  -4.6294523773282654e+03  -1.5195287721731513e+04  -1.1077737611013443e+04  -4.6257360793173129e+03  -5.8245035478080063e+03   6.7282209189303185e+03
  -2.3877502611555661e+04  -2.0450278705604302e+04  -4.6297701282815488e+03  -1.5195188072497869e+04  -1.1077383528663004e+04  -4.6280217454247468e+03  -5.8222231402746820e+03   6.7306162417213836e+03
  -2.3876274608734566e+04  -2.0451067738749469e+04  -4.6300879351595167e+03  -1.5195088583323624e+04  -1.1077029604013336e+04  -4.6303075500338200e+03  -5.8199424874158985e+03   6.7330116700254048e+03
  -2.3875046335029707e+04  -2.0451856430160235e+04  -4.6304057980080715e+03  -1.5194989254204949e+04  -1.1076675837040804e+04  -4.6325934930941958e+03  -5.8176615892749714e+03   6.7354072037834985e+03
  -2.3873817790493147e+04  -2.0452644779845152e+04  -4.6307237168731017e+03  -1.5194890085138022e+04  -1.1076322227721736e+04  -4.6348795745555299e+03  -5.8153804458952345e+03   6.7378028429367969e+03
  -2.3872588975177019e+04  -2.0453432787812686e+04  -4.6310416918005094e+03  -1.5194791076119023e+04  -1.1075968776032483e+04  -4.6371657943674772e+03  -5.8130990573200115e+03   6.7401985874264219e+03
  -2.3871359889133448e+04  -2.0454220454071394e+04  -4.6313597228361814e+03  -1.5194692227144078e+04  -1.1075615481949353e+04  -4.6394521524796728e+03  -5.8108174235926708e+03   6.7425944371934711e+03
  -2.3870130532414532e+04  -2.0455007778629792e+04  -4.6316778100259990e+03  -1.5194593538209330e+04  -1.1075262345448664e+04  -4.6417386488417515e+03  -5.8085355447565616e+03   6.7449903921790528e+03
  -2.3868900905072420e+04  -2.0455794761496443e+04  -4.6319959534158425e+03  -1.5194495009310916e+04  -1.1074909366506714e+04  -4.6440252834033308e+03  -5.8062534208550651e+03   6.7473864523242628e+03
  -2.3867671007159250e+04  -2.0456581402679920e+04  -4.6323141530515923e+03  -1.5194396640444937e+04  -1.1074556545099784e+04  -4.6463120561140304e+03  -5.8039710519315713e+03   6.7497826175701875e+03
  -2.3866440838727172e+04  -2.0457367702188767e+04  -4.6326324089791151e+03  -1.5194298431607500e+04  -1.1074203881204163e+04  -4.6485989669234514e+03  -5.8016884380294787e+03   6.7521788878579036e+03
  -2.3865210399828346e+04  -2.0458153660031610e+04  -4.6329507212442841e+03  -1.5194200382794696e+04  -1.1073851374796113e+04  -4.6508860157811932e+03  -5.7994055791921992e+03   6.7545752631284895e+03
  -2.3863979690514934e+04  -2.0458939276217025e+04  -4.6332690898929613e+03  -1.5194102494002593e+04  -1.1073499025851885e+04  -4.6531732026368418e+03  -5.7971224754631539e+03   6.7569717433229998e+03
  -2.3862748710839107e+04  -2.0459724550753628e+04  -4.6335875149710037e+03  -1.5194004765227270e+04  -1.1073146834347717e+04  -4.6554605274399773e+03  -5.7948391268857877e+03   6.7593683283825039e+03
  -2.3861517460853047e+04  -2.0460509483650072e+04  -4.6339059965242732e+03  -1.5193907196464768e+04  -1.1072794800259862e+04  -4.6577479901401703e+03  -5.7925555335035369e+03   6.7617650182480465e+03
  -2.3860285940608956e+04  -2.0461294074914975e+04  -4.6342245345986166e+03  -1.5193809787711130e+04  -1.1072442923564528e+04  -4.6600355906869836e+03  -5.7902716953598774e+03   6.7641618128606724e+03
  -2.3859054150159016e+04  -2.0462078324556995e+04  -4.6345431292398807e+03  -1.5193712538962382e+04  -1.1072091204237919e+04  -4.6623233290299677e+03  -5.7879876124982766e+03   6.7665587121614135e+03
  -2.3857822089555448e+04  -2.0462862232584805e+04  -4.6348617804939122e+03  -1.5193615450214555e+04  -1.1071739642256236e+04  -4.6646112051186747e+03  -5.7857032849622155e+03   6.7689557160913000e+03
  -2.3856589758850459e+04  -2.0463645799007081e+04  -4.6351804884065486e+03  -1.5193518521463631e+04  -1.1071388237595682e+04  -4.6668992189026312e+03  -5.7834187127951973e+03   6.7713528245913567e+03
  -2.3855357158096282e+04  -2.0464429023832505e+04  -4.6354992530236241e+03  -1.5193421752705610e+04  -1.1071036990232413e+04  -4.6691873703313731e+03  -5.7811338960407365e+03   6.7737500376025928e+03
  -2.3854124287345134e+04  -2.0465211907069795e+04  -4.6358180743909752e+03  -1.5193325143936489e+04  -1.1070685900142615e+04  -4.6714756593544171e+03  -5.7788488347423445e+03   6.7761473550660130e+03
  -2.3852891146649261e+04  -2.0465994448727659e+04  -4.6361369525544187e+03  -1.5193228695152202e+04  -1.1070334967302426e+04  -4.6737640859212679e+03  -5.7765635289435650e+03   6.7785447769226248e+03
  -2.3851657736060915e+04  -2.0466776648814834e+04  -4.6364558875597832e+03  -1.5193132406348737e+04  -1.1069984191688001e+04  -4.6760526499814378e+03  -5.7742779786879391e+03   6.7809423031134093e+03
  -2.3850424055632349e+04  -2.0467558507340073e+04  -4.6367748794528898e+03  -1.5193036277522007e+04  -1.1069633573275452e+04  -4.6783413514844087e+03  -5.7719921840190291e+03   6.7833399335793592e+03
  -2.3849190105415833e+04  -2.0468340024312110e+04  -4.6370939282795471e+03  -1.5192940308667963e+04  -1.1069283112040919e+04  -4.6806301903796721e+03  -5.7697061449804060e+03   6.7857376682614458e+03
  -2.3847955885463649e+04  -2.0469121199739737e+04  -4.6374130340855700e+03  -1.5192844499782528e+04  -1.1068932807960517e+04  -4.6829191666167017e+03  -5.7674198616156555e+03   6.7881355071006428e+03
  -2.3846721395828044e+04  -2.0469902033631726e+04  -4.6377321969167633e+03  -1.5192748850861595e+04  -1.1068582661010323e+04  -4.6852082801449660e+03  -5.7651333339683706e+03   6.7905334500379049e+03
  -2.3845486636561334e+04  -2.0470682525996872e+04  -4.6380514168189275e+03  -1.5192653361901064e+04  -1.1068232671166448e+04  -4.6874975309139209e+03  -5.7628465620821571e+03   6.7929314970141941e+03
  -2.3844251607715825e+04  -2.0471462676843981e+04  -4.6383706938378627e+03  -1.5192558032896815e+04  -1.1067882838404943e+04  -4.6897869188730192e+03  -5.7605595460006389e+03   6.7953296479704586e+03
  -2.3843016309343780e+04  -2.0472242486181865e+04  -4.6386900280193613e+03  -1.5192462863844716e+04  -1.1067533162701895e+04  -4.6920764439717032e+03  -5.7582722857674507e+03   6.7977279028476323e+03
  -2.3841780741497561e+04  -2.0473021954019372e+04  -4.6390094194092117e+03  -1.5192367854740634e+04  -1.1067183644033350e+04  -4.6943661061594012e+03  -5.7559847814262303e+03   6.8001262615866608e+03
  -2.3840544904229471e+04  -2.0473801080365356e+04  -4.6393288680532023e+03  -1.5192273005580406e+04  -1.1066834282375350e+04  -4.6966559053855399e+03  -5.7536970330206377e+03   6.8025247241284551e+03
  -2.3839308797591821e+04  -2.0474579865228650e+04  -4.6396483739971081e+03  -1.5192178316359867e+04  -1.1066485077703928e+04  -4.6989458415995396e+03  -5.7514090405943471e+03   6.8049232904139426e+03
  -2.3838072421636978e+04  -2.0475358308618157e+04  -4.6399679372867167e+03  -1.5192083787074844e+04  -1.1066136029995099e+04  -4.7012359147507977e+03  -5.7491208041910368e+03   6.8073219603840271e+03
  -2.3836835776417272e+04  -2.0476136410542731e+04  -4.6402875579677893e+03  -1.5191989417721134e+04  -1.1065787139224882e+04  -4.7035261247887229e+03  -5.7468323238543926e+03   6.8097207339796178e+03
  -2.3835598861985087e+04  -2.0476914171011285e+04  -4.6406072360861026e+03  -1.5191895208294549e+04  -1.1065438405369270e+04  -4.7058164716626952e+03  -5.7445435996281312e+03   6.8121196111416120e+03
  -2.3834361678392754e+04  -2.0477691590032737e+04  -4.6409269716874178e+03  -1.5191801158790866e+04  -1.1065089828404252e+04  -4.7081069553220996e+03  -5.7422546315559639e+03   6.8145185918108964e+03
  -2.3833124225692667e+04  -2.0478468667615994e+04  -4.6412467648174970e+03  -1.5191707269205859e+04  -1.1064741408305807e+04  -4.7103975757163162e+03  -5.7399654196816227e+03   6.8169176759283473e+03
  -2.3831886503937174e+04  -2.0479245403770012e+04  -4.6415666155220915e+03  -1.5191613539535292e+04  -1.1064393145049895e+04  -4.7126883327946989e+03  -5.7376759640488535e+03   6.8193168634348531e+03
  -2.3830648513178690e+04  -2.0480021798503723e+04  -4.6418865238469634e+03  -1.5191519969774901e+04  -1.1064045038612463e+04  -4.7149792265066053e+03  -5.7353862647014066e+03   6.8217161542712684e+03
  -2.3829410253469588e+04  -2.0480797851826090e+04  -4.6422064898378503e+03  -1.5191426559920448e+04  -1.1063697088969469e+04  -4.7172702568013874e+03  -5.7330963216830487e+03   6.8241155483784569e+03
  -2.3828171724862303e+04  -2.0481573563746093e+04  -4.6425265135404998e+03  -1.5191333309967627e+04  -1.1063349296096843e+04  -4.7195614236283800e+03  -5.7308061350375547e+03   6.8265150456972715e+03
  -2.3826932927409234e+04  -2.0482348934272726e+04  -4.6428465950006530e+03  -1.5191240219912170e+04  -1.1063001659970498e+04  -4.7218527269369069e+03  -5.7285157048087294e+03   6.8289146461685605e+03
  -2.3825693861162792e+04  -2.0483123963414990e+04  -4.6431667342640376e+03  -1.5191147289749764e+04  -1.1062654180566340e+04  -4.7241441666763003e+03  -5.7262250310403615e+03   6.8313143497331566e+03
  -2.3824454526175425e+04  -2.0483898651181866e+04  -4.6434869313763984e+03  -1.5191054519476109e+04  -1.1062306857860278e+04  -4.7264357427958621e+03  -5.7239341137762749e+03   6.8337141563318919e+03
  -2.3823214922499534e+04  -2.0484672997582438e+04  -4.6438071863834539e+03  -1.5190961909086862e+04  -1.1061959691828193e+04  -4.7287274552449098e+03  -5.7216429530602982e+03   6.8361140659055982e+03
  -2.3821975050187604e+04  -2.0485447002625686e+04  -4.6441274993309225e+03  -1.5190869458577708e+04  -1.1061612682445966e+04  -4.7310193039727237e+03  -5.7193515489362635e+03   6.8385140783950774e+03
  -2.3820734909292063e+04  -2.0486220666320696e+04  -4.6444478702645292e+03  -1.5190777167944287e+04  -1.1061265829689455e+04  -4.7333112889286040e+03  -5.7170599014480285e+03   6.8409141937411487e+03
  -2.3819494499865388e+04  -2.0486993988676517e+04  -4.6447682992299870e+03  -1.5190685037182244e+04  -1.1060919133534522e+04  -4.7356034100618181e+03  -5.7147680106394582e+03   6.8433144118846103e+03
  -2.3818253821960050e+04  -2.0487766969702257e+04  -4.6450887862730060e+03  -1.5190593066287198e+04  -1.1060572593956997e+04  -4.7378956673216371e+03  -5.7124758765544284e+03   6.8457147327662569e+03
  -2.3817012875628490e+04  -2.0488539609406966e+04  -4.6454093314392931e+03  -1.5190501255254767e+04  -1.1060226210932731e+04  -4.7401880606573295e+03  -5.7101834992368240e+03   6.8481151563268731e+03
  -2.3815771660923263e+04  -2.0489311907799765e+04  -4.6457299347745447e+03  -1.5190409604080556e+04  -1.1059879984437524e+04  -4.7424805900181427e+03  -5.7078908787305481e+03   6.8505156825072445e+03
  -2.3814530177896777e+04  -2.0490083864889773e+04  -4.6460505963244668e+03  -1.5190318112760144e+04  -1.1059533914447196e+04  -4.7447732553533224e+03  -5.7055980150795140e+03   6.8529163112481410e+03
  -2.3813288426601601e+04  -2.0490855480686118e+04  -4.6463713161347450e+03  -1.5190226781289117e+04  -1.1059188000937549e+04  -4.7470660566121014e+03  -5.7033049083276492e+03   6.8553170424903228e+03
  -2.3812046407090245e+04  -2.0491626755197925e+04  -4.6466920942510733e+03  -1.5190135609663057e+04  -1.1058842243884363e+04  -4.7493589937437100e+03  -5.7010115585188887e+03   6.8577178761745599e+03
  -2.3810804119415174e+04  -2.0492397688434376e+04  -4.6470129307191319e+03  -1.5190044597877491e+04  -1.1058496643263417e+04  -4.7516520666973638e+03  -5.6987179656971775e+03   6.8601188122415888e+03
  -2.3809561563628966e+04  -2.0493168280404629e+04  -4.6473338255846056e+03  -1.5189953745927978e+04  -1.1058151199050479e+04  -4.7539452754222721e+03  -5.6964241299064861e+03   6.8625198506321640e+03
  -2.3808318739784128e+04  -2.0493938531117863e+04  -4.6476547788931703e+03  -1.5189863053810042e+04  -1.1057805911221292e+04  -4.7562386198676413e+03  -5.6941300511907793e+03   6.8649209912870147e+03
  -2.3807075647933212e+04  -2.0494708440583250e+04  -4.6479757906904943e+03  -1.5189772521519197e+04  -1.1057460779751604e+04  -4.7585320999826581e+03  -5.6918357295940550e+03   6.8673222341468754e+03
  -2.3805832288128775e+04  -2.0495478008810031e+04  -4.6482968610222470e+03  -1.5189682149050950e+04  -1.1057115804617157e+04  -4.7608257157165090e+03  -5.6895411651602990e+03   6.8697235791524636e+03
  -2.3804588660423364e+04  -2.0496247235807401e+04  -4.6486179899340968e+03  -1.5189591936400795e+04  -1.1056770985793655e+04  -4.7631194670183713e+03  -5.6872463579335299e+03   6.8721250262444983e+03
  -2.3803344764869551e+04  -2.0497016121584591e+04  -4.6489391774716996e+03  -1.5189501883564224e+04  -1.1056426323256821e+04  -4.7654133538374062e+03  -5.6849513079577628e+03   6.8745265753636822e+03
  -2.3802100601519924e+04  -2.0497784666150856e+04  -4.6492604236807110e+03  -1.5189411990536679e+04  -1.1056081816982354e+04  -4.7677073761227803e+03  -5.6826560152770408e+03   6.8769282264507156e+03
  -2.3800856170427051e+04  -2.0498552869515464e+04  -4.6495817286067804e+03  -1.5189322257313645e+04  -1.1055737466945926e+04  -4.7700015338236371e+03  -5.6803604799354080e+03   6.8793299794462955e+03
  -2.3799611471643519e+04  -2.0499320731687658e+04  -4.6499030922955553e+03  -1.5189232683890556e+04  -1.1055393273123225e+04  -4.7722958268891207e+03  -5.6780647019769176e+03   6.8817318342911076e+03
  -2.3798366505221944e+04  -2.0500088252676735e+04  -4.6502245147926797e+03  -1.5189143270262835e+04  -1.1055049235489918e+04  -4.7745902552683638e+03  -5.6757686814456474e+03   6.8841337909258227e+03
  -2.3797121271214921e+04  -2.0500855432491986e+04  -4.6505459961437900e+03  -1.5189054016425906e+04  -1.1054705354021648e+04  -4.7768848189104920e+03  -5.6734724183856797e+03   6.8865358492911173e+03
  -2.3795875769675098e+04  -2.0501622271142722e+04  -4.6508675363945240e+03  -1.5188964922375191e+04  -1.1054361628694071e+04  -4.7791795177646190e+03  -5.6711759128411059e+03   6.8889380093276577e+03
  -2.3794630000655055e+04  -2.0502388768638270e+04  -4.6511891355905063e+03  -1.5188875988106063e+04  -1.1054018059482809e+04  -4.7814743517798524e+03  -5.6688791648560391e+03   6.8913402709760985e+03
  -2.3793383964207431e+04  -2.0503154924987950e+04  -4.6515107937773637e+03  -1.5188787213613919e+04  -1.1053674646363488e+04  -4.7837693209052932e+03  -5.6665821744745936e+03   6.8937426341770888e+03
  -2.3792137660384902e+04  -2.0503920740201134e+04  -4.6518325110007218e+03  -1.5188698598894141e+04  -1.1053331389311710e+04  -4.7860644250900277e+03  -5.6642849417409034e+03   6.8961450988712695e+03
  -2.3790891089240071e+04  -2.0504686214287147e+04  -4.6521542873061935e+03  -1.5188610143942062e+04  -1.1052988288303090e+04  -4.7883596642831380e+03  -5.6619874666991127e+03   6.8985476649992770e+03
  -2.3789644250825637e+04  -2.0505451347255388e+04  -4.6524761227393901e+03  -1.5188521848753051e+04  -1.1052645343313201e+04  -4.7906550384337033e+03  -5.6596897493933820e+03   6.9009503325017386e+03
