  -3.3041153800000004e+06
  -3.2977355000000000e+06
  -3.2913517500000000e+06
  -3.2849641499999999e+06
  -3.2785726800000002e+06
  -3.2721774199999999e+06
  -3.2657782600000002e+06
  -3.2593753200000003e+06
  -3.2529685899999999e+06
  -3.2465580899999999e+06
  -3.2401437999999998e+06
  -3.2337256900000004e+06
  -3.2273038200000003e+06
  -3.2208781800000002e+06
  -3.2144487900000000e+06
  -3.2080156400000001e+06
  -3.2015787399999998e+06
  -3.1951381999999997e+06
  -3.1886939699999997e+06
  -3.1822460200000000e+06
  -3.1757942999999998e+06
  -3.1693388900000001e+06
  -3.1628797900000000e+06
  -3.1564170400000000e+06
  -3.1499505300000003e+06
  -3.1434804100000001e+06
  -3.1370066099999999e+06
  -3.1305292100000000e+06
  -3.1240481399999997e+06
  -3.1175634600000000e+06
  -3.1110751799999997e+06
  -3.1045832500000000e+06
  -3.0980877300000000e+06
  -3.0915885899999999e+06
  -3.0850858199999998e+06
  -3.0785794900000002e+06
  -3.0720695800000001e+06
  -3.0655560899999999e+06
  -3.0590390900000003e+06
  -3.0525185000000000e+06
  -3.0459944099999997e+06
  -3.0394667900000000e+06
  -3.0329357000000002e+06
  -3.0264010499999998e+06
  -3.0198628399999999e+06
  -3.0133211099999999e+06
  -3.0067759099999997e+06
  -3.0002272400000002e+06
  -2.9936751800000002e+06
  -2.9871196100000003e+06
  -2.9805605700000003e+06
  -2.9739981099999999e+06
  -2.9674322100000000e+06
  -2.9608628500000001e+06
  -2.9542901200000001e+06
  -2.9477139699999997e+06
  -2.9411344199999999e+06
  -2.9345514699999997e+06
  -2.9279651499999999e+06
  -2.9213754600000004e+06
  -2.9147824300000002e+06
  -2.9081860099999998e+06
  -2.9015862000000002e+06
  -2.8949830700000003e+06
  -2.8883765699999998e+06
  -2.8817667700000000e+06
  -2.8751536400000001e+06
  -2.8685372799999998e+06
  -2.8619175700000003e+06
  -2.8552944900000002e+06
  -2.8486681299999999e+06
  -2.8420385500000003e+06
  -2.8354057100000000e+06
  -2.8287696299999999e+06
  -2.8221302700000000e+06
  -2.8154876200000001e+06
  -2.8088417100000000e+06
  -2.8021925600000001e+06
  -2.7955402300000000e+06
  -2.7888847599999998e+06
  -2.7822260600000001e+06
  -2.7755641400000001e+06
  -2.7688990800000001e+06
  -2.7622308799999999e+06
  -2.7555595100000002e+06
  -2.7488850200000000e+06
  -2.7422073500000001e+06
  -2.7355264800000000e+06
  -2.7288424399999999e+06
  -2.7221553300000001e+06
  -2.7154651699999999e+06
  -2.7087718700000001e+06
  -2.7020754299999997e+06
  -2.6953758799999999e+06
  -2.6886731599999997e+06
  -2.6819674500000002e+06
  -2.6752587600000002e+06
  -2.6685469899999998e+06
  -2.6618321899999999e+06
  -2.6551143000000003e+06
  -2.6483934399999999e+06
  -2.6416695200000000e+06
  -2.6349426299999999e+06
  -2.6282127500000000e+06
  -2.6214798999999999e+06
  -2.6147440200000000e+06
  -2.6080051400000001e+06
  -2.6012632900000000e+06
  -2.5945185099999998e+06
  -2.5877707399999998e+06
  -2.5810200799999996e+06
  -2.5742665000000000e+06
  -2.5675100200000000e+06
  -2.5607506199999996e+06
  -2.5539883700000001e+06
  -2.5472231800000002e+06
  -2.5404550400000000e+06
  -2.5336840400000000e+06
  -2.5269101400000001e+06
  -2.5201334000000004e+06
  -2.5133538400000003e+06
  -2.5065714200000004e+06
  -2.4997861299999999e+06
  -2.4929980700000003e+06
  -2.4862071500000004e+06
  -2.4794134500000002e+06
  -2.4726169800000000e+06
  -2.4658176499999999e+06
  -2.4590155899999999e+06
  -2.4522107500000000e+06
  -2.4454031499999999e+06
  -2.4385927599999998e+06
  -2.4317796600000001e+06
  -2.4249639199999999e+06
  -2.4181453799999999e+06
  -2.4113240500000003e+06
  -2.4045000300000003e+06
  -2.3976732699999996e+06
  -2.3908437800000003e+06
  -2.3840116299999999e+06
  -2.3771768100000001e+06
  -2.3703392800000003e+06
  -2.3634990899999999e+06
  -2.3566563299999996e+06
  -2.3498109100000001e+06
  -2.3429628200000003e+06
  -2.3361120999999996e+06
  -2.3292587800000003e+06
  -2.3224028400000003e+06
  -2.3155442800000003e+06
  -2.3086831099999999e+06
  -2.3018193999999999e+06
  -2.2949530400000000e+06
  -2.2880841899999999e+06
  -2.2812127599999998e+06
  -2.2743387899999996e+06
  -2.2674623200000003e+06
  -2.2605832599999998e+06
  -2.2537017100000000e+06
  -2.2468176099999999e+06
  -2.2399310200000000e+06
  -2.2330419299999997e+06
  -2.2261503599999999e+06
  -2.2192563599999999e+06
  -2.2123599100000001e+06
  -2.2054610099999998e+06
  -2.1985595800000001e+06
  -2.1916557400000002e+06
  -2.1847494299999997e+06
  -2.1778407200000002e+06
  -2.1709296699999999e+06
  -2.1640162100000000e+06
  -2.1571003900000001e+06
  -2.1501821599999997e+06
  -2.1432615000000000e+06
  -2.1363384500000002e+06
  -2.1294130300000003e+06
  -2.1224852599999998e+06
  -2.1155551400000001e+06
  -2.1086227500000000e+06
  -2.1016879899999998e+06
  -2.0947509300000002e+06
  -2.0878115200000003e+06
  -2.0808698300000001e+06
  -2.0739258799999999e+06
  -2.0669795700000001e+06
  -2.0600310000000000e+06
  -2.0530801700000002e+06
  -2.0461270300000000e+06
  -2.0391716300000001e+06
  -2.0322140500000000e+06
  -2.0252542300000000e+06
  -2.0182922000000002e+06
  -2.0113280999999999e+06
  -2.0043617800000000e+06
  -1.9973932100000000e+06
  -1.9904224200000002e+06
  -1.9834494700000000e+06
  -1.9764743000000000e+06
  -1.9694969399999999e+06
  -1.9625174500000000e+06
  -1.9555357899999998e+06
  -1.9485520600000001e+06
  -1.9415662300000000e+06
  -1.9345782600000000e+06
  -1.9275881899999999e+06
  -1.9205960200000000e+06
  -1.9136017800000000e+06
  -1.9066055000000000e+06
  -1.8996070900000001e+06
  -1.8926066900000002e+06
  -1.8856042300000000e+06
  -1.8785997200000000e+06
  -1.8715931700000002e+06
  -1.8645845500000000e+06
  -1.8575740100000000e+06
  -1.8505614299999999e+06
  -1.8435468499999999e+06
  -1.8365302800000000e+06
  -1.8295117000000000e+06
  -1.8224911899999999e+06
  -1.8154687500000000e+06
  -1.8084444199999999e+06
  -1.8014180899999999e+06
  -1.7943897900000000e+06
  -1.7873595100000000e+06
  -1.7803273200000001e+06
  -1.7732932300000000e+06
  -1.7662573400000001e+06
  -1.7592195000000000e+06
  -1.7521797200000002e+06
  -1.7451381100000001e+06
  -1.7380945799999998e+06
  -1.7310491699999999e+06
  -1.7240019299999999e+06
  -1.7169528900000001e+06
  -1.7099020300000000e+06
  -1.7028494000000001e+06
  -1.6957949399999999e+06
  -1.6887386899999999e+06
  -1.6816806899999999e+06
  -1.6746208500000001e+06
  -1.6675592500000000e+06
  -1.6604959700000000e+06
  -1.6534308499999999e+06
  -1.6463640400000000e+06
  -1.6392954900000000e+06
  -1.6322250899999999e+06
  -1.6251529900000000e+06
  -1.6180792100000002e+06
  -1.6110037800000000e+06
  -1.6039266899999999e+06
  -1.5968479800000000e+06
  -1.5897675799999998e+06
  -1.5826854900000000e+06
  -1.5756017700000000e+06
  -1.5685163800000001e+06
  -1.5614293000000000e+06
  -1.5543405900000001e+06
  -1.5472502999999998e+06
  -1.5401583800000001e+06
  -1.5330649299999999e+06
  -1.5259699000000001e+06
  -1.5188732500000000e+06
  -1.5117750600000001e+06
  -1.5046752600000000e+06
  -1.4975738300000001e+06
  -1.4904708900000001e+06
  -1.4833664100000001e+06
  -1.4762604399999999e+06
  -1.4691528599999999e+06
  -1.4620438200000001e+06
  -1.4549332100000000e+06
  -1.4478211200000001e+06
  -1.4407075299999998e+06
  -1.4335924900000000e+06
  -1.4264759200000002e+06
  -1.4193579299999999e+06
  -1.4122384800000000e+06
  -1.4051176000000001e+06
  -1.3979952500000000e+06
  -1.3908714900000000e+06
  -1.3837463700000001e+06
  -1.3766199099999999e+06
  -1.3694919700000000e+06
  -1.3623626200000001e+06
  -1.3552318399999999e+06
  -1.3480998099999998e+06
  -1.3409664800000000e+06
  -1.3338317500000000e+06
  -1.3266956199999999e+06
  -1.3195581899999999e+06
  -1.3124195299999998e+06
  -1.3052795600000001e+06
  -1.2981383200000001e+06
  -1.2909957300000000e+06
  -1.2838518200000001e+06
  -1.2767066299999999e+06
  -1.2695602000000000e+06
  -1.2624124800000000e+06
  -1.2552634800000000e+06
  -1.2481132900000000e+06
  -1.2409618399999999e+06
  -1.2338091500000001e+06
  -1.2266553300000001e+06
  -1.2195002600000000e+06
  -1.2123440400000000e+06
  -1.2051865200000000e+06
  -1.1980278200000001e+06
  -1.1908679199999999e+06
  -1.1837069200000002e+06
  -1.1765447600000000e+06
  -1.1693814099999999e+06
  -1.1622169800000000e+06
  -1.1550514700000002e+06
  -1.1478848599999999e+06
  -1.1407172300000000e+06
  -1.1335485100000000e+06
  -1.1263787100000000e+06
  -1.1192077900000000e+06
  -1.1120357899999998e+06
  -1.1048627800000000e+06
  -1.0976887000000000e+06
  -1.0905135499999998e+06
  -1.0833374100000001e+06
  -1.0761602600000000e+06
  -1.0689820700000001e+06
  -1.0618028300000001e+06
  -1.0546226400000001e+06
  -1.0474414700000000e+06
  -1.0402593500000001e+06
  -1.0330762999999999e+06
  -1.0258921900000001e+06
  -1.0187071000000000e+06
  -1.0115210300000000e+06
  -1.0043340699999999e+06
  -9.9714616000000003e+05
  -9.8995737999999989e+05
  -9.8276769999999995e+05
  -9.7557714000000001e+05
