   1.5226868071376592e+02
   1.5125532688216418e+02
   1.5024178338401853e+02
   1.4922805148990011e+02
   1.4821413247311179e+02
   1.4720002760763933e+02
   1.4618573816746851e+02
   1.4517126542658505e+02
   1.4415661065897470e+02
   1.4314177513862325e+02
   1.4212676013951648e+02
   1.4111156693564004e+02
   1.4009619680097975e+02
   1.3908065100939297e+02
   1.3806493083422319e+02
   1.3704903754868565e+02
   1.3603297242599550e+02
   1.3501673673936781e+02
   1.3400033176201788e+02
   1.3298375876716077e+02
   1.3196701902801166e+02
   1.3095011381778568e+02
   1.2993304440969803e+02
   1.2891581207772421e+02
   1.2789841809888119e+02
   1.2688086375094638e+02
   1.2586315031169707e+02
   1.2484527905891065e+02
   1.2382725127036444e+02
   1.2280906822383584e+02
   1.2179073119710218e+02
   1.2077224146794079e+02
   1.1975360031412903e+02
   1.1873480901337503e+02
   1.1771586884310990e+02
   1.1669678108069556e+02
   1.1567754700349383e+02
   1.1465816788886667e+02
   1.1363864501417591e+02
   1.1261897965678347e+02
   1.1159917309405122e+02
   1.1057922660334106e+02
   1.0955914146201484e+02
   1.0853891894797009e+02
   1.0751856034124668e+02
   1.0649806692242012e+02
   1.0547743997206592e+02
   1.0445668077075959e+02
   1.0343579059907658e+02
   1.0241477073759243e+02
   1.0139362246688265e+02
   1.0037234706752270e+02
   9.9350945820088114e+01
   9.8329420005156805e+01
   9.7307770903316339e+01
   9.6285999795156741e+01
   9.5264107961267996e+01
   9.4242096682240074e+01
   9.3219967238663045e+01
   9.2197720911126865e+01
   9.1175358980221532e+01
   9.0152882726537044e+01
   8.9130293430663428e+01
   8.8107592373429668e+01
   8.7084780836620808e+01
   8.6061860102260866e+01
   8.5038831452373884e+01
   8.4015696168983894e+01
   8.2992455534114939e+01
   8.1969110829791049e+01
   8.0945663338036240e+01
   7.9922114340874586e+01
   7.8898465120330087e+01
   7.7874716958840366e+01
   7.6850871140497333e+01
   7.5826928949806444e+01
   7.4802891671273201e+01
   7.3778760589403078e+01
   7.2754536988701545e+01
   7.1730222153674077e+01
   7.0705817368826175e+01
   6.9681323918663296e+01
   6.8656743087690941e+01
   6.7632076160177490e+01
   6.6607324419443060e+01
   6.5582489148570687e+01
   6.4557571630643423e+01
   6.3532573148744262e+01
   6.2507494985956264e+01
   6.1482338425362450e+01
   6.0457104750045850e+01
   5.9431795243089525e+01
   5.8406411187576474e+01
   5.7380953867052668e+01
   5.6355424566915737e+01
   5.5329824573026244e+01
   5.4304155171244737e+01
   5.3278417647431787e+01
   5.2252613287447936e+01
   5.1226743377153745e+01
   5.0200809202409779e+01
   4.9174812049076586e+01
   4.8148753203014728e+01
   4.7122633949904724e+01
   4.6096455574706972e+01
   4.5070219362201833e+01
   4.4043926597169673e+01
   4.3017578564390845e+01
   4.1991176548645711e+01
   4.0964721834714638e+01
   3.9938215707377985e+01
   3.8911659451416114e+01
   3.7885054351609391e+01
   3.6858401693037699e+01
   3.5831702761979052e+01
   3.4804958845010994e+01
   3.3778171228711066e+01
   3.2751341199656807e+01
   3.1724470044425765e+01
   3.0697559049595476e+01
   2.9670609501743485e+01
   2.8643622687447330e+01
   2.7616599893284558e+01
   2.6589542405856591e+01
   2.5562451511860402e+01
   2.4535328498016842e+01
   2.3508174651046769e+01
   2.2480991257671032e+01
   2.1453779604610492e+01
   2.0426540978586004e+01
   1.9399276666318414e+01
   1.8371987954528588e+01
   1.7344676129937369e+01
   1.6317342478997791e+01
   1.5289988287091580e+01
   1.4262614839332636e+01
   1.3235223420834860e+01
   1.2207815316712146e+01
   1.1180391812078399e+01
   1.0152954192047519e+01
   9.1255037417334020e+00
   8.0980417462499528e+00
   7.0705694907110663e+00
   6.0430882606979281e+00
   5.0155993436608570e+00
   3.9881040275174517e+00
   2.9606036001853155e+00
   1.9330993495820503e+00
   9.0559256362525598e-01
  -1.2191546976746395e-01
  -1.1494234626785109e+00
  -2.1769301271902823e+00
  -3.2044341753851766e+00
  -4.2319343198129538e+00
  -5.2594292748928186e+00
  -6.2869177555113369e+00
  -7.3143984765550760e+00
  -8.3418701529105999e+00
  -9.3693314994644830e+00
  -1.0396781231103279e+01
  -1.1424218062713566e+01
  -1.2451640709181904e+01
  -1.3479047885394861e+01
  -1.4506438305971544e+01
  -1.5533810684461219e+01
  -1.6561163734145694e+01
  -1.7588496168306783e+01
  -1.8615806700226287e+01
  -1.9643094043186014e+01
  -2.0670356910467778e+01
  -2.1697594015353381e+01
  -2.2724804071124630e+01
  -2.3751985791063341e+01
  -2.4779137888732460e+01
  -2.5806259078819537e+01
  -2.6833348076293255e+01
  -2.7860403596122310e+01
  -2.8887424353275382e+01
  -2.9914409062721170e+01
  -3.0941356439428361e+01
  -3.1968265198365639e+01
  -3.2995134054501698e+01
  -3.4021961722805223e+01
  -3.5048746918245833e+01
  -3.6075488355796793e+01
  -3.7102184750432322e+01
  -3.8128834817126609e+01
  -3.9155437270853874e+01
  -4.0181990826588297e+01
  -4.1208494199304091e+01
  -4.2234946103975460e+01
  -4.3261345255576607e+01
  -4.4287690369081723e+01
  -4.5313980159592937e+01
  -4.6340213342724098e+01
  -4.7366388634216960e+01
  -4.8392504749813277e+01
  -4.9418560405254816e+01
  -5.0444554316283337e+01
  -5.1470485198640603e+01
  -5.2496351768068372e+01
  -5.3522152740308407e+01
  -5.4547886831102453e+01
  -5.5573552756421989e+01
  -5.6599149233157185e+01
  -5.7624674978427947e+01
  -5.8650128709354156e+01
  -5.9675509143055685e+01
  -6.0700814996652440e+01
  -6.1726044987264302e+01
  -6.2751197832011151e+01
  -6.3776272248012880e+01
  -6.4801266952389369e+01
  -6.5826180662308417e+01
  -6.6851012095129349e+01
  -6.7875759968259445e+01
  -6.8900422999105956e+01
  -6.9924999905076135e+01
  -7.0949489403577232e+01
  -7.1973890212016499e+01
  -7.2998201047801203e+01
  -7.4022420628338580e+01
  -7.5046547671035896e+01
  -7.6070580893721342e+01
  -7.7094519015906997e+01
  -7.8118360757525792e+01
  -7.9142104838510761e+01
  -8.0165749978794864e+01
  -8.1189294898311104e+01
  -8.2212738316992457e+01
  -8.3236078954771941e+01
  -8.4259315531582516e+01
  -8.5282446767357186e+01
  -8.6305471381993300e+01
  -8.7328388095245515e+01
  -8.8351195626832933e+01
  -8.9373892696474599e+01
  -9.0396478023889529e+01
  -9.1418950328796825e+01
  -9.2441308330915504e+01
  -9.3463550749964639e+01
  -9.4485676305663276e+01
  -9.5507683717730458e+01
  -9.6529571706360784e+01
  -9.7551338993651029e+01
  -9.8572984302173495e+01
  -9.9594506354500510e+01
  -1.0061590387320436e+02
  -1.0163717558085735e+02
  -1.0265832020003180e+02
  -1.0367933645330002e+02
  -1.0470022306323433e+02
  -1.0572097875240701e+02
  -1.0674160224360331e+02
  -1.0776209226046004e+02
  -1.0878244752682697e+02
  -1.0980266676655387e+02
  -1.1082274870349046e+02
  -1.1184269206148652e+02
  -1.1286249556439179e+02
  -1.1388215793605603e+02
  -1.1490167790032898e+02
  -1.1592105418106038e+02
  -1.1694028550229490e+02
  -1.1795937058885656e+02
  -1.1897830816576435e+02
  -1.1999709695803719e+02
  -1.2101573569069403e+02
  -1.2203422308875381e+02
  -1.2305255787723547e+02
  -1.2407073878115798e+02
  -1.2508876452554026e+02
  -1.2610663383540127e+02
  -1.2712434543630921e+02
  -1.2814189805602945e+02
  -1.2915929042287658e+02
  -1.3017652126516521e+02
  -1.3119358931120996e+02
  -1.3221049328932548e+02
  -1.3322723192782630e+02
  -1.3424380395502715e+02
  -1.3526020809924253e+02
  -1.3627644308878712e+02
  -1.3729250765211083e+02
  -1.3830840051820482e+02
  -1.3932412041619560e+02
  -1.4033966607520966e+02
  -1.4135503622437344e+02
  -1.4237022959281347e+02
  -1.4338524490965619e+02
  -1.4440008090402816e+02
  -1.4541473630505575e+02
  -1.4642920984186554e+02
  -1.4744350024414513e+02
  -1.4845760624382669e+02
  -1.4947152657340348e+02
  -1.5048525996536884e+02
  -1.5149880515221608e+02
  -1.5251216086643851e+02
  -1.5352532584052938e+02
  -1.5453829880698206e+02
  -1.5555107849828980e+02
  -1.5656366364694597e+02
  -1.5757605298572528e+02
  -1.5858824524852858e+02
  -1.5960023916953801e+02
  -1.6061203348293586e+02
  -1.6162362692290441e+02
  -1.6263501822362582e+02
  -1.6364620611928237e+02
  -1.6465718934405629e+02
  -1.6566796663212986e+02
  -1.6667853671768526e+02
  -1.6768889833540450e+02
  -1.6869905022196841e+02
  -1.6970899111455759e+02
  -1.7071871975035265e+02
  -1.7172823486653414e+02
  -1.7273753520028262e+02
  -1.7374661948877872e+02
  -1.7475548646920302e+02
  -1.7576413487873612e+02
  -1.7677256345455854e+02
  -1.7778077093435707e+02
  -1.7878875605784293e+02
  -1.7979651756523356e+02
  -1.8080405419674634e+02
  -1.8181136469259863e+02
  -1.8281844779300792e+02
  -1.8382530223819154e+02
  -1.8483192676836694e+02
  -1.8583832012375149e+02
  -1.8684448104456260e+02
  -1.8785040827135518e+02
  -1.8885610054603427e+02
  -1.8986155661084234e+02
  -1.9086677520802198e+02
  -1.9187175507981567e+02
  -1.9287649496846595e+02
  -1.9388099361621531e+02
