  -3.3041162447834308e+03
  -3.2977363429681623e+03
  -3.2913525859000001e+03
  -3.2849649818165453e+03
  -3.2785735389924162e+03
  -3.2721782657114873e+03
  -3.2657791702576324e+03
  -3.2593762609147252e+03
  -3.2529695459666400e+03
  -3.2465590336972514e+03
  -3.2401447323904322e+03
  -3.2337266503300571e+03
  -3.2273047957999997e+03
  -3.2208791770908156e+03
  -3.2144498025197818e+03
  -3.2080166804108580e+03
  -3.2015798190880028e+03
  -3.1951392268751742e+03
  -3.1886949120963322e+03
  -3.1822468830754347e+03
  -3.1757951481364412e+03
  -3.1693397156033097e+03
  -3.1628805938000000e+03
  -3.1564177910574922e+03
  -3.1499513157348551e+03
  -3.1434811761981800e+03
  -3.1370073808135567e+03
  -3.1305299379470766e+03
  -3.1240488559648311e+03
  -3.1175641432329094e+03
  -3.1110758081174031e+03
  -3.1045838589844034e+03
  -3.0980883042000000e+03
  -3.0915891521370158e+03
  -3.0850864111951973e+03
  -3.0785800897810227e+03
  -3.0720701963009706e+03
  -3.0655567391615177e+03
  -3.0590397267691446e+03
  -3.0525191675303281e+03
  -3.0459950698515463e+03
  -3.0394674421392774e+03
  -3.0329362928000000e+03
  -3.0264016302468449e+03
  -3.0198634629195567e+03
  -3.0133217992645300e+03
  -3.0067766477281630e+03
  -3.0002280167568506e+03
  -2.9936759147969906e+03
  -2.9871203502949793e+03
  -2.9805613316972126e+03
  -2.9739988674500873e+03
  -2.9674329659999999e+03
  -2.9608636357997038e+03
  -2.9542908853273775e+03
  -2.9477147230675569e+03
  -2.9411351575047788e+03
  -2.9345521971235785e+03
  -2.9279658504084919e+03
  -2.9213761258440550e+03
  -2.9147830319148034e+03
  -2.9081865771052730e+03
  -2.9015867699000000e+03
  -2.8949836187897413e+03
  -2.8883771322901353e+03
  -2.8817673189230422e+03
  -2.8751541872103230e+03
  -2.8685377456738361e+03
  -2.8619180028354426e+03
  -2.8552949672170021e+03
  -2.8486686473403752e+03
  -2.8420390517274213e+03
  -2.8354061889000000e+03
  -2.8287700673860327e+03
  -2.8221306957376828e+03
  -2.8154880825131740e+03
  -2.8088422362707315e+03
  -2.8021931655685776e+03
  -2.7955408789649382e+03
  -2.7888853850180362e+03
  -2.7822266922860972e+03
  -2.7755648093273435e+03
  -2.7688997447000002e+03
  -2.7622315069681281e+03
  -2.7555601047191335e+03
  -2.7488855465462607e+03
  -2.7422078410427530e+03
  -2.7355269968018533e+03
  -2.7288430224168055e+03
  -2.7221559264808525e+03
  -2.7154657175872380e+03
  -2.7087724043292064e+03
  -2.7020759953000002e+03
  -2.6953764990985555e+03
  -2.6886739243465831e+03
  -2.6819682796714828e+03
  -2.6752595737006582e+03
  -2.6685478150615099e+03
  -2.6618330123814417e+03
  -2.6551151742878542e+03
  -2.6483943094081501e+03
  -2.6416704263697311e+03
  -2.6349435337999998e+03
  -2.6282136403318486e+03
  -2.6214807546201355e+03
  -2.6147448853252076e+03
  -2.6080060411074151e+03
  -2.6012642306271059e+03
  -2.5945194625446279e+03
  -2.5877717455203297e+03
  -2.5810210882145598e+03
  -2.5742674992876673e+03
  -2.5675109874000000e+03
  -2.5607515612171487e+03
  -2.5539892294256756e+03
  -2.5472240007173846e+03
  -2.5404558837840805e+03
  -2.5336848873175663e+03
  -2.5269110200096466e+03
  -2.5201342905521265e+03
  -2.5133547076368086e+03
  -2.5065722799554983e+03
  -2.4997870161999999e+03
  -2.4929989250672552e+03
  -2.4862080152747612e+03
  -2.4794142955451525e+03
  -2.4726177746010635e+03
  -2.4658184611651295e+03
  -2.4590163639599855e+03
  -2.4522114917082658e+03
  -2.4454038531326046e+03
  -2.4385934569556384e+03
  -2.4317803119000000e+03
  -2.4249644266933292e+03
  -2.4181458100832788e+03
  -2.4113244708225052e+03
  -2.4045004176636648e+03
  -2.3976736593594151e+03
  -2.3908442046624118e+03
  -2.3840120623253119e+03
  -2.3771772411007723e+03
  -2.3703397497414494e+03
  -2.3634995970000000e+03
  -2.3566567916337276e+03
  -2.3498113424185240e+03
  -2.3429632581349274e+03
  -2.3361125475634772e+03
  -2.3292592194847107e+03
  -2.3224032826791681e+03
  -2.3155447459273869e+03
  -2.3086836180099058e+03
  -2.3018199077072641e+03
  -2.2949536238000001e+03
  -2.2880847750733606e+03
  -2.2812133703314262e+03
  -2.2743394183829860e+03
  -2.2674629280368285e+03
  -2.2605839081017425e+03
  -2.2537023673865174e+03
  -2.2468183146999418e+03
  -2.2399317588508047e+03
  -2.2330427086478944e+03
  -2.2261511729000003e+03
  -2.2192571604202308e+03
  -2.2123606800389716e+03
  -2.2054617405909294e+03
  -2.1985603509108105e+03
  -2.1916565198333192e+03
  -2.1847502561931628e+03
  -2.1778415688250470e+03
  -2.1709304665636769e+03
  -2.1640169582437593e+03
  -2.1571010526999999e+03
  -2.1501827587714183e+03
  -2.1432620853142876e+03
  -2.1363390411891960e+03
  -2.1294136352567316e+03
  -2.1224858763774805e+03
  -2.1155557734120312e+03
  -2.1086233352209711e+03
  -2.1016885706648873e+03
  -2.0947514886043678e+03
  -2.0878120979000000e+03
  -2.0808704074162974e+03
  -2.0739264260334776e+03
  -2.0669801626356852e+03
  -2.0600316261070648e+03
  -2.0530808253317587e+03
  -2.0461277691939122e+03
  -2.0391724665776692e+03
  -2.0322149263671731e+03
  -2.0252551574465688e+03
  -2.0182931687000000e+03
  -2.0113289690155927e+03
  -2.0043625672974010e+03
  -1.9973939724534616e+03
  -1.9904231933918109e+03
  -1.9834502390204850e+03
  -1.9764751182475202e+03
  -1.9694978399809529e+03
  -1.9625184131288195e+03
  -1.9555368465991564e+03
  -1.9485531493000001e+03
  -1.9415673301429324e+03
  -1.9345793980537183e+03
  -1.9275893619616681e+03
  -1.9205972307960926e+03
  -1.9136030134863024e+03
  -1.9066067189616081e+03
  -1.8996083561513201e+03
  -1.8926079339847490e+03
  -1.8856054613912054e+03
  -1.8786009472999999e+03
  -1.8715944006439784e+03
  -1.8645858303701266e+03
  -1.8575752454289664e+03
  -1.8505626547710187e+03
  -1.8435480673468055e+03
  -1.8365314921068477e+03
  -1.8295129380016670e+03
  -1.8224924139817847e+03
  -1.8154699289977218e+03
  -1.8084454920000001e+03
  -1.8014191119423547e+03
  -1.7943907977913755e+03
  -1.7873605585168668e+03
  -1.7803284030886321e+03
  -1.7732943404764753e+03
  -1.7662583796502008e+03
  -1.7592205295796120e+03
  -1.7521807992345130e+03
  -1.7451391975847077e+03
  -1.7380957335999999e+03
  -1.7310504162533034e+03
  -1.7240032545299714e+03
  -1.7169542574184670e+03
  -1.7099034339072532e+03
  -1.7028507929847926e+03
  -1.6957963436395491e+03
  -1.6887400948599848e+03
  -1.6816820556345633e+03
  -1.6746222349517473e+03
  -1.6675606418000002e+03
  -1.6604972851706316e+03
  -1.6534321740663383e+03
  -1.6463653174926651e+03
  -1.6392967244551555e+03
  -1.6322264039593535e+03
  -1.6251543650108033e+03
  -1.6180806166150489e+03
  -1.6110051677776341e+03
  -1.6039280275041033e+03
  -1.5968492048000001e+03
  -1.5897687086735712e+03
  -1.5826865481438754e+03
  -1.5756027322326731e+03
  -1.5685172699617253e+03
  -1.5614301703527933e+03
  -1.5543414424276377e+03
  -1.5472510952080197e+03
  -1.5401591377157001e+03
  -1.5330655789724397e+03
  -1.5259704280000001e+03
  -1.5188736938226834e+03
  -1.5117753854749603e+03
  -1.5046755119938430e+03
  -1.4975740824163433e+03
  -1.4904711057794736e+03
  -1.4833665911202461e+03
  -1.4762605474756729e+03
  -1.4691529838827657e+03
  -1.4620439093785374e+03
  -1.4549333329999999e+03
  -1.4478212637864947e+03
  -1.4407077107866830e+03
  -1.4335926830515550e+03
  -1.4264761896321013e+03
  -1.4193582395793121e+03
  -1.4122388419441777e+03
  -1.4051180057776889e+03
  -1.3979957401308361e+03
  -1.3908720540546096e+03
  -1.3837469566000000e+03
  -1.3766204568200367e+03
  -1.3694925637759068e+03
  -1.3623632865308361e+03
  -1.3552326341480514e+03
  -1.3481006156907781e+03
  -1.3409672402222425e+03
  -1.3338325168056706e+03
  -1.3266964545042890e+03
  -1.3195590623813234e+03
  -1.3124203494999999e+03
  -1.3052803249256581e+03
  -1.2981389977320896e+03
  -1.2909963769951996e+03
  -1.2838524717908936e+03
  -1.2767072911950759e+03
  -1.2695608442836524e+03
  -1.2624131401325280e+03
  -1.2552641878176075e+03
  -1.2481139964147967e+03
  -1.2409625750000000e+03
  -1.2338099326507308e+03
  -1.2266560784509347e+03
  -1.2195010214861650e+03
  -1.2123447708419751e+03
  -1.2051873356039180e+03
  -1.1980287248575478e+03
  -1.1908689476884172e+03
  -1.1837080131820803e+03
  -1.1765459304240901e+03
  -1.1693827085000000e+03
  -1.1622183564970180e+03
  -1.1550528835089710e+03
  -1.1478862986313400e+03
  -1.1407186109596064e+03
  -1.1335498295892514e+03
  -1.1263799636157564e+03
  -1.1192090221346025e+03
  -1.1120370142412710e+03
  -1.1048639490312428e+03
  -1.0976898355999999e+03
  -1.0905146830443964e+03
  -1.0833385004667805e+03
  -1.0761612969708740e+03
  -1.0689830816603985e+03
  -1.0618038636390754e+03
  -1.0546236520106258e+03
  -1.0474424558787723e+03
  -1.0402602843472357e+03
  -1.0330771465197377e+03
  -1.0258930515000000e+03
  -1.0187080083928957e+03
  -1.0115220263079059e+03
  -1.0043351143556629e+03
  -9.9714728164679912e+02
  -9.8995853729194698e+02
  -9.8276889040173921e+02
  -9.7557835008680797e+02
