  -1.0537673094301545e+04  -6.5977256652900569e+03  -6.2468729230647086e+03  -2.1871496028520767e+04  -1.8889278714944765e+04  -2.1334864248400107e+04  -1.8066168275283144e+04  -2.2028097623543697e+04
  -1.0540510732306851e+04  -6.5947169862059345e+03  -6.2498491572268749e+03  -2.1871295999842023e+04  -1.8887620007077090e+04  -2.1335458894020310e+04  -1.8067884316282962e+04  -2.2028361287021351e+04
  -1.0543348145842077e+04  -6.5917081677624601e+03  -6.2528252607147451e+03  -2.1871095516516343e+04  -1.8885960903627078e+04  -2.1336053091688700e+04  -1.8069599953304889e+04  -2.2028624479657796e+04
  -1.0546185334846883e+04  -6.5886992100246744e+03  -6.2558012334684227e+03  -2.1870894578546278e+04  -1.8884301404626785e+04  -2.1336646841392470e+04  -1.8071315186306685e+04  -2.2028887201445970e+04
  -1.0549022299260971e+04  -6.5856901130576416e+03  -6.2587770754280036e+03  -2.1870693185934379e+04  -1.8882641510108238e+04  -2.1337240143118786e+04  -1.8073030015246150e+04  -2.2029149452378842e+04
  -1.0551859039024292e+04  -6.5826808769228110e+03  -6.2617527865266475e+03  -2.1870491338684507e+04  -1.8880981220108250e+04  -2.1337832996850673e+04  -1.8074744440086288e+04  -2.2029411232452840e+04
  -1.0554695554076548e+04  -6.5796715016852440e+03  -6.2647283667044603e+03  -2.1870289036799230e+04  -1.8879320534658877e+04  -2.1338425402575340e+04  -1.8076458460784914e+04  -2.2029672541660941e+04
  -1.0557531844357434e+04  -6.5766619874099933e+03  -6.2677038159015483e+03  -2.1870086280281168e+04  -1.8877659453792196e+04  -2.1339017360279980e+04  -1.8078172077299827e+04  -2.2029933379996146e+04
  -1.0560367909806955e+04  -6.5736523341585289e+03  -6.2706791340510745e+03  -2.1869883069134146e+04  -1.8875997977545059e+04  -2.1339608869947650e+04  -1.8079885289594076e+04  -2.2030193747454901e+04
  -1.0563203750364788e+04  -6.5706425419959151e+03  -6.2736543210931623e+03  -2.1869679403360813e+04  -1.8874336105949529e+04  -2.1340199931565585e+04  -1.8081598097625498e+04  -2.2030453644030236e+04
  -1.0566039365970671e+04  -6.5676326109872189e+03  -6.2766293769679169e+03  -2.1869475282963784e+04  -1.8872673839037725e+04  -2.1340790545121021e+04  -1.8083310501351913e+04  -2.2030713069715141e+04
  -1.0568874756564584e+04  -6.5646225411939131e+03  -6.2796043016085177e+03  -2.1869270707946958e+04  -1.8871011176846485e+04  -2.1341380710597041e+04  -1.8085022500736439e+04  -2.2030972024506151e+04
  -1.0571709922086269e+04  -6.5616123326810730e+03  -6.2825790949550828e+03  -2.1869065678312949e+04  -1.8869348119407929e+04  -2.1341970427980890e+04  -1.8086734095736876e+04  -2.2031230508396267e+04
  -1.0574544862475443e+04  -6.5586019855137720e+03  -6.2855537569477392e+03  -2.1868860194064437e+04  -1.8867684666754187e+04  -2.1342559697259829e+04  -1.8088445286311144e+04  -2.2031488521378575e+04
  -1.0577379577672116e+04  -6.5555914997534901e+03  -6.2885282875196654e+03  -2.1868654255205332e+04  -1.8866020818922134e+04  -2.1343148518416965e+04  -1.8090156072422302e+04  -2.2031746063449547e+04
  -1.0580214067616040e+04  -6.5525808754653062e+03  -6.2915026866109947e+03  -2.1868447861738310e+04  -1.8864356575943897e+04  -2.1343736891439628e+04  -1.8091866454028248e+04  -2.2032003134602313e+04
  -1.0583048332246946e+04  -6.5495701127143129e+03  -6.2944769541618589e+03  -2.1868241013666026e+04  -1.8862691937851640e+04  -2.1344324816315049e+04  -1.8093576431086873e+04  -2.2032259734829902e+04
  -1.0585882371504860e+04  -6.5465592115619902e+03  -6.2974510901054482e+03  -2.1868033710992462e+04  -1.8861026904682280e+04  -2.1344912293026362e+04  -1.8095286003561319e+04  -2.2032515864128909e+04
  -1.0588716185329458e+04  -6.5435481720746266e+03  -6.3004250943842108e+03  -2.1867825953719865e+04  -1.8859361476466376e+04  -2.1345499321562304e+04  -1.8096995171407751e+04  -2.2032771522491257e+04
  -1.0591549773660765e+04  -6.5405369943137221e+03  -6.3033989669313460e+03  -2.1867617741852224e+04  -1.8857695653240866e+04  -2.1346085901906026e+04  -1.8098703934589306e+04  -2.2033026709913538e+04
  -1.0594383136438444e+04  -6.5375256783455661e+03  -6.3063727076893192e+03  -2.1867409075391821e+04  -1.8856029435036355e+04  -2.1346672034046194e+04  -1.8100412293062174e+04  -2.2033281426387686e+04
  -1.0597216273602560e+04  -6.5345142242316588e+03  -6.3093463165913154e+03  -2.1867199954342657e+04  -1.8854362821889736e+04  -2.1347257717966062e+04  -1.8102120246789516e+04  -2.2033535671910340e+04
  -1.0600049185092872e+04  -6.5315026320371026e+03  -6.3123197935774888e+03  -2.1866990378707455e+04  -1.8852695813833252e+04  -2.1347842953652911e+04  -1.8103827795729285e+04  -2.2033789446474602e+04
  -1.0602881870849165e+04  -6.5284909018269900e+03  -6.3152931385879965e+03  -2.1866780348488941e+04  -1.8851028410899107e+04  -2.1348427741094114e+04  -1.8105534939839443e+04  -2.2034042750073644e+04
  -1.0605714330811501e+04  -6.5254790336628412e+03  -6.3182663515560453e+03  -2.1866569863691155e+04  -1.8849360613124252e+04  -2.1349012080272867e+04  -1.8107241679083174e+04  -2.2034295582704079e+04
  -1.0608546564919672e+04  -6.5224670276097559e+03  -6.3212394324217876e+03  -2.1866358924316861e+04  -1.8847692420540923e+04  -2.1349595971176572e+04  -1.8108948013418452e+04  -2.2034547944359096e+04
  -1.0611378573113439e+04  -6.5194548837328448e+03  -6.3242123811253878e+03  -2.1866147530368791e+04  -1.8846023833181334e+04  -2.1350179413792575e+04  -1.8110653942803267e+04  -2.2034799835031845e+04
  -1.0614210355332929e+04  -6.5164426020936262e+03  -6.3271851976000580e+03  -2.1865935681851050e+04  -1.8844354851082480e+04  -2.1350762408104132e+04  -1.8112359467200837e+04  -2.2035051254719012e+04
  -1.0617041911517908e+04  -6.5134301827572144e+03  -6.3301578817859681e+03  -2.1865723378766364e+04  -1.8842685474276615e+04  -2.1351344954098633e+04  -1.8114064586569148e+04  -2.2035302203413787e+04
  -1.0619873241608186e+04  -6.5104176257887248e+03  -6.3331304336232834e+03  -2.1865510621117563e+04  -1.8841015702796001e+04  -2.1351927051763472e+04  -1.8115769300866246e+04  -2.2035552681109373e+04
  -1.0622704345543880e+04  -6.5074049312496836e+03  -6.3361028530452322e+03  -2.1865297408908722e+04  -1.8839345536677625e+04  -2.1352508701081941e+04  -1.8117473610055338e+04  -2.2035802687802498e+04
  -1.0625535223264786e+04  -6.5043920992052163e+03  -6.3390751399919800e+03  -2.1865083742142640e+04  -1.8837674975953796e+04  -2.1353089902041440e+04  -1.8119177514094477e+04  -2.2036052223486317e+04
  -1.0628365874710720e+04  -6.5013791297204434e+03  -6.3420472944037074e+03  -2.1864869620822126e+04  -1.8836004020656768e+04  -2.1353670654629394e+04  -1.8120881012941700e+04  -2.2036301288154125e+04
  -1.0631196299821908e+04  -6.4983660228557064e+03  -6.3450193162113355e+03  -2.1864655044951782e+04  -1.8834332670825199e+04  -2.1354250958827750e+04  -1.8122584106562022e+04  -2.2036549881803821e+04
  -1.0634026498537869e+04  -6.4953527786797185e+03  -6.3479912053619864e+03  -2.1864440014533069e+04  -1.8832660926486587e+04  -2.1354830814628072e+04  -1.8124286794908261e+04  -2.2036798004425127e+04
  -1.0636856470798830e+04  -6.4923393972528293e+03  -6.3509629617865839e+03  -2.1864224529570627e+04  -1.8830988787679606e+04  -2.1355410222012324e+04  -1.8125989077945458e+04  -2.2037045656015980e+04
  -1.0639686216544533e+04  -6.4893258786413662e+03  -6.3539345854276353e+03  -2.1864008590066827e+04  -1.8829316254434976e+04  -2.1355989180969314e+04  -1.8127690955629951e+04  -2.2037292836568497e+04
  -1.0642515735715122e+04  -6.4863122229068831e+03  -6.3569060762183772e+03  -2.1863792196025843e+04  -1.8827643326789774e+04  -2.1356567691482403e+04  -1.8129392427925053e+04  -2.2037539546079443e+04
  -1.0645345028250447e+04  -6.4832984301145161e+03  -6.3598774340990067e+03  -2.1863575347450555e+04  -1.8825970004776325e+04  -2.1357145753539065e+04  -1.8131093494788860e+04  -2.2037785784542099e+04
  -1.0648174094090329e+04  -6.4802845003294024e+03  -6.3628486590097118e+03  -2.1863358044343822e+04  -1.8824296288426973e+04  -2.1357723367126833e+04  -1.8132794156179454e+04  -2.2038031551949822e+04
  -1.0651002933174947e+04  -6.4772704336131001e+03  -6.3658197508837575e+03  -2.1863140286709859e+04  -1.8822622177778827e+04  -2.1358300532229008e+04  -1.8134494412060179e+04  -2.2038276848299349e+04
  -1.0653831545444151e+04  -6.4742562300307573e+03  -6.3687907096613371e+03  -2.1862922074551530e+04  -1.8820947672864237e+04  -2.1358877248833141e+04  -1.8136194262389163e+04  -2.2038521673584040e+04
  -1.0656659930837812e+04  -6.4712418896475247e+03  -6.3717615352826524e+03  -2.1862703407871752e+04  -1.8819272773715544e+04  -2.1359453516926747e+04  -1.8137893707124527e+04  -2.2038766027797235e+04
  -1.0659488089296101e+04  -6.4682274125249569e+03  -6.3747322276809646e+03  -2.1862484286674764e+04  -1.8817597480369895e+04  -2.1360029336493215e+04  -1.8139592746229642e+04  -2.2039009910935747e+04
  -1.0662316020758883e+04  -6.4652127987282238e+03  -6.3777027867964835e+03  -2.1862264710963456e+04  -1.8815921792859666e+04  -2.1360604707520080e+04  -1.8141291379662664e+04  -2.2039253322992943e+04
  -1.0665143725166037e+04  -6.4621980483224697e+03  -6.3806732125694152e+03  -2.1862044680740775e+04  -1.8814245711217241e+04  -2.1361179629994906e+04  -1.8142989607381729e+04  -2.2039496263962188e+04
  -1.0667971202457757e+04  -6.4591831613692684e+03  -6.3836435049330394e+03  -2.1861824196010966e+04  -1.8812569235479787e+04  -2.1361754103901101e+04  -1.8144687429350237e+04  -2.2039738733840324e+04
  -1.0670798452573927e+04  -6.4561681379337879e+03  -6.3866136638275648e+03  -2.1861603256776980e+04  -1.8810892365679694e+04  -2.1362328129226225e+04  -1.8146384845526380e+04  -2.2039980732620777e+04
  -1.0673625475454439e+04  -6.4531529780811861e+03  -6.3895836891932167e+03  -2.1861381863041766e+04  -1.8809215101849371e+04  -2.1362901705957862e+04  -1.8148081855868317e+04  -2.2040222260296923e+04
  -1.0676452271039505e+04  -6.4501376818730487e+03  -6.3925535809632684e+03  -2.1861160014809619e+04  -1.8807537444026020e+04  -2.1363474834079472e+04  -1.8149778460339476e+04  -2.2040463316865636e+04
  -1.0679278839269007e+04  -6.4471222493745427e+03  -6.3955233390779422e+03  -2.1860937712083502e+04  -1.8805859392242030e+04  -2.1364047513578626e+04  -1.8151474658898063e+04  -2.2040703902320362e+04
  -1.0682105180082865e+04  -6.4441066806508416e+03  -6.3984929634774726e+03  -2.1860714954866406e+04  -1.8804180946529861e+04  -2.1364619744442949e+04  -1.8153170451502305e+04  -2.2040944016654514e+04
  -1.0684931293421292e+04  -6.4410909757635345e+03  -6.4014624540951390e+03  -2.1860491743162645e+04  -1.8802502106926713e+04  -2.1365191526655894e+04  -1.8154865838115598e+04  -2.2041183659865004e+04
  -1.0687757179224116e+04  -6.4380751347789883e+03  -6.4044318108734933e+03  -2.1860268076974760e+04  -1.8800822873463469e+04  -2.1365762860206491e+04  -1.8156560818694496e+04  -2.2041422831944161e+04
  -1.0690582837431557e+04  -6.4350591577588057e+03  -6.4074010337458258e+03  -2.1860043956307090e+04  -1.8799143246177318e+04  -2.1366333745078209e+04  -1.8158255393202409e+04  -2.2041661532888851e+04
  -1.0693408267983432e+04  -6.4320430447693598e+03  -6.4103701226546882e+03  -2.1859819381162233e+04  -1.8797463225099167e+04  -2.1366904181260077e+04  -1.8159949561595866e+04  -2.2041899762691468e+04
  -1.0696233470819983e+04  -6.4290267958722470e+03  -6.4133390775333819e+03  -2.1859594351544503e+04  -1.8795782810266242e+04  -2.1367474168735596e+04  -1.8161643323838362e+04  -2.2042137521348905e+04
  -1.0699058445881163e+04  -6.4260104111326655e+03  -6.4163078983221503e+03  -2.1859368867456978e+04  -1.8794102001711035e+04  -2.1368043707492452e+04  -1.8163336679888132e+04  -2.2042374808854685e+04
  -1.0701883193106880e+04  -6.4229938906157940e+03  -6.4192765849612333e+03  -2.1859142928902660e+04  -1.8792420799466039e+04  -2.1368612797518279e+04  -1.8165029629703473e+04  -2.2042611625202288e+04
  -1.0704707712437414e+04  -6.4199772343832446e+03  -6.4222451373839422e+03  -2.1858916535885961e+04  -1.8790739203568508e+04  -2.1369181438796644e+04  -1.8166722173247905e+04  -2.2042847970388706e+04
  -1.0707532003812719e+04  -6.4169604425002126e+03  -6.4252135555305304e+03  -2.1858689688409941e+04  -1.8789057214050979e+04  -2.1369749631315211e+04  -1.8168414310479682e+04  -2.2043083844407472e+04
  -1.0710356067172732e+04  -6.4139435150318986e+03  -6.4281818393412468e+03  -2.1858462386477659e+04  -1.8787374830945930e+04  -2.1370317375061699e+04  -1.8170106041357150e+04  -2.2043319247252119e+04
  -1.0713179902457730e+04  -6.4109264520399120e+03  -6.4311499887494128e+03  -2.1858234630093531e+04  -1.8785692054290688e+04  -2.1370884670019659e+04  -1.8171797365843824e+04  -2.2043554178919665e+04
  -1.0716003509607684e+04  -6.4079092535894633e+03  -6.4341180036952846e+03  -2.1858006419260648e+04  -1.8784008884117779e+04  -2.1371451516176792e+04  -1.8173488283898030e+04  -2.2043788639403643e+04
  -1.0718826888562548e+04  -6.4048919197457471e+03  -6.4370858841191239e+03  -2.1857777753982111e+04  -1.8782325320459724e+04  -2.1372017913520838e+04  -1.8175178795478096e+04  -2.2044022628697621e+04
  -1.0721650039262633e+04  -6.4018744505703999e+03  -6.4400536299542582e+03  -2.1857548634262359e+04  -1.8780641363353854e+04  -2.1372583862035419e+04  -1.8176868900547579e+04  -2.2044256146798645e+04
  -1.0724472961647904e+04  -6.3988568461286286e+03  -6.4430212411409520e+03  -2.1857319060104503e+04  -1.8778957012832736e+04  -2.1373149361708231e+04  -1.8178558599064847e+04  -2.2044489193700305e+04
  -1.0727295655658341e+04  -6.3958391064856387e+03  -6.4459887176194770e+03  -2.1857089031511670e+04  -1.8777272268928926e+04  -2.1373714412527050e+04  -1.8180247890988248e+04  -2.2044721769396187e+04
  -1.0730118121234254e+04  -6.3928212317030702e+03  -6.4489560593231663e+03  -2.1856858548488344e+04  -1.8775587131679775e+04  -2.1374279014475484e+04  -1.8181936776281382e+04  -2.2044953873883365e+04
  -1.0732940358315531e+04  -6.3898032218473272e+03  -6.4519232661946080e+03  -2.1856627611037195e+04  -1.8773901601116268e+04  -2.1374843167542680e+04  -1.8183625254900857e+04  -2.2045185507154307e+04
  -1.0735762366842484e+04  -6.3867850769800607e+03  -6.4548903381671398e+03  -2.1856396219162740e+04  -1.8772215677275770e+04  -2.1375406871712301e+04  -1.8185313326810316e+04  -2.2045416669206094e+04
  -1.0738584146755004e+04  -6.3837667971676738e+03  -6.4578572751833581e+03  -2.1856164372867675e+04  -1.8770529360189266e+04  -2.1375970126973491e+04  -1.8187000991966383e+04  -2.2045647360031213e+04
  -1.0741405697993425e+04  -6.3807483824718220e+03  -6.4608240771766114e+03  -2.1855932072156524e+04  -1.8768842649894174e+04  -2.1376532933309911e+04  -1.8188688250332707e+04  -2.2045877579626769e+04
  -1.0744227020497765e+04  -6.3777298329577279e+03  -6.4637907440871777e+03  -2.1855699317032457e+04  -1.8767155546423095e+04  -2.1377095290709378e+04  -1.8190375101867699e+04  -2.2046107327986418e+04
  -1.0747048114208028e+04  -6.3747111486906160e+03  -6.4667572758553524e+03  -2.1855466107498651e+04  -1.8765468049808645e+04  -2.1377657199159687e+04  -1.8192061546529752e+04  -2.2046336605103843e+04
  -1.0749868979064564e+04  -6.3716923297321464e+03  -6.4697236724144868e+03  -2.1855232443559660e+04  -1.8763780160088241e+04  -2.1378218658644571e+04  -1.8193747584282562e+04  -2.2046565410976164e+04
  -1.0752689615007390e+04  -6.3686733761475534e+03  -6.4726899337048808e+03  -2.1854998325218708e+04  -1.8762091877294497e+04  -2.1378779669151809e+04  -1.8195433215084555e+04  -2.2046793745597079e+04
  -1.0755510021976543e+04  -6.3656542880020679e+03  -6.4756560596668187e+03  -2.1854763752478968e+04  -1.8760403201460082e+04  -2.1379340230669262e+04  -1.8197118438894158e+04  -2.2047021608960284e+04
  -1.0758330199912380e+04  -6.3626350653573591e+03  -6.4786220502336764e+03  -2.1854528725345033e+04  -1.8758714132622412e+04  -2.1379900343180663e+04  -1.8198803255675091e+04  -2.2047249001062937e+04
  -1.0761150148754939e+04  -6.3596157082786676e+03  -6.4815879053457511e+03  -2.1854293243820146e+04  -1.8757024670814179e+04  -2.1380460006673875e+04  -1.8200487665385801e+04  -2.2047475921898771e+04
  -1.0763969868444281e+04  -6.3565962168312317e+03  -6.4845536249433399e+03  -2.1854057307907504e+04  -1.8755334816068018e+04  -2.1381019221136703e+04  -1.8202171667984760e+04  -2.2047702371461499e+04
  -1.0766789358920752e+04  -6.3535765910767277e+03  -6.4875192089598368e+03  -2.1853820917611774e+04  -1.8753644568421409e+04  -2.1381577986552969e+04  -1.8203855263435693e+04  -2.2047928349748337e+04
  -1.0769608620124436e+04  -6.3505568310804038e+03  -6.4904846573355326e+03  -2.1853584072936148e+04  -1.8751953927907030e+04  -2.1382136302910523e+04  -1.8205538451697081e+04  -2.2048153856753019e+04
  -1.0772427651995375e+04  -6.3475369369075097e+03  -6.4934499700107444e+03  -2.1853346773883928e+04  -1.8750262894557593e+04  -2.1382694170197272e+04  -1.8207221232727439e+04  -2.2048378892469318e+04
  -1.0775246454473963e+04  -6.3445169086197293e+03  -6.4964151469188610e+03  -2.1853109020459746e+04  -1.8748571468410548e+04  -2.1383251588396979e+04  -1.8208903606490494e+04  -2.2048603456894449e+04
  -1.0778065027500277e+04  -6.3414967462823124e+03  -6.4993801880001911e+03  -2.1852870812666886e+04  -1.8746879649498638e+04  -2.1383808557497567e+04  -1.8210585572944776e+04  -2.2048827550022193e+04
  -1.0780883371014374e+04  -6.3384764499605189e+03  -6.5023450931950556e+03  -2.1852632150508620e+04  -1.8745187437854565e+04  -2.1384365077486938e+04  -1.8212267132048815e+04  -2.2049051171846364e+04
  -1.0783701484956673e+04  -6.3354560197160399e+03  -6.5053098624368540e+03  -2.1852393033989632e+04  -1.8743494833515862e+04  -2.1384921148348945e+04  -1.8213948283766378e+04  -2.2049274322364181e+04
  -1.0786519369267149e+04  -6.3324354556153257e+03  -6.5082744956682145e+03  -2.1852153463112751e+04  -1.8741801836513623e+04  -2.1385476770072852e+04  -1.8215629028054278e+04  -2.2049497001568325e+04
  -1.0789337023886215e+04  -6.3294147577200765e+03  -6.5112389928225421e+03  -2.1851913437882697e+04  -1.8740108446885450e+04  -2.1386031942642501e+04  -1.8217309364876284e+04  -2.2049719209456085e+04
  -1.0792154448753865e+04  -6.3263939260967445e+03  -6.5142033538424721e+03  -2.1851672958302319e+04  -1.8738414664662439e+04  -2.1386586666047227e+04  -1.8218989294189239e+04  -2.2049940946020117e+04
  -1.0794971643810504e+04  -6.3233729608070353e+03  -6.5171675786614142e+03  -2.1851432024376321e+04  -1.8736720489882133e+04  -2.1387140940270892e+04  -1.8220668815956924e+04  -2.2050162211257706e+04
  -1.0797788608996263e+04  -6.3203518619162187e+03  -6.5201316672196954e+03  -2.1851190636108066e+04  -1.8735025922577355e+04  -2.1387694765301439e+04  -1.8222347930137941e+04  -2.2050383005162752e+04
  -1.0800605344251228e+04  -6.3173306294895629e+03  -6.5230956194576593e+03  -2.1850948793500891e+04  -1.8733330962780816e+04  -2.1388248141126853e+04  -1.8224026636690895e+04  -2.2050603327729063e+04
  -1.0803421849515857e+04  -6.3143092635887942e+03  -6.5260594353087272e+03  -2.1850706496559538e+04  -1.8731635610530124e+04  -2.1388801067731023e+04  -1.8225704935579601e+04  -2.2050823178953986e+04
  -1.0806238124730256e+04  -6.3112877642791746e+03  -6.5290231147132281e+03  -2.1850463745287361e+04  -1.8729939865858079e+04  -2.1389353545101963e+04  -1.8227382826762667e+04  -2.2051042558831432e+04
  -1.0809054169834561e+04  -6.3082661316259964e+03  -6.5319866576115264e+03  -2.1850220539687773e+04  -1.8728243728797461e+04  -2.1389905573227643e+04  -1.8229060310198718e+04  -2.2051261467355249e+04
  -1.0811869984769213e+04  -6.3052443656909791e+03  -6.5349500639370299e+03  -2.1849976879765516e+04  -1.8726547199385866e+04  -2.1390457152092011e+04  -1.8230737385851637e+04  -2.2051479904522817e+04
  -1.0814685569474370e+04  -6.3022224665393996e+03  -6.5379133336301002e+03  -2.1849732765523979e+04  -1.8724850277656136e+04  -2.1391008281683076e+04  -1.8232414053680041e+04  -2.2051697870328044e+04
  -1.0817500923890148e+04  -6.2992004342365508e+03  -6.5408764666310781e+03  -2.1849488196966588e+04  -1.8723152963641052e+04  -2.1391558961988860e+04  -1.8234090313642584e+04  -2.2051915364764842e+04
  -1.0820316047957025e+04  -6.2961782688441663e+03  -6.5438394628734168e+03  -2.1849243174098123e+04  -1.8721455257378278e+04  -2.1392109192993325e+04  -1.8235766165703160e+04  -2.2052132387830621e+04
  -1.0823130941615162e+04  -6.2931559704275351e+03  -6.5468023222974625e+03  -2.1848997696922044e+04  -1.8719757158900644e+04  -2.1392658974684506e+04  -1.8237441609820420e+04  -2.2052348939519310e+04
  -1.0825945604804692e+04  -6.2901335390519516e+03  -6.5497650448435770e+03  -2.1848751765441732e+04  -1.8718058668240988e+04  -2.1393208307050470e+04  -1.8239116645953054e+04  -2.2052565019824859e+04
  -1.0828760037466118e+04  -6.2871109747791552e+03  -6.5527276304452143e+03  -2.1848505379662045e+04  -1.8716359785436973e+04  -2.1393757190075197e+04  -1.8240791274064974e+04  -2.2052780628744684e+04
  -1.0831574239539608e+04  -6.2840882776744456e+03  -6.5556900790427289e+03  -2.1848258539586423e+04  -1.8714660510521455e+04  -2.1394305623746728e+04  -1.8242465494114873e+04  -2.2052995766272765e+04
  -1.0834388210965421e+04  -6.2810654478019396e+03  -6.5586523905741878e+03  -2.1848011245218782e+04  -1.8712960843528905e+04  -2.1394853608051824e+04  -1.8244139306063207e+04  -2.2053210432404238e+04
  -1.0837201951683739e+04  -6.2780424852269325e+03  -6.5616145649799655e+03  -2.1847763496562624e+04  -1.8711260784492213e+04  -2.1395401142978557e+04  -1.8245812709868693e+04  -2.2053424627133092e+04
  -1.0840015461635081e+04  -6.2750193900111890e+03  -6.5645766021935169e+03  -2.1847515293622768e+04  -1.8709560333449062e+04  -2.1395948228510963e+04  -1.8247485705495255e+04  -2.2053638350456786e+04
  -1.0842828740759614e+04  -6.2719961622200108e+03  -6.5675385021552229e+03  -2.1847266636402717e+04  -1.8707859490432322e+04  -2.1396494864637134e+04  -1.8249158292901648e+04  -2.2053851602369334e+04
  -1.0845641788997538e+04  -6.2689728019187114e+03  -6.5705002648054588e+03  -2.1847017524905998e+04  -1.8706158255474937e+04  -2.1397041051345197e+04  -1.8250830472046622e+04  -2.2054064382864770e+04
  -1.0848454606289379e+04  -6.2659493091690429e+03  -6.5734618900776914e+03  -2.1846767959137458e+04  -1.8704456628614607e+04  -2.1397586788619188e+04  -1.8252502242894116e+04  -2.2054276691940566e+04
  -1.0851267192575329e+04  -6.2629256840363269e+03  -6.5764233779123097e+03  -2.1846517939100635e+04  -1.8702754609884247e+04  -2.1398132076447248e+04  -1.8254173605402932e+04  -2.2054488529590752e+04
  -1.0854079547795580e+04  -6.2599019265858833e+03  -6.5793847282496999e+03  -2.1846267464799057e+04  -1.8701052199316779e+04  -2.1398676914817523e+04  -1.8255844559531819e+04  -2.2054699895809423e+04
  -1.0856891671890691e+04  -6.2568780368794742e+03  -6.5823459410233345e+03  -2.1846016536237632e+04  -1.8699349396949954e+04  -2.1399221303714097e+04  -1.8257515105244787e+04  -2.2054910790594058e+04
  -1.0859703564800864e+04  -6.2538540149824285e+03  -6.5853070161736096e+03  -2.1845765153419896e+04  -1.8697646202816708e+04  -2.1399765243125119e+04  -1.8259185242500622e+04  -2.2055121213938764e+04
  -1.0862515226466334e+04  -6.2508298609600670e+03  -6.5882679536409187e+03  -2.1845513316349428e+04  -1.8695942616950004e+04  -2.1400308733038772e+04  -1.8260854971258123e+04  -2.2055331165837608e+04
  -1.0865326656827623e+04  -6.2478055748741708e+03  -6.5912287533587596e+03  -2.1845261025031152e+04  -1.8694238639387600e+04  -2.1400851773439150e+04  -1.8262524291481313e+04  -2.2055540646288136e+04
  -1.0868137855824989e+04  -6.2447811567900608e+03  -6.5941894152675095e+03  -2.1845008279468639e+04  -1.8692534270162490e+04  -2.1401394364314452e+04  -1.8264193203129027e+04  -2.2055749655284457e+04
  -1.0870948823398643e+04  -6.2417566067730804e+03  -6.5971499393075956e+03  -2.1844755079665480e+04  -1.8690829509307583e+04  -2.1401936505652902e+04  -1.8265861706160071e+04  -2.2055958192820683e+04
  -1.0873759559489168e+04  -6.2387319248850081e+03  -6.6001103254124964e+03  -2.1844501425626651e+04  -1.8689124356860735e+04  -2.1402478197438577e+04  -1.8267529800538505e+04  -2.2056166258894405e+04
  -1.0876570064036696e+04  -6.2357071111923688e+03  -6.6030705735249330e+03  -2.1844247317355290e+04  -1.8687418812853317e+04  -2.1403019439661090e+04  -1.8269197486221452e+04  -2.2056373853498608e+04
  -1.0879380336981811e+04  -6.2326821657569471e+03  -6.6060306835784068e+03  -2.1843992754856365e+04  -1.8685712877323123e+04  -2.1403560232304601e+04  -1.8270864763172973e+04  -2.2056580976630856e+04
  -1.0882190378264764e+04  -6.2296570886440877e+03  -6.6089906555133311e+03  -2.1843737738133525e+04  -1.8684006550303191e+04  -2.1404100575357312e+04  -1.8272531631351925e+04  -2.2056787628285347e+04
  -1.0885000187825797e+04  -6.2266318799191376e+03  -6.6119504892701234e+03  -2.1843482267190364e+04  -1.8682299831826524e+04  -2.1404640468807491e+04  -1.8274198090717193e+04  -2.2056993808456224e+04
  -1.0887809765605531e+04  -6.2236065396438862e+03  -6.6149101847822922e+03  -2.1843226342031943e+04  -1.8680592721930945e+04  -2.1405179912639320e+04  -1.8275864141232880e+04  -2.2057199517141122e+04
  -1.0890619111544098e+04  -6.2205810678848775e+03  -6.6178697419925638e+03  -2.1842969962661406e+04  -1.8678885220647902e+04  -2.1405718906842409e+04  -1.8277529782856120e+04  -2.2057404754333067e+04
  -1.0893428225582127e+04  -6.2175554647039116e+03  -6.6208291608344580e+03  -2.1842713129083812e+04  -1.8677177328015230e+04  -2.1406257451400972e+04  -1.8279195015551042e+04  -2.2057609520029731e+04
  -1.0896237107659890e+04  -6.2145297301663368e+03  -6.6237884412483972e+03  -2.1842455841302828e+04  -1.8675469044065998e+04  -2.1406795546303267e+04  -1.8280859839276560e+04  -2.2057813814225290e+04
  -1.0899045757717655e+04  -6.2115038643375137e+03  -6.6267475831748161e+03  -2.1842198099322122e+04  -1.8673760368833253e+04  -2.1407333191537611e+04  -1.8282524253991596e+04  -2.2058017636913984e+04
  -1.0901854175696059e+04  -6.2084778672792581e+03  -6.6297065865472414e+03  -2.1841939903146747e+04  -1.8672051302354874e+04  -2.1407870387088216e+04  -1.8284188259660292e+04  -2.2058220988093490e+04
  -1.0904662361535391e+04  -6.2054517390569281e+03  -6.6326654513061094e+03  -2.1841681252780414e+04  -1.8670341844663933e+04  -2.1408407132943397e+04  -1.8285851856241581e+04  -2.2058423867758036e+04
  -1.0907470315175940e+04  -6.2024254797358826e+03  -6.6356241773918528e+03  -2.1841422148226804e+04  -1.8668631995793501e+04  -2.1408943429091451e+04  -1.8287515043694424e+04  -2.2058626275901872e+04
  -1.0910278036558364e+04  -6.1993990893779510e+03  -6.6385827647380165e+03  -2.1841162589491028e+04  -1.8666921755781521e+04  -2.1409479275516667e+04  -1.8289177821982972e+04  -2.2058828212522691e+04
  -1.0913085525622957e+04  -6.1963725680484940e+03  -6.6415412132850406e+03  -2.1840902576576827e+04  -1.8665211124661048e+04  -2.1410014672207362e+04  -1.8290840191066203e+04  -2.2059029677614799e+04
  -1.0915892782310035e+04  -6.1933459158128862e+03  -6.6444995229733686e+03  -2.1840642109487868e+04  -1.8663500102465201e+04  -2.1410549619151891e+04  -1.8292502150903110e+04  -2.2059230671172449e+04
  -1.0918699806560244e+04  -6.1903191327329550e+03  -6.6474576937365546e+03  -2.1840381188229316e+04  -1.8661788689231926e+04  -2.1411084116334536e+04  -1.8294163701457859e+04  -2.2059431193193366e+04
  -1.0921506598313914e+04  -6.1872922188740786e+03  -6.6504157255150385e+03  -2.1840119812804904e+04  -1.8660076884994320e+04  -2.1411618163743638e+04  -1.8295824842689468e+04  -2.2059631243671869e+04
  -1.0924313157511368e+04  -6.1842651743016331e+03  -6.6533736182492858e+03  -2.1839857983218386e+04  -1.8658364689785529e+04  -2.1412151761367601e+04  -1.8297485574556937e+04  -2.2059830822602267e+04
  -1.0927119484093284e+04  -6.1812379990774516e+03  -6.6563313718728459e+03  -2.1839595699474943e+04  -1.8656652103643504e+04  -2.1412684909190717e+04  -1.8299145897024486e+04  -2.2060029929982324e+04
  -1.0929925577999873e+04  -6.1782106932681027e+03  -6.6592889863284890e+03  -2.1839332961577838e+04  -1.8654939126599780e+04  -2.1413217607202751e+04  -1.8300805810049416e+04  -2.2060228565805210e+04
  -1.0932731439171834e+04  -6.1751832569354310e+03  -6.6622464615497620e+03  -2.1839069769532285e+04  -1.8653225758692370e+04  -2.1413749855388018e+04  -1.8302465313595934e+04  -2.2060426730068728e+04
  -1.0935537067549378e+04  -6.1721556901459926e+03  -6.6652037974794357e+03  -2.1838806123341579e+04  -1.8651511999952749e+04  -2.1414281653736274e+04  -1.8304124407621392e+04  -2.2060624422766075e+04
  -1.0938342463073217e+04  -6.1691279929616539e+03  -6.6681609940510834e+03  -2.1838542023010930e+04  -1.8649797850418992e+04  -2.1414813002231898e+04  -1.8305783092090023e+04  -2.2060821643895040e+04
  -1.0941147625683701e+04  -6.1661001654477914e+03  -6.6711180512051706e+03  -2.1838277468544144e+04  -1.8648083310124239e+04  -2.1415343900863303e+04  -1.8307441366960888e+04  -2.2061018393450016e+04
  -1.0943952555321181e+04  -6.1630722076698057e+03  -6.6740749688821752e+03  -2.1838012459945025e+04  -1.8646368379101659e+04  -2.1415874349618920e+04  -1.8309099232193068e+04  -2.2061214671425383e+04
  -1.0946757251926387e+04  -6.1600441196895508e+03  -6.6770317470156724e+03  -2.1837746997218808e+04  -1.8644653057389307e+04  -2.1416404348483153e+04  -1.8310756687750836e+04  -2.2061410477818958e+04
  -1.0949561715439664e+04  -6.1570159015724385e+03  -6.6799883855461385e+03  -2.1837481080369344e+04  -1.8642937345020360e+04  -2.1416933897444425e+04  -1.8312413733593294e+04  -2.2061605812625148e+04
  -1.0952365945801403e+04  -6.1539875533838467e+03  -6.6829448844140607e+03  -2.1837214709400439e+04  -1.8641221242028038e+04  -2.1417462996491206e+04  -1.8314070369679528e+04  -2.2061800675838385e+04
  -1.0955169942952336e+04  -6.1509590751856567e+03  -6.6859012435530249e+03  -2.1836947884317367e+04  -1.8639504748450381e+04  -2.1417991645607908e+04  -1.8315726595973876e+04  -2.2061995067456515e+04
  -1.0957973706832832e+04  -6.1479304670432693e+03  -6.6888574629035156e+03  -2.1836680605124002e+04  -1.8637787864320620e+04  -2.1418519844783026e+04  -1.8317382412435403e+04  -2.2062188987473957e+04
  -1.0960777237383281e+04  -6.1449017290220963e+03  -6.6918135424060201e+03  -2.1836412871824192e+04  -1.8636070589671996e+04  -2.1419047594005024e+04  -1.8319037819023302e+04  -2.2062382435885189e+04
  -1.0963580534544448e+04  -6.1418728611840097e+03  -6.6947694819941480e+03  -2.1836144684423227e+04  -1.8634352924542553e+04  -2.1419574893258359e+04  -1.8320692815701870e+04  -2.2062575412688086e+04
  -1.0966383598256714e+04  -6.1388438635944212e+03  -6.6977252816083774e+03  -2.1835876042924985e+04  -1.8632634868965579e+04  -2.1420101742531526e+04  -1.8322347402430278e+04  -2.2062767917877092e+04
  -1.0969186428460473e+04  -6.1358147363187436e+03  -6.7006809411892200e+03  -2.1835606947333385e+04  -1.8630916422974296e+04  -2.1420628141813060e+04  -1.8324001579167656e+04  -2.2062959951446737e+04
  -1.0971989025096507e+04  -6.1327854794188670e+03  -6.7036364606702709e+03  -2.1835337397653722e+04  -1.8629197586606817e+04  -2.1421154091087414e+04  -1.8325655345878378e+04  -2.2063151513394896e+04
  -1.0974791388105095e+04  -6.1297560929613774e+03  -6.7065918399943412e+03  -2.1835067393889432e+04  -1.8627478359894798e+04  -2.1421679590344476e+04  -1.8327308702519902e+04  -2.2063342603714926e+04
  -1.0977593517427033e+04  -6.1267265770081731e+03  -6.7095470790950376e+03  -2.1834796936045877e+04  -1.8625758742876369e+04  -2.1422204639568739e+04  -1.8328961649056582e+04  -2.2063533222404771e+04
  -1.0980395413002596e+04  -6.1236969316258483e+03  -6.7125021779151712e+03  -2.1834526024126506e+04  -1.8624038735583203e+04  -2.1422729238750097e+04  -1.8330614185445898e+04  -2.2063723369457806e+04
  -1.0983197074772585e+04  -6.1206671568763040e+03  -6.7154571363883560e+03  -2.1834254658136677e+04  -1.8622318338053417e+04  -2.1423253387873065e+04  -1.8332266311652267e+04  -2.2063913044871988e+04
  -1.0985998502677438e+04  -6.1176372528249640e+03  -6.7184119544551095e+03  -2.1833982838080316e+04  -1.8620597550320344e+04  -2.1423777086926206e+04  -1.8333918027634860e+04  -2.2064102248641855e+04
  -1.0988799696657565e+04  -6.1146072195372617e+03  -6.7213666320559487e+03  -2.1833710563961416e+04  -1.8618876372417282e+04  -2.1424300335898115e+04  -1.8335569333352913e+04  -2.2064290980761969e+04
  -1.0991600656653796e+04  -6.1115770570750983e+03  -6.7243211691245006e+03  -2.1833437835785342e+04  -1.8617154804382390e+04  -2.1424823134773316e+04  -1.8337220228770882e+04  -2.2064479241230281e+04
  -1.0994401382606566e+04  -6.1085467655039056e+03  -6.7272755656012878e+03  -2.1833164653556061e+04  -1.8615432846248994e+04  -2.1425345483540408e+04  -1.8338870713847962e+04  -2.2064667030041383e+04
  -1.0997201874456319e+04  -6.1055163448891317e+03  -6.7302298214268376e+03  -2.1832891017277565e+04  -1.8613710498050441e+04  -2.1425867382187993e+04  -1.8340520788543454e+04  -2.2064854347189874e+04
  -1.1000002132143889e+04  -6.1024857952926777e+03  -6.7331839365347869e+03  -2.1832616926955274e+04  -1.8611987759824908e+04  -2.1426388830700638e+04  -1.8342170452821771e+04  -2.2065041192673732e+04
  -1.1002802155609723e+04  -6.0994551167799918e+03  -6.7361379108656674e+03  -2.1832342382593200e+04  -1.8610264631605762e+04  -2.1426909829066975e+04  -1.8343819706642189e+04  -2.2065227566487578e+04
  -1.1005601944794291e+04  -6.0964243094165140e+03  -6.7390917443600129e+03  -2.1832067384195343e+04  -1.8608541113426341e+04  -2.1427430377275636e+04  -1.8345468549964007e+04  -2.2065413468626029e+04
  -1.1008401499638427e+04  -6.0933933732641590e+03  -6.7420454369514664e+03  -2.1831791931767122e+04  -1.8606817205324882e+04  -2.1427950475311187e+04  -1.8347116982751686e+04  -2.2065598899087086e+04
  -1.1011200820082624e+04  -6.0903623083883895e+03  -6.7449989885805771e+03  -2.1831516025312609e+04  -1.8605092907334747e+04  -2.1428470123162340e+04  -1.8348765004964516e+04  -2.2065783857865437e+04
  -1.1013999906067334e+04  -6.0873311148546509e+03  -6.7479523991878723e+03  -2.1831239664835815e+04  -1.8603368219489337e+04  -2.1428989320817698e+04  -1.8350412616561833e+04  -2.2065968344955698e+04
  -1.1016798757533421e+04  -6.0842997927248698e+03  -6.7509056687070206e+03  -2.1830962850342214e+04  -1.8601643141826873e+04  -2.1429508068261908e+04  -1.8352059817508118e+04  -2.2066152360355958e+04
  -1.1019597374421379e+04  -6.0812683420645008e+03  -6.7538587970785675e+03  -2.1830685581835889e+04  -1.8599917674380762e+04  -2.1430026365483642e+04  -1.8353706607762706e+04  -2.2066335904060830e+04
  -1.1022395756671698e+04  -6.0782367629390064e+03  -6.7568117842430584e+03  -2.1830407859320876e+04  -1.8598191817184415e+04  -2.1430544212471592e+04  -1.8355352987284932e+04  -2.2066518976065036e+04
  -1.1025193904225249e+04  -6.0752050554103162e+03  -6.7597646301341665e+03  -2.1830129682802708e+04  -1.8596465570276094e+04  -2.1431061609210428e+04  -1.8356998956039348e+04  -2.2066701576366686e+04
  -1.1027991817022410e+04  -6.0721732195450741e+03  -6.7627173346947375e+03  -2.1829851052284936e+04  -1.8594738933687619e+04  -2.1431578555690143e+04  -1.8358644513983538e+04  -2.2066883704959298e+04
  -1.1030789495004068e+04  -6.0691412554052149e+03  -6.7656698978584427e+03  -2.1829571967773136e+04  -1.8593011907457254e+04  -2.1432095051895478e+04  -1.8360289661082075e+04  -2.2067065361841000e+04
  -1.1033586938110730e+04  -6.0661091630562187e+03  -6.7686223195658531e+03  -2.1829292429271405e+04  -1.8591284491618459e+04  -2.1432611097815119e+04  -1.8361934397294350e+04  -2.2067246547006511e+04
  -1.1036384146283048e+04  -6.0630769425623639e+03  -6.7715745997552258e+03  -2.1829012436784305e+04  -1.8589556686206288e+04  -2.1433126693436472e+04  -1.8363578722581442e+04  -2.2067427260451710e+04
  -1.1039181119461655e+04  -6.0600445939879619e+03  -6.7745267383648425e+03  -2.1828731990316435e+04  -1.8587828491255827e+04  -2.1433641838746902e+04  -1.8365222636904487e+04  -2.2067607502172446e+04
  -1.1041977857587090e+04  -6.0570121173984780e+03  -6.7774787353352667e+03  -2.1828451089871935e+04  -1.8586099906800504e+04  -2.1434156533735186e+04  -1.8366866140222886e+04  -2.2067787272163489e+04
  -1.1044774360600266e+04  -6.0539795128558762e+03  -6.7804305906001882e+03  -2.1828169735456380e+04  -1.8584370932878712e+04  -2.1434670778386037e+04  -1.8368509232501227e+04  -2.2067966570422974e+04
  -1.1047570628441710e+04  -6.0509467804256346e+03  -6.7833823041001815e+03  -2.1827887927073905e+04  -1.8582641569523883e+04  -2.1435184572688235e+04  -1.8370151913698955e+04  -2.2068145396945714e+04
  -1.1050366661051970e+04  -6.0479139201732269e+03  -6.7863338757758329e+03  -2.1827605664728675e+04  -1.8580911816769505e+04  -2.1435697916630539e+04  -1.8371794183775470e+04  -2.2068323751726453e+04
  -1.1053162458371975e+04  -6.0448809321606223e+03  -6.7892853055608275e+03  -2.1827322948426274e+04  -1.8579181674653959e+04  -2.1436210810197674e+04  -1.8373436042695412e+04  -2.2068501634763386e+04
  -1.1055958020342281e+04  -6.0418478164533071e+03  -6.7922365933957526e+03  -2.1827039778170911e+04  -1.8577451143210728e+04  -2.1436723253378503e+04  -1.8375077490418214e+04  -2.2068679046051311e+04
  -1.1058753346903426e+04  -6.0388145731167624e+03  -6.7951877392212036e+03  -2.1826756153966708e+04  -1.8575720222473326e+04  -2.1437235246161763e+04  -1.8376718526903351e+04  -2.2068855985585073e+04
  -1.1061548437996376e+04  -6.0357812022129665e+03  -6.7981387429708802e+03  -2.1826472075819351e+04  -1.8573988912480145e+04  -2.1437746788532288e+04  -1.8378359152115470e+04  -2.2069032453362852e+04
  -1.1064343293561687e+04  -6.0327477038074085e+03  -6.8010896045853660e+03  -2.1826187543733013e+04  -1.8572257213264696e+04  -2.1438257880478854e+04  -1.8379999366014028e+04  -2.2069208449379497e+04
  -1.1067137913539922e+04  -6.0297140779655911e+03  -6.8040403240052747e+03  -2.1825902557711906e+04  -1.8570525124860527e+04  -2.1438768521990321e+04  -1.8381639168558533e+04  -2.2069383973629854e+04
  -1.1069932297872061e+04  -6.0266803247494836e+03  -6.8069909011643122e+03  -2.1825617117761685e+04  -1.8568792647306069e+04  -2.1439278713051499e+04  -1.8383278559713668e+04  -2.2069559026112169e+04
  -1.1072726446498544e+04  -6.0236464442257666e+03  -6.8099413360053704e+03  -2.1825331223886114e+04  -1.8567059780633190e+04  -2.1439788453652560e+04  -1.8384917539437189e+04  -2.2069733606820180e+04
  -1.1075520359360355e+04  -6.0206124364564203e+03  -6.8128916284621801e+03  -2.1825044876090858e+04  -1.8565326524880369e+04  -2.1440297743778348e+04  -1.8386556107693785e+04  -2.2069907715752124e+04
  -1.1078314036397933e+04  -6.0175783015081106e+03  -6.8158417784776275e+03  -2.1824758074379679e+04  -1.8563592880079523e+04  -2.1440806583419067e+04  -1.8388194264441285e+04  -2.2070081352901794e+04
  -1.1081107477552287e+04  -6.0145440394428551e+03  -6.8187917859854588e+03  -2.1824470818758295e+04  -1.8561858846269119e+04  -2.1441314972559558e+04  -1.8389832009644371e+04  -2.2070254518267444e+04
  -1.1083900682764004e+04  -6.0115096503261402e+03  -6.8217416509262730e+03  -2.1824183109230933e+04  -1.8560124423482732e+04  -2.1441822911188712e+04  -1.8391469343262612e+04  -2.2070427211843995e+04
  -1.1086693651973688e+04  -6.0084751342234840e+03  -6.8246913732406938e+03  -2.1823894945801880e+04  -1.8558389611753923e+04  -2.1442330399295435e+04  -1.8393106265255545e+04  -2.2070599433626368e+04
  -1.1089486385122353e+04  -6.0054404911968850e+03  -6.8276409528624527e+03  -2.1823606328476886e+04  -1.8556654411121217e+04  -2.1442837436864575e+04  -1.8394742775587900e+04  -2.2070771183612873e+04
  -1.1092278882150609e+04  -6.0024057213118631e+03  -6.8305903897321714e+03  -2.1823317257260223e+04  -1.8554918821618179e+04  -2.1443344023885082e+04  -1.8396378874219263e+04  -2.2070942461798440e+04
  -1.1095071142999066e+04  -5.9993708246339247e+03  -6.8335396837904773e+03  -2.1823027732156170e+04  -1.8553182843278439e+04  -2.1443850160345843e+04  -1.8398014561109223e+04  -2.2071113268178029e+04
  -1.1097863167608743e+04  -5.9963358012250856e+03  -6.8364888349711118e+03  -2.1822737753170532e+04  -1.8551446476140485e+04  -2.1444355846231781e+04  -1.8399649836222507e+04  -2.2071283602749969e+04
  -1.1100654955920279e+04  -5.9933006511508647e+03  -6.8394378432147068e+03  -2.1822447320307576e+04  -1.8549709720237959e+04  -2.1444861081531839e+04  -1.8401284699518768e+04  -2.2071453465509232e+04
  -1.1103446507874301e+04  -5.9902653744767867e+03  -6.8423867084618960e+03  -2.1822156433571654e+04  -1.8547972575604505e+04  -2.1445365866234955e+04  -1.8402919150957576e+04  -2.2071622856450798e+04
  -1.1106237823411848e+04  -5.9872299712648764e+03  -6.8453354306464316e+03  -2.1821865092968554e+04  -1.8546235042278615e+04  -2.1445870200326055e+04  -1.8404553190503731e+04  -2.2071791775573038e+04
  -1.1109028902473572e+04  -5.9841944415806456e+03  -6.8482840097089575e+03  -2.1821573298502608e+04  -1.8544497120293981e+04  -2.1446374083794133e+04  -1.8406186818116883e+04  -2.2071960222870955e+04
  -1.1111819745000112e+04  -5.9811587854896352e+03  -6.8512324455901098e+03  -2.1821281050178179e+04  -1.8542758809684237e+04  -2.1446877516628141e+04  -1.8407820033756638e+04  -2.2072128198339564e+04
  -1.1114610350932520e+04  -5.9781230030538718e+03  -6.8541807382236575e+03  -2.1820988348001069e+04  -1.8541020110487952e+04  -2.1447380498813051e+04  -1.8409452837387824e+04  -2.2072295701977251e+04
  -1.1117400720211459e+04  -5.9750870943388854e+03  -6.8571288875502432e+03  -2.1820695191975665e+04  -1.8539281022738789e+04  -2.1447883030337860e+04  -1.8411085228970125e+04  -2.2072462733779055e+04
  -1.1120190852777587e+04  -5.9720510594102116e+03  -6.8600768935105161e+03  -2.1820401582106326e+04  -1.8537541546470446e+04  -2.1448385111191565e+04  -1.8412717208463171e+04  -2.2072629293740003e+04
  -1.1122980748571978e+04  -5.9690148983298905e+03  -6.8630247560382541e+03  -2.1820107518398920e+04  -1.8535801681721485e+04  -2.1448886741359162e+04  -1.8414348775831822e+04  -2.2072795381858541e+04
  -1.1125770407535168e+04  -5.9659786111646281e+03  -6.8659724750763999e+03  -2.1819813000857350e+04  -1.8534061428523983e+04  -2.1449387920830999e+04  -1.8415979931034039e+04  -2.2072960998128601e+04
  -1.1128559829608248e+04  -5.9629421979764629e+03  -6.8689200505587396e+03  -2.1819518029487481e+04  -1.8532320786916564e+04  -2.1449888649592107e+04  -1.8417610674034699e+04  -2.2073126142548626e+04
  -1.1131349014731753e+04  -5.9599056588321064e+03  -6.8718674824282243e+03  -2.1819222604293227e+04  -1.8530579756931271e+04  -2.1450388927632848e+04  -1.8419241004791762e+04  -2.2073290815112596e+04
  -1.1134137962846786e+04  -5.9568689937936097e+03  -6.8748147706186419e+03  -2.1818926725280489e+04  -1.8528838338606769e+04  -2.1450888754938263e+04  -1.8420870923270111e+04  -2.2073455015818934e+04
  -1.1136926673894039e+04  -5.9538322029265209e+03  -6.8777619150706605e+03  -2.1818630392453699e+04  -1.8527096531976735e+04  -2.1451388131497399e+04  -1.8422500429429492e+04  -2.2073618744662774e+04
  -1.1139715147814191e+04  -5.9507952862963921e+03  -6.8807089157249447e+03  -2.1818333605817297e+04  -1.8525354337074943e+04  -2.1451887057299344e+04  -1.8424129523229618e+04  -2.2073782001639240e+04
  -1.1142503384548383e+04  -5.9477582439652706e+03  -6.8836557725152916e+03  -2.1818036365377200e+04  -1.8523611753940018e+04  -2.1452385532329125e+04  -1.8425758204635400e+04  -2.2073944786746797e+04
  -1.1145291384037302e+04  -5.9447210759987265e+03  -6.8866024853823819e+03  -2.1817738671137868e+04  -1.8521868782605728e+04  -2.1452883556575838e+04  -1.8427386473606592e+04  -2.2074107099980600e+04
  -1.1148079146221658e+04  -5.9416837824623026e+03  -6.8895490542668858e+03  -2.1817440523103753e+04  -1.8520125423105841e+04  -2.1453381130028607e+04  -1.8429014330102957e+04  -2.2074268941335791e+04
  -1.1150866671042591e+04  -5.9386463634180745e+03  -6.8924954791026175e+03  -2.1817141921280818e+04  -1.8518381675479006e+04  -2.1453878252672479e+04  -1.8430641774089429e+04  -2.2074430310810891e+04
  -1.1153653958440816e+04  -5.9356088189315951e+03  -6.8954417598302543e+03  -2.1816842865673538e+04  -1.8516637539759020e+04  -2.1454374924496584e+04  -1.8432268805525768e+04  -2.2074591208401052e+04
  -1.1156441008357055e+04  -5.9325711490684353e+03  -6.8983878963904835e+03  -2.1816543356286435e+04  -1.8514893015979647e+04  -2.1454871145490037e+04  -1.8433895424371807e+04  -2.2074751634101500e+04
  -1.1159227820732463e+04  -5.9295333538906698e+03  -6.9013338887171240e+03  -2.1816243393125442e+04  -1.8513148104179614e+04  -2.1455366915637962e+04  -1.8435521630592473e+04  -2.2074911587910727e+04
  -1.1162014395507771e+04  -5.9264954334638551e+03  -6.9042797367508629e+03  -2.1815942976195096e+04  -1.8511402804392699e+04  -2.1455862234929496e+04  -1.8437147424147588e+04  -2.2075071069823949e+04
  -1.1164800732623722e+04  -5.9234573878535748e+03  -6.9072254404324021e+03  -2.1815642105499923e+04  -1.8509657116652728e+04  -2.1456357103353788e+04  -1.8438772804996959e+04  -2.2075230079836412e+04
  -1.1167586832021472e+04  -5.9204192171219047e+03  -6.9101709996955633e+03  -2.1815340781045925e+04  -1.8507911040998417e+04  -2.1456851520895976e+04  -1.8440397773105597e+04  -2.2075388617946639e+04
  -1.1170372693641639e+04  -5.9173809213355844e+03  -6.9131164144833356e+03  -2.1815039002837137e+04  -1.8506164577461936e+04  -2.1457345487546572e+04  -1.8442022328431591e+04  -2.2075546684148776e+04
  -1.1173158317425397e+04  -5.9143425005566969e+03  -6.9160616847295487e+03  -2.1814736770879583e+04  -1.8504417726082062e+04  -2.1457839003290726e+04  -1.8443646470939962e+04  -2.2075704278441419e+04
  -1.1175943703313364e+04  -5.9113039548519928e+03  -6.9190068103772055e+03  -2.1814434085177349e+04  -1.8502670486890976e+04  -2.1458332068118991e+04  -1.8445270200588850e+04  -2.2075861400818703e+04
  -1.1178728851246728e+04  -5.9082652842835523e+03  -6.9219517913601467e+03  -2.1814130945736473e+04  -1.8500922859927461e+04  -2.1458824682016519e+04  -1.8446893517343284e+04  -2.2076018051279207e+04
  -1.1181513761166254e+04  -5.9052264889169683e+03  -6.9248966276190786e+03  -2.1813827352561515e+04  -1.8499174845225338e+04  -2.1459316844972516e+04  -1.8448516421163113e+04  -2.2076174229818236e+04
  -1.1184298433012718e+04  -5.9021875688178288e+03  -6.9278413190947131e+03  -2.1813523305657054e+04  -1.8497426442818502e+04  -2.1459808556976215e+04  -1.8450138912008253e+04  -2.2076329936431081e+04
  -1.1187082866727331e+04  -5.8991485240482252e+03  -6.9307858657209044e+03  -2.1813218805029206e+04  -1.8495677652745726e+04  -2.1460299818012798e+04  -1.8451760989843744e+04  -2.2076485171116372e+04
  -1.1189867062250876e+04  -5.8961093546737575e+03  -6.9337302674383654e+03  -2.1812913850682526e+04  -1.8493928475040881e+04  -2.1460790628071529e+04  -1.8453382654629477e+04  -2.2076639933869385e+04
  -1.1192651019524135e+04  -5.8930700607600156e+03  -6.9366745241878270e+03  -2.1812608442621651e+04  -1.8492178909737871e+04  -2.1461280987141614e+04  -1.8455003906325383e+04  -2.2076794224685476e+04
  -1.1195434738488331e+04  -5.8900306423690972e+03  -6.9396186359031472e+03  -2.1812302580852680e+04  -1.8490428956875516e+04  -2.1461770895208341e+04  -1.8456624744896526e+04  -2.2076948043563323e+04
  -1.1198218219084269e+04  -5.8869910995666123e+03  -6.9425626025250476e+03  -2.1811996265380239e+04  -1.8488678616487701e+04  -2.1462260352260906e+04  -1.8458245170302846e+04  -2.2077101390498217e+04
  -1.1201001461252748e+04  -5.8839514324181600e+03  -6.9455064239942658e+03  -2.1811689496208957e+04  -1.8486927888608352e+04  -2.1462749358288624e+04  -1.8459865182504283e+04  -2.2077254265485542e+04
  -1.1203784464935006e+04  -5.8809116409858489e+03  -6.9484501002446686e+03  -2.1811382273344992e+04  -1.8485176773276293e+04  -2.1463237913276727e+04  -1.8461484781465955e+04  -2.2077406668523974e+04
  -1.1206567230071860e+04  -5.8778717253352879e+03  -6.9513936312169917e+03  -2.1811074596792976e+04  -1.8483425270525462e+04  -2.1463726017214532e+04  -1.8463103967147799e+04  -2.2077558599608896e+04
  -1.1209349756604131e+04  -5.8748316855320809e+03  -6.9543370168519796e+03  -2.1810766466557594e+04  -1.8481673380389791e+04  -2.1464213670091340e+04  -1.8464722739509802e+04  -2.2077710058735680e+04
  -1.1212132044473065e+04  -5.8717915216383553e+03  -6.9572802570835020e+03  -2.1810457882644994e+04  -1.8479921102908163e+04  -2.1464700871892404e+04  -1.8466341098517089e+04  -2.2077861045903050e+04
  -1.1214914093619502e+04  -5.8687512337197140e+03  -6.9602233518523108e+03  -2.1810148845059841e+04  -1.8478168438114502e+04  -2.1465187622607067e+04  -1.8467959044129657e+04  -2.2078011561106418e+04
  -1.1217695903984266e+04  -5.8657108218417807e+03  -6.9631663010991515e+03  -2.1809839353806852e+04  -1.8476415386042780e+04  -2.1465673922224654e+04  -1.8469576576307496e+04  -2.2078161604341167e+04
  -1.1220477475508631e+04  -5.8626702860666774e+03  -6.9661091047579175e+03  -2.1809529408892242e+04  -1.8474661946731903e+04  -2.1466159770730479e+04  -1.8471193695015765e+04  -2.2078311175606075e+04
  -1.1223258808133296e+04  -5.8596296264611901e+03  -6.9690517627716426e+03  -2.1809219010320165e+04  -1.8472908120214172e+04  -2.1466645168115225e+04  -1.8472810400212777e+04  -2.2078460274895457e+04
  -1.1226039901799555e+04  -5.8565888430874456e+03  -6.9719942750742248e+03  -2.1808908158096878e+04  -1.8471153906528521e+04  -2.1467130114364230e+04  -1.8474426691863697e+04  -2.2078608902208078e+04
  -1.1228820756448105e+04  -5.8535479360122426e+03  -6.9749366416087078e+03  -2.1808596852226568e+04  -1.8469399305707291e+04  -2.1467614609468190e+04  -1.8476042569926853e+04  -2.2078757057538289e+04
  -1.1231601372020235e+04  -5.8505069052977060e+03  -6.9778788623090013e+03  -2.1808285092715530e+04  -1.8467644317789411e+04  -2.1468098653412471e+04  -1.8477658034367432e+04  -2.2078904740884886e+04
  -1.1234381748456975e+04  -5.8474657510083080e+03  -6.9808209371135763e+03  -2.1807972879568959e+04  -1.8465888942810525e+04  -2.1468582246185102e+04  -1.8479273085147222e+04  -2.2079051952244441e+04
  -1.1237161885698883e+04  -5.8444244732120014e+03  -6.9837628659677812e+03  -2.1807660212790619e+04  -1.8464133180801375e+04  -2.1469065387778166e+04  -1.8480887722222840e+04  -2.2079198691610225e+04
  -1.1239941783687429e+04  -5.8413830719697717e+03  -6.9867046488032292e+03  -2.1807347092387277e+04  -1.8462377031802553e+04  -2.1469548078175700e+04  -1.8482501945561224e+04  -2.2079344958982158e+04
  -1.1242721442363485e+04  -5.8383415473472569e+03  -6.9896462855607106e+03  -2.1807033518363707e+04  -1.8460620495848081e+04  -2.1470030317367116e+04  -1.8484115755122464e+04  -2.2079490754355757e+04
  -1.1245500861667930e+04  -5.8352998994100853e+03  -6.9925877761809797e+03  -2.1806719490724667e+04  -1.8458863572971994e+04  -2.1470512105341801e+04  -1.8485729150866660e+04  -2.2079636077726514e+04
  -1.1248280041542106e+04  -5.8322581282204155e+03  -6.9955291205979847e+03  -2.1806405009476493e+04  -1.8457106263213285e+04  -2.1470993442085219e+04  -1.8487342132759055e+04  -2.2079780929093304e+04
  -1.1251058981926892e+04  -5.8292162338438939e+03  -6.9984703187524810e+03  -2.1806090074623953e+04  -1.8455348566606004e+04  -2.1471474327586788e+04  -1.8488954700759768e+04  -2.2079925308451646e+04
  -1.1253837682763200e+04  -5.8261742163461613e+03  -7.0014113705852715e+03  -2.1805774686171837e+04  -1.8453590483184234e+04  -2.1471954761835939e+04  -1.8490566854828885e+04  -2.2080069215797110e+04
  -1.1256616143992364e+04  -5.8231320757893718e+03  -7.0043522760302803e+03  -2.1805458844126522e+04  -1.8451832012986928e+04  -2.1472434744818103e+04  -1.8492178594931735e+04  -2.2080212651128546e+04
  -1.1259394365555299e+04  -5.8200898122391800e+03  -7.0072930350283032e+03  -2.1805142548492768e+04  -1.8450073156048213e+04  -2.1472914276522784e+04  -1.8493789921028452e+04  -2.2080355614441516e+04
  -1.1262172347392916e+04  -5.8170474257612368e+03  -7.0102336475201273e+03  -2.1804825799275448e+04  -1.8448313912402158e+04  -2.1473393356939414e+04  -1.8495400833079162e+04  -2.2080498105731640e+04
  -1.1264950089446576e+04  -5.8140049164177080e+03  -7.0131741134396980e+03  -2.1804508596480915e+04  -1.8446554282087789e+04  -2.1473871986053487e+04  -1.8497011331049172e+04  -2.2080640124997772e+04
  -1.1267727591657067e+04  -5.8109622842754179e+03  -7.0161144327301045e+03  -2.1804190940113494e+04  -1.8444794265137567e+04  -2.1474350163855815e+04  -1.8498621414896952e+04  -2.2080781672234443e+04
  -1.1270504853965745e+04  -5.8079195293965313e+03  -7.0190546053252838e+03  -2.1803872830179585e+04  -1.8443033861590542e+04  -2.1474827890331908e+04  -1.8500231084587831e+04  -2.2080922747440567e+04
  -1.1273281876313398e+04  -5.8048766518478669e+03  -7.0219946311683289e+03  -2.1803554266683514e+04  -1.8441273071479198e+04  -2.1475305165472590e+04  -1.8501840340080245e+04  -2.2081063350610639e+04
  -1.1276058658641410e+04  -5.8018336516916143e+03  -7.0249345101931967e+03  -2.1803235249631718e+04  -1.8439511894842570e+04  -2.1475781989263378e+04  -1.8503449181339583e+04  -2.2081203481743618e+04
  -1.1278835200890740e+04  -5.7987905289934288e+03  -7.0278742423406975e+03  -2.1802915779029063e+04  -1.8437750331714837e+04  -2.1476258361693810e+04  -1.8505057608326013e+04  -2.2081343140835164e+04
  -1.1281611503002321e+04  -5.7957472838189760e+03  -7.0308138275516449e+03  -2.1802595854880437e+04  -1.8435988382130083e+04  -2.1476734282753398e+04  -1.8506665620999771e+04  -2.2081482327880887e+04
  -1.1284387564917562e+04  -5.7927039162304509e+03  -7.0337532657600041e+03  -2.1802275477192274e+04  -1.8434226046127449e+04  -2.1477209752427716e+04  -1.8508273219326227e+04  -2.2081621042879789e+04
  -1.1287163386577420e+04  -5.7896604262935152e+03  -7.0366925569065907e+03  -2.1801954645969494e+04  -1.8432463323741074e+04  -2.1477684770706259e+04  -1.8509880403265619e+04  -2.2081759285827538e+04
  -1.1289938967922859e+04  -5.7866168140738482e+03  -7.0396317009322302e+03  -2.1801633361216998e+04  -1.8430700215005138e+04  -2.1478159337578643e+04  -1.8511487172778176e+04  -2.2081897056719794e+04
  -1.1292714308895285e+04  -5.7835730796336411e+03  -7.0425706977708951e+03  -2.1801311622941244e+04  -1.8428936719958725e+04  -2.1478633453030427e+04  -1.8513093527829311e+04  -2.2082034355555592e+04
  -1.1295489409435697e+04  -5.7805292230385730e+03  -7.0455095473634210e+03  -2.1800989431147183e+04  -1.8427172838636045e+04  -2.1479107117051168e+04  -1.8514699468379280e+04  -2.2082171182330610e+04
  -1.1298264269485053e+04  -5.7774852443543186e+03  -7.0484482496506280e+03  -2.1800666785839760e+04  -1.8425408571071297e+04  -2.1479580329630480e+04  -1.8516304994388356e+04  -2.2082307537040568e+04
  -1.1301038888984795e+04  -5.7744411436430846e+03  -7.0513868045665031e+03  -2.1800343687025455e+04  -1.8423643917303594e+04  -2.1480053090753943e+04  -1.8517910105821979e+04  -2.2082443419684485e+04
  -1.1303813267875925e+04  -5.7713969209705501e+03  -7.0543252120518873e+03  -2.1800020134709241e+04  -1.8421878877367159e+04  -2.1480525400411178e+04  -1.8519514802640424e+04  -2.2082578830258124e+04
  -1.1306587406099412e+04  -5.7683525764024071e+03  -7.0572634720476090e+03  -2.1799696128896067e+04  -1.8420113451296209e+04  -2.1480997258591786e+04  -1.8521119084803988e+04  -2.2082713768757196e+04
  -1.1309361303596721e+04  -5.7653081100008603e+03  -7.0602015844876823e+03  -2.1799371669592474e+04  -1.8418347639129908e+04  -2.1481468665281405e+04  -1.8522722952278134e+04  -2.2082848235180780e+04
  -1.1312134960308702e+04  -5.7622635218327650e+03  -7.0631395493152186e+03  -2.1799046756802927e+04  -1.8416581440900827e+04  -2.1481939620471010e+04  -1.8524326405021468e+04  -2.2082982229523535e+04
  -1.1314908376176825e+04  -5.7592188119603270e+03  -7.0660773664642202e+03  -2.1798721390533992e+04  -1.8414814856648183e+04  -2.1482410124146241e+04  -1.8525929442999462e+04  -2.2083115751784535e+04
  -1.1317681551141946e+04  -5.7561739804504068e+03  -7.0690150358778201e+03  -2.1798395570790119e+04  -1.8413047886404533e+04  -2.1482880176298066e+04  -1.8527532066170741e+04  -2.2083248801958474e+04
  -1.1320454485145534e+04  -5.7531290273652230e+03  -7.0719525574900354e+03  -2.1798069297577895e+04  -1.8411280530209096e+04  -2.1483349776912157e+04  -1.8529134274500793e+04  -2.2083381380044437e+04
  -1.1323227178128634e+04  -5.7500839527704748e+03  -7.0748899312417170e+03  -2.1797742570902356e+04  -1.8409512788096155e+04  -2.1483818925978216e+04  -1.8530736067949972e+04  -2.2083513486038257e+04
  -1.1325999630032253e+04  -5.7470387567318630e+03  -7.0778271570737215e+03  -2.1797415390768514e+04  -1.8407744660099950e+04  -2.1484287623485885e+04  -1.8532337446478647e+04  -2.2083645119935696e+04
  -1.1328771840797901e+04  -5.7439934393116146e+03  -7.0807642349200669e+03  -2.1797087757182944e+04  -1.8405976146259720e+04  -2.1484755869420867e+04  -1.8533938410052357e+04  -2.2083776281735929e+04
  -1.1331543810366597e+04  -5.7409480005754376e+03  -7.0837011647216232e+03  -2.1796759670150761e+04  -1.8404207246609767e+04  -2.1485223663772900e+04  -1.8535538958631456e+04  -2.2083906971434790e+04
  -1.1334315538679401e+04  -5.7379024405890341e+03  -7.0866379464192551e+03  -2.1796431129676941e+04  -1.8402437961184365e+04  -2.1485691006531619e+04  -1.8537139092176349e+04  -2.2084037189028109e+04
  -1.1337087025677814e+04  -5.7348567594146489e+03  -7.0895745799469914e+03  -2.1796102135768167e+04  -1.8400668290022761e+04  -2.1486157897682824e+04  -1.8538738810652598e+04  -2.2084166934515048e+04
  -1.1339858271302901e+04  -5.7318109571179866e+03  -7.0925110652457051e+03  -2.1795772688429497e+04  -1.8398898233159300e+04  -2.1486624337216166e+04  -1.8540338114020604e+04  -2.2084296207891482e+04
  -1.1342629275495707e+04  -5.7287650337647601e+03  -7.0954474022562717e+03  -2.1795442787666001e+04  -1.8397127790628267e+04  -2.1487090325121429e+04  -1.8541937002240797e+04  -2.2084425009153281e+04
  -1.1345400038197760e+04  -5.7257189894172152e+03  -7.0983835909127311e+03  -2.1795112433484359e+04  -1.8395356962468944e+04  -2.1487555861384346e+04  -1.8543535475278743e+04  -2.2084553338299636e+04
  -1.1348170559350145e+04  -5.7226728241410719e+03  -7.1013196311559686e+03  -2.1794781625889653e+04  -1.8393585748715690e+04  -2.1488020945994696e+04  -1.8545133533094886e+04  -2.2084681195326441e+04
  -1.1350940838893919e+04  -5.7196265380020523e+03  -7.1042555229268664e+03  -2.1794450364887001e+04  -1.8391814149402831e+04  -2.1488485578942193e+04  -1.8546731175649689e+04  -2.2084808580229608e+04
  -1.1353710876770630e+04  -5.7165801310624047e+03  -7.1071912661594706e+03  -2.1794118650483098e+04  -1.8390042164569670e+04  -2.1488949760212668e+04  -1.8548328402908734e+04  -2.2084935493008343e+04
  -1.1356480672921365e+04  -5.7135336033878521e+03  -7.1101268607946713e+03  -2.1793786482683052e+04  -1.8388269794250577e+04  -2.1489413489795876e+04  -1.8549925214832525e+04  -2.2085061933658595e+04
  -1.1359250227287206e+04  -5.7104869550441217e+03  -7.1130623067733704e+03  -2.1793453861492031e+04  -1.8386497038479880e+04  -2.1489876767681617e+04  -1.8551521611381500e+04  -2.2085187902176287e+04
  -1.1362019539809722e+04  -5.7074401860934740e+03  -7.1159976040296178e+03  -2.1793120786916737e+04  -1.8384723897296964e+04  -2.1490339593855675e+04  -1.8553117592521325e+04  -2.2085313398560676e+04
  -1.1364788610429861e+04  -5.7043932966027969e+03  -7.1189327525065992e+03  -2.1792787258961765e+04  -1.8382950370734521e+04  -2.1490801968309217e+04  -1.8554713158210765e+04  -2.2085438422806626e+04
  -1.1367557439089180e+04  -5.7013462866343580e+03  -7.1218677521383734e+03  -2.1792453277633918e+04  -1.8381176458831931e+04  -2.1491263891028069e+04  -1.8556308308415475e+04  -2.2085562974913384e+04
  -1.1370326025728642e+04  -5.6982991562550387e+03  -7.1248026028681261e+03  -2.1792118842937769e+04  -1.8379402161621900e+04  -2.1491725362003366e+04  -1.8557903043094262e+04  -2.2085687054875838e+04
  -1.1373094370289826e+04  -5.6952519055271168e+03  -7.1277373046299354e+03  -2.1791783954880138e+04  -1.8377627479143812e+04  -2.1492186381220970e+04  -1.8559497362212802e+04  -2.2085810662693289e+04
  -1.1375862472713854e+04  -5.6922045345163351e+03  -7.1306718573647022e+03  -2.1791448613466200e+04  -1.8375852411432101e+04  -2.1492646948670728e+04  -1.8561091265731618e+04  -2.2085933798361733e+04
  -1.1378630332941862e+04  -5.6891570432884246e+03  -7.1336062610133513e+03  -2.1791112818701127e+04  -1.8374076958521171e+04  -2.1493107064342490e+04  -1.8562684753611258e+04  -2.2086056461877164e+04
  -1.1381397950915420e+04  -5.6861094319056692e+03  -7.1365405155099597e+03  -2.1790776570591715e+04  -1.8372301120450393e+04  -2.1493566728222129e+04  -1.8564277825817415e+04  -2.2086178653238916e+04
  -1.1384165326575692e+04  -5.6830617004338155e+03  -7.1394746207954422e+03  -2.1790439869143203e+04  -1.8370524897254236e+04  -2.1494025940299525e+04  -1.8565870482310671e+04  -2.2086300372443027e+04
  -1.1386932459863801e+04  -5.6800138489386054e+03  -7.1424085768107307e+03  -2.1790102714360797e+04  -1.8368748288967137e+04  -2.1494484700564546e+04  -1.8567462723051580e+04  -2.2086421619485503e+04
  -1.1389699350721374e+04  -5.6769658774823320e+03  -7.1453423834899113e+03  -2.1789765106251329e+04  -1.8366971295628500e+04  -2.1494943009003109e+04  -1.8569054548005879e+04  -2.2086542394365722e+04
  -1.1392465999089552e+04  -5.6739177861307453e+03  -7.1482760407739161e+03  -2.1789427044820037e+04  -1.8365193917272809e+04  -2.1495400865605119e+04  -1.8570645957134158e+04  -2.2086662697079752e+04
  -1.1395232404909510e+04  -5.6708695749495955e+03  -7.1512095486036751e+03  -2.1789088530072164e+04  -1.8363416153934508e+04  -2.1495858270360452e+04  -1.8572236950397019e+04  -2.2086782527623629e+04
  -1.1397998568122863e+04  -5.6678212440011812e+03  -7.1541429069132901e+03  -2.1788749562014553e+04  -1.8361638005653076e+04  -2.1496315223255086e+04  -1.8573827527760212e+04  -2.2086901885996773e+04
  -1.1400764488670762e+04  -5.6647727933512542e+03  -7.1570761156436984e+03  -2.1788410140652486e+04  -1.8359859472462947e+04  -2.1496771724278911e+04  -1.8575417689184367e+04  -2.2087020772195232e+04
  -1.1403530166494413e+04  -5.6617242230655784e+03  -7.1600091747358420e+03  -2.1788070265991235e+04  -1.8358080554398661e+04  -2.1497227773421891e+04  -1.8577007434630108e+04  -2.2087139186215132e+04
  -1.1406295601535447e+04  -5.6586755332064604e+03  -7.1629420841238316e+03  -2.1787729938037690e+04  -1.8356301251499648e+04  -2.1497683370669973e+04  -1.8578596764063215e+04  -2.2087257128055899e+04
  -1.1409060793734880e+04  -5.6556267238408063e+03  -7.1658748437508875e+03  -2.1787389156796584e+04  -1.8354521563798797e+04  -2.1498138516014435e+04  -1.8580185677442631e+04  -2.2087374597712511e+04
  -1.1411825743034395e+04  -5.6525777950309348e+03  -7.1688074535511341e+03  -2.1787047922274854e+04  -1.8352741491335582e+04  -2.1498593209441275e+04  -1.8581774174734139e+04  -2.2087491595184438e+04
  -1.1414590449375009e+04  -5.6495287468437600e+03  -7.1717399134677944e+03  -2.1786706234477271e+04  -1.8350961034142856e+04  -2.1499047450941765e+04  -1.8583362255896725e+04  -2.2087608120466710e+04
  -1.1417354912698398e+04  -5.6464795793415988e+03  -7.1746722234350036e+03  -2.1786364093410746e+04  -1.8349180192260137e+04  -2.1499501240501944e+04  -1.8584949920896179e+04  -2.2087724173558749e+04
  -1.1420119132945752e+04  -5.6434302925902166e+03  -7.1776043833937092e+03  -2.1786021499080602e+04  -1.8347398965721964e+04  -2.1499954578111778e+04  -1.8586537169693194e+04  -2.2087839754456771e+04
  -1.1422883110058301e+04  -5.6403808866554000e+03  -7.1805363932848732e+03  -2.1785678451492189e+04  -1.8345617354562881e+04  -2.1500407463761276e+04  -1.8588124002248493e+04  -2.2087954863156901e+04
  -1.1425646843977725e+04  -5.6373313615994593e+03  -7.1834682530426362e+03  -2.1785334950652468e+04  -1.8343835358822424e+04  -2.1500859897436454e+04  -1.8589710418527866e+04  -2.2088069499658632e+04
  -1.1428410334645219e+04  -5.6342817174881702e+03  -7.1863999626079649e+03  -2.1784990996566768e+04  -1.8342052978535161e+04  -2.1501311879127348e+04  -1.8591296418492097e+04  -2.2088183663958174e+04
  -1.1431173582002042e+04  -5.6312319543873282e+03  -7.1893315219218211e+03  -2.1784646589240481e+04  -1.8340270213735646e+04  -2.1501763408823972e+04  -1.8592882002101858e+04  -2.2088297356051720e+04
  -1.1433936585990037e+04  -5.6281820723580995e+03  -7.1922629309160866e+03  -2.1784301728681101e+04  -1.8338487064465109e+04  -2.1502214486511079e+04  -1.8594467169324762e+04  -2.2088410575939863e+04
  -1.1436699346550125e+04  -5.6251320714685708e+03  -7.1951941895362797e+03  -2.1783956414892975e+04  -1.8336703530754825e+04  -2.1502665112181341e+04  -1.8596051920118134e+04  -2.2088523323616646e+04
  -1.1439461863623690e+04  -5.6220819517833834e+03  -7.1981252977211016e+03  -2.1783610647881989e+04  -1.8334919612641024e+04  -2.1503115285823482e+04  -1.8597636254444420e+04  -2.2088635599079400e+04
  -1.1442224137152476e+04  -5.6190317133648668e+03  -7.2010562554047137e+03  -2.1783264427655169e+04  -1.8333135310163325e+04  -2.1503565007423629e+04  -1.8599220172269535e+04  -2.2088747402327663e+04
  -1.1444986167077708e+04  -5.6159813562788213e+03  -7.2039870625281010e+03  -2.1782917754217939e+04  -1.8331350623356309e+04  -2.1504014276971819e+04  -1.8600803673554237e+04  -2.2088858733357691e+04
  -1.1447747953340657e+04  -5.6129308805910323e+03  -7.2069177190322425e+03  -2.1782570627575700e+04  -1.8329565552254593e+04  -2.1504463094458140e+04  -1.8602386758259330e+04  -2.2088969592165740e+04
  -1.1450509495883056e+04  -5.6098802863638448e+03  -7.2098482248513155e+03  -2.1782223047735508e+04  -1.8327780096897804e+04  -2.1504911459868730e+04  -1.8603969426350741e+04  -2.2089079978751386e+04
  -1.1453270794646161e+04  -5.6068295736630607e+03  -7.2127785799263092e+03  -2.1781875014702771e+04  -1.8325994257320584e+04  -2.1505359373193667e+04  -1.8605551677789259e+04  -2.2089189893110914e+04
  -1.1456031849571251e+04  -5.6037787425544739e+03  -7.2157087841982111e+03  -2.1781526528482966e+04  -1.8324208033557552e+04  -2.1505806834423063e+04  -1.8607133512535696e+04  -2.2089299335240605e+04
  -1.1458792660600076e+04  -5.6007277931004392e+03  -7.2186388376012101e+03  -2.1781177589083170e+04  -1.8322421425648357e+04  -2.1506253843543072e+04  -1.8608714930556020e+04  -2.2089408305140085e+04
  -1.1461553227673759e+04  -5.5976767253679072e+03  -7.2215687400785737e+03  -2.1780828196508257e+04  -1.8320634433625972e+04  -2.1506700400545127e+04  -1.8610295931809331e+04  -2.2089516802804566e+04
  -1.1464313550734070e+04  -5.5946255394192385e+03  -7.2244984915644936e+03  -2.1780478350765366e+04  -1.8318847057530093e+04  -2.1507146505415432e+04  -1.8611876516261651e+04  -2.2089624828233656e+04
  -1.1467073629722117e+04  -5.5915742353213882e+03  -7.2274280920022356e+03  -2.1780128051859418e+04  -1.8317059297393695e+04  -2.1507592158145402e+04  -1.8613456683872057e+04  -2.2089732381422582e+04
  -1.1469833464579708e+04  -5.5885228131367166e+03  -7.2303575413260032e+03  -2.1779777299797519e+04  -1.8315271153256457e+04  -2.1508037358721282e+04  -1.8615036434606583e+04  -2.2089839462371012e+04
  -1.1472593055248113e+04  -5.5854712729310386e+03  -7.2332868394768047e+03  -2.1779426094585186e+04  -1.8313482625153087e+04  -2.1508482107133193e+04  -1.8616615768426087e+04  -2.2089946071075276e+04
  -1.1475352401668655e+04  -5.5824196147701650e+03  -7.2362159863956604e+03  -2.1779074436227915e+04  -1.8311693713118260e+04  -2.1508926403371308e+04  -1.8618194685291437e+04  -2.2090052207531760e+04
  -1.1478111503783130e+04  -5.5793678387164700e+03  -7.2391449820167636e+03  -2.1778722324732840e+04  -1.8309904417191683e+04  -2.1509370247421877e+04  -1.8619773185168669e+04  -2.2090157871740117e+04
  -1.1480870361532847e+04  -5.5763159448357674e+03  -7.2420738262811465e+03  -2.1778369760105506e+04  -1.8308114737408068e+04  -2.1509813639275053e+04  -1.8621351268018661e+04  -2.2090263063696744e+04
  -1.1483628974859123e+04  -5.5732639331938763e+03  -7.2450025191298282e+03  -2.1778016742351425e+04  -1.8306324673802123e+04  -2.1510256578921046e+04  -1.8622928933802345e+04  -2.2090367783398051e+04
  -1.1486387343703767e+04  -5.5702118038531780e+03  -7.2479310604970196e+03  -2.1777663271477766e+04  -1.8304534226413591e+04  -2.1510699066346115e+04  -1.8624506182485773e+04  -2.2090472030843714e+04
