  -1.0587837950709116e+04  -6.6439273452315001e+03  -6.2641231576095597e+03  -2.1901877193246946e+04  -1.8907354472761548e+04  -2.1347929211042039e+04  -1.8073762062870934e+04  -2.2011530419697086e+04
  -1.0590672880231401e+04  -6.6409224152518545e+03  -6.2671034643921193e+03  -2.1901675352989823e+04  -1.8905691721316434e+04  -2.1348530181599246e+04  -1.8075471135004678e+04  -2.2011787873576402e+04
  -1.0593507584216097e+04  -6.6379173449378204e+03  -6.2700836401421366e+03  -2.1901473057454969e+04  -1.8904028573909924e+04  -2.1349130703931722e+04  -1.8077179802989347e+04  -2.2012044856967404e+04
  -1.0596342062603017e+04  -6.6349121343531606e+03  -6.2730636847973083e+03  -2.1901270306645387e+04  -1.8902365030575736e+04  -2.1349730778025147e+04  -1.8078888066784613e+04  -2.2012301369864330e+04
  -1.0599176315332015e+04  -6.6319067835616643e+03  -6.2760435982953286e+03  -2.1901067100564091e+04  -1.8900701091347568e+04  -2.1350330403865173e+04  -1.8080595926350175e+04  -2.2012557412261445e+04
  -1.0602010342342917e+04  -6.6289012926271043e+03  -6.2790233805739099e+03  -2.1900863439214132e+04  -1.8899036756259149e+04  -2.1350929581437449e+04  -1.8082303381645699e+04  -2.2012812984152981e+04
  -1.0604844143575576e+04  -6.6258956616132627e+03  -6.2820030315707545e+03  -2.1900659322598534e+04  -1.8897372025344215e+04  -2.1351528310727677e+04  -1.8084010432630901e+04  -2.2013068085533218e+04
  -1.0607677718969835e+04  -6.6228898905839187e+03  -6.2849825512235657e+03  -2.1900454750720382e+04  -1.8895706898636490e+04  -2.1352126591721528e+04  -1.8085717079265480e+04  -2.2013322716396451e+04
  -1.0610511068465576e+04  -6.6198839796028606e+03  -6.2879619394700594e+03  -2.1900249723582692e+04  -1.8894041376169764e+04  -2.1352724424404696e+04  -1.8087423321509152e+04  -2.2013576876736919e+04
  -1.0613344192002623e+04  -6.6168779287338757e+03  -6.2909411962479498e+03  -2.1900044241188560e+04  -1.8892375457977741e+04  -2.1353321808762892e+04  -1.8089129159321648e+04  -2.2013830566548964e+04
  -1.0616177089520874e+04  -6.6138717380407579e+03  -6.2939203214949457e+03  -2.1899838303541070e+04  -1.8890709144094220e+04  -2.1353918744781833e+04  -1.8090834592662690e+04  -2.2014083785826875e+04
  -1.0619009760960174e+04  -6.6108654075873001e+03  -6.2968993151487739e+03  -2.1899631910643311e+04  -1.8889042434552968e+04  -2.1354515232447247e+04  -1.8092539621492066e+04  -2.2014336534564980e+04
  -1.0621842206260422e+04  -6.6078589374373014e+03  -6.2998781771471513e+03  -2.1899425062498351e+04  -1.8887375329387756e+04  -2.1355111271744849e+04  -1.8094244245769474e+04  -2.2014588812757582e+04
  -1.0624674425361485e+04  -6.6048523276545593e+03  -6.3028569074278012e+03  -2.1899217759109328e+04  -1.8885707828632378e+04  -2.1355706862660394e+04  -1.8095948465454723e+04  -2.2014840620399056e+04
  -1.0627506418203246e+04  -6.6018455783028730e+03  -6.3058355059284540e+03  -2.1899010000479357e+04  -1.8884039932320640e+04  -2.1356302005179612e+04  -1.8097652280507558e+04  -2.2015091957483699e+04
  -1.0630338184725608e+04  -6.5988386894460500e+03  -6.3088139725868405e+03  -2.1898801786611548e+04  -1.8882371640486333e+04  -2.1356896699288325e+04  -1.8099355690887762e+04  -2.2015342824005918e+04
  -1.0633169724868456e+04  -6.5958316611479013e+03  -6.3117923073406864e+03  -2.1898593117509045e+04  -1.8880702953163276e+04  -2.1357490944972240e+04  -1.8101058696555127e+04  -2.2015593219960050e+04
  -1.0636001038571687e+04  -6.5928244934722306e+03  -6.3147705101277352e+03  -2.1898383993174994e+04  -1.8879033870385316e+04  -2.1358084742217125e+04  -1.8102761297469464e+04  -2.2015843145340488e+04
  -1.0638832125775225e+04  -6.5898171864828537e+03  -6.3177485808857164e+03  -2.1898174413612542e+04  -1.8877364392186253e+04  -2.1358678091008820e+04  -1.8104463493590578e+04  -2.2016092600141612e+04
  -1.0641662986418964e+04  -6.5868097402435887e+03  -6.3207265195523769e+03  -2.1897964378824854e+04  -1.8875694518599954e+04  -2.1359270991333102e+04  -1.8106165284878280e+04  -2.2016341584357837e+04
  -1.0644493620442820e+04  -6.5838021548182496e+03  -6.3237043260654618e+03  -2.1897753888815110e+04  -1.8874024249660262e+04  -2.1359863443175749e+04  -1.8107866671292391e+04  -2.2016590097983539e+04
  -1.0647324027786721e+04  -6.5807944302706601e+03  -6.3266820003627090e+03  -2.1897542943586483e+04  -1.8872353585400990e+04  -2.1360455446522636e+04  -1.8109567652792750e+04  -2.2016838141013173e+04
  -1.0650154208390582e+04  -6.5777865666646467e+03  -6.3296595423818699e+03  -2.1897331543142165e+04  -1.8870682525856060e+04  -2.1361047001359526e+04  -1.8111268229339210e+04  -2.2017085713441131e+04
  -1.0652984162194345e+04  -6.5747785640640250e+03  -6.3326369520606986e+03  -2.1897119687485352e+04  -1.8869011071059329e+04  -2.1361638107672290e+04  -1.8112968400891619e+04  -2.2017332815261885e+04
  -1.0655813889137935e+04  -6.5717704225326361e+03  -6.3356142293369494e+03  -2.1896907376619256e+04  -1.8867339221044662e+04  -2.1362228765446740e+04  -1.8114668167409844e+04  -2.2017579446469859e+04
  -1.0658643389161303e+04  -6.5687621421343038e+03  -6.3385913741483746e+03  -2.1896694610547103e+04  -1.8865666975845976e+04  -2.1362818974668768e+04  -1.8116367528853749e+04  -2.2017825607059520e+04
  -1.0661472662204367e+04  -6.5657537229328664e+03  -6.3415683864327375e+03  -2.1896481389272096e+04  -1.8863994335497140e+04  -2.1363408735324203e+04  -1.8118066485183223e+04  -2.2018071297025333e+04
  -1.0664301708207118e+04  -6.5627451649921577e+03  -6.3445452661277977e+03  -2.1896267712797515e+04  -1.8862321300032079e+04  -2.1363998047398931e+04  -1.8119765036358152e+04  -2.2018316516361785e+04
  -1.0667130527109475e+04  -6.5597364683760206e+03  -6.3475220131713249e+03  -2.1896053581126562e+04  -1.8860647869484699e+04  -2.1364586910878832e+04  -1.8121463182338426e+04  -2.2018561265063356e+04
  -1.0669959118851411e+04  -6.5567276331482990e+03  -6.3504986275010833e+03  -2.1895838994262522e+04  -1.8858974043888942e+04  -2.1365175325749780e+04  -1.8123160923083979e+04  -2.2018805543124552e+04
  -1.0672787483372902e+04  -6.5537186593728275e+03  -6.3534751090548471e+03  -2.1895623952208647e+04  -1.8857299823278703e+04  -2.1365763291997693e+04  -1.8124858258554701e+04  -2.2019049350539903e+04
  -1.0675615620613904e+04  -6.5507095471134653e+03  -6.3564514577703812e+03  -2.1895408454968197e+04  -1.8855625207687957e+04  -2.1366350809608459e+04  -1.8126555188710525e+04  -2.2019292687303863e+04
  -1.0678443530514391e+04  -6.5477002964340600e+03  -6.3594276735854692e+03  -2.1895192502544473e+04  -1.8853950197150643e+04  -2.1366937878567998e+04  -1.8128251713511403e+04  -2.2019535553411024e+04
  -1.0681271213014350e+04  -6.5446909073984616e+03  -6.3624037564378887e+03  -2.1894976094940783e+04  -1.8852274791700725e+04  -2.1367524498862243e+04  -1.8129947832917263e+04  -2.2019777948855921e+04
  -1.0684098668053755e+04  -6.5416813800705240e+03  -6.3653797062654176e+03  -2.1894759232160381e+04  -1.8850598991372142e+04  -2.1368110670477123e+04  -1.8131643546888059e+04  -2.2020019873633068e+04
  -1.0686925895572598e+04  -6.5386717145141101e+03  -6.3683555230058446e+03  -2.1894541914206635e+04  -1.8848922796198891e+04  -2.1368696393398597e+04  -1.8133338855383758e+04  -2.2020261327737044e+04
  -1.0689752895510881e+04  -6.5356619107930774e+03  -6.3713312065969549e+03  -2.1894324141082823e+04  -1.8847246206214946e+04  -2.1369281667612591e+04  -1.8135033758364334e+04  -2.2020502311162429e+04
  -1.0692579667808599e+04  -6.5326519689712932e+03  -6.3743067569765344e+03  -2.1894105912792278e+04  -1.8845569221454294e+04  -2.1369866493105081e+04  -1.8136728255789771e+04  -2.2020742823903776e+04
  -1.0695406212405769e+04  -6.5296418891126241e+03  -6.3772821740823838e+03  -2.1893887229338357e+04  -1.8843891841950928e+04  -2.1370450869862034e+04  -1.8138422347620060e+04  -2.2020982865955684e+04
  -1.0698232529242372e+04  -6.5266316712809348e+03  -6.3802574578522854e+03  -2.1893668090724401e+04  -1.8842214067738871e+04  -2.1371034797869466e+04  -1.8140116033815186e+04  -2.2021222437312794e+04
  -1.0701058618258445e+04  -6.5236213155400965e+03  -6.3832326082240497e+03  -2.1893448496953773e+04  -1.8840535898852140e+04  -2.1371618277113303e+04  -1.8141809314335165e+04  -2.2021461537969659e+04
  -1.0703884479393993e+04  -6.5206108219539856e+03  -6.3862076251354756e+03  -2.1893228448029819e+04  -1.8838857335324752e+04  -2.1372201307579584e+04  -1.8143502189140017e+04  -2.2021700167920921e+04
  -1.0706710112589051e+04  -6.5176001905864832e+03  -6.3891825085243609e+03  -2.1893007943955927e+04  -1.8837178377190721e+04  -2.1372783889254308e+04  -1.8145194658189761e+04  -2.2021938327161224e+04
  -1.0709535517783652e+04  -6.5145894215014569e+03  -6.3921572583285124e+03  -2.1892786984735500e+04  -1.8835499024484103e+04  -2.1373366022123500e+04  -1.8146886721444444e+04  -2.2022176015685189e+04
  -1.0712360694917817e+04  -6.5115785147628048e+03  -6.3951318744857426e+03  -2.1892565570371899e+04  -1.8833819277238941e+04  -2.1373947706173170e+04  -1.8148578378864106e+04  -2.2022413233487470e+04
  -1.0715185643931587e+04  -6.5085674704343992e+03  -6.3981063569338576e+03  -2.1892343700868543e+04  -1.8832139135489306e+04  -2.1374528941389377e+04  -1.8150269630408799e+04  -2.2022649980562735e+04
  -1.0718010364765008e+04  -6.5055562885801282e+03  -6.4010807056106778e+03  -2.1892121376228846e+04  -1.8830458599269252e+04  -2.1375109727758147e+04  -1.8151960476038581e+04  -2.2022886256905640e+04
  -1.0720834857358135e+04  -6.5025449692638867e+03  -6.4040549204540157e+03  -2.1891898596456231e+04  -1.8828777668612853e+04  -2.1375690065265535e+04  -1.8153650915713541e+04  -2.2023122062510894e+04
  -1.0723659121651013e+04  -6.4995335125495658e+03  -6.4070290014016991e+03  -2.1891675361554117e+04  -1.8827096343554193e+04  -2.1376269953897601e+04  -1.8155340949393747e+04  -2.2023357397373165e+04
  -1.0726483157583716e+04  -6.4965219185010610e+03  -6.4100029483915432e+03  -2.1891451671525960e+04  -1.8825414624127370e+04  -2.1376849393640441e+04  -1.8157030577039284e+04  -2.2023592261487152e+04
  -1.0729306965096286e+04  -6.4935101871822699e+03  -6.4129767613613712e+03  -2.1891227526375202e+04  -1.8823732510366455e+04  -2.1377428384480110e+04  -1.8158719798610262e+04  -2.2023826654847580e+04
  -1.0732130544128804e+04  -6.4904983186570953e+03  -6.4159504402490193e+03  -2.1891002926105310e+04  -1.8822050002305579e+04  -2.1378006926402719e+04  -1.8160408614066801e+04  -2.2024060577449163e+04
  -1.0734953894621334e+04  -6.4874863129894384e+03  -6.4189239849923106e+03  -2.1890777870719750e+04  -1.8820367099978841e+04  -2.1378585019394341e+04  -1.8162097023368980e+04  -2.2024294029286615e+04
  -1.0737777016513979e+04  -6.4844741702432020e+03  -6.4218973955290840e+03  -2.1890552360221984e+04  -1.8818683803420390e+04  -2.1379162663441126e+04  -1.8163785026476977e+04  -2.2024527010354730e+04
  -1.0740599909746805e+04  -6.4814618904822983e+03  -6.4248706717971745e+03  -2.1890326394615502e+04  -1.8817000112664329e+04  -2.1379739858529156e+04  -1.8165472623350881e+04  -2.2024759520648186e+04
  -1.0743422574259896e+04  -6.4784494737706400e+03  -6.4278438137344210e+03  -2.1890099973903827e+04  -1.8815316027744822e+04  -2.1380316604644569e+04  -1.8167159813950857e+04  -2.2024991560161820e+04
  -1.0746245009993354e+04  -6.4754369201721320e+03  -6.4308168212786641e+03  -2.1889873098090426e+04  -1.8813631548695994e+04  -2.1380892901773503e+04  -1.8168846598237080e+04  -2.2025223128890342e+04
  -1.0749067216887286e+04  -6.4724242297507035e+03  -6.4337896943677524e+03  -2.1889645767178852e+04  -1.8811946675552019e+04  -2.1381468749902109e+04  -1.8170532976169670e+04  -2.2025454226828577e+04
  -1.0751889194881771e+04  -6.4694114025702684e+03  -6.4367624329395312e+03  -2.1889417981172588e+04  -1.8810261408347058e+04  -2.1382044149016536e+04  -1.8172218947708829e+04  -2.2025684853971277e+04
  -1.0754710943916938e+04  -6.4663984386947413e+03  -6.4397350369318474e+03  -2.1889189740075199e+04  -1.8808575747115272e+04  -2.1382619099102951e+04  -1.8173904512814741e+04  -2.2025915010313263e+04
  -1.0757532463932901e+04  -6.4633853381880526e+03  -6.4427075062825579e+03  -2.1888961043890216e+04  -1.8806889691890865e+04  -2.1383193600147522e+04  -1.8175589671447571e+04  -2.2026144695849362e+04
  -1.0760353754869770e+04  -6.4603721011141342e+03  -6.4456798409295170e+03  -2.1888731892621192e+04  -1.8805203242708008e+04  -2.1383767652136445e+04  -1.8177274423567553e+04  -2.2026373910574381e+04
  -1.0763174816667668e+04  -6.4573587275369046e+03  -6.4486520408105844e+03  -2.1888502286271680e+04  -1.8803516399600911e+04  -2.1384341255055904e+04  -1.8178958769134864e+04  -2.2026602654483169e+04
  -1.0765995649266732e+04  -6.4543452175203047e+03  -6.4516241058636206e+03  -2.1888272224845259e+04  -1.8801829162603779e+04  -2.1384914408892080e+04  -1.8180642708109739e+04  -2.2026830927570551e+04
  -1.0768816252607081e+04  -6.4513315711282639e+03  -6.4545960360264917e+03  -2.1888041708345514e+04  -1.8800141531750825e+04  -2.1385487113631210e+04  -1.8182326240452407e+04  -2.2027058729831377e+04
  -1.0771636626628873e+04  -6.4483177884247234e+03  -6.4575678312370610e+03  -2.1887810736776020e+04  -1.8798453507076258e+04  -2.1386059369259525e+04  -1.8184009366123089e+04  -2.2027286061260504e+04
  -1.0774456771272242e+04  -6.4453038694736242e+03  -6.4605394914332010e+03  -2.1887579310140380e+04  -1.8796765088614327e+04  -2.1386631175763217e+04  -1.8185692085082046e+04  -2.2027512921852831e+04
  -1.0777276686477335e+04  -6.4422898143389029e+03  -6.4635110165527813e+03  -2.1887347428442190e+04  -1.8795076276399275e+04  -2.1387202533128555e+04  -1.8187374397289532e+04  -2.2027739311603214e+04
  -1.0780096372184307e+04  -6.4392756230845080e+03  -6.4664824065336798e+03  -2.1887115091685100e+04  -1.8793387070465342e+04  -2.1387773441341760e+04  -1.8189056302705820e+04  -2.2027965230506565e+04
  -1.0782915828333316e+04  -6.4362612957743859e+03  -6.4694536613137761e+03  -2.1886882299872697e+04  -1.8791697470846779e+04  -2.1388343900389104e+04  -1.8190737801291143e+04  -2.2028190678557778e+04
  -1.0785735054864530e+04  -6.4332468324724914e+03  -6.4724247808309428e+03  -2.1886649053008638e+04  -1.8790007477577867e+04  -2.1388913910256855e+04  -1.8192418893005830e+04  -2.2028415655751764e+04
  -1.0788554051718109e+04  -6.4302322332427739e+03  -6.4753957650230723e+03  -2.1886415351096559e+04  -1.8788317090692846e+04  -2.1389483470931285e+04  -1.8194099577810139e+04  -2.2028640162083459e+04
  -1.0791372818834232e+04  -6.4272174981491889e+03  -6.4783666138280478e+03  -2.1886181194140117e+04  -1.8786626310226038e+04  -2.1390052582398657e+04  -1.8195779855664390e+04  -2.2028864197547777e+04
  -1.0794191356153084e+04  -6.4242026272556977e+03  -6.4813373271837563e+03  -2.1885946582142980e+04  -1.8784935136211716e+04  -2.1390621244645296e+04  -1.8197459726528894e+04  -2.2029087762139679e+04
  -1.0797009663614839e+04  -6.4211876206262568e+03  -6.4843079050280949e+03  -2.1885711515108793e+04  -1.8783243568684175e+04  -2.1391189457657474e+04  -1.8199139190363938e+04  -2.2029310855854113e+04
  -1.0799827741159690e+04  -6.4181724783248301e+03  -6.4872783472989522e+03  -2.1885475993041266e+04  -1.8781551607677731e+04  -2.1391757221421547e+04  -1.8200818247129886e+04  -2.2029533478686033e+04
  -1.0802645588727826e+04  -6.4151572004153868e+03  -6.4902486539342308e+03  -2.1885240015944095e+04  -1.8779859253226678e+04  -2.1392324535923788e+04  -1.8202496896787070e+04  -2.2029755630630432e+04
  -1.0805463206259452e+04  -6.4121417869618936e+03  -6.4932188248718248e+03  -2.1885003583820948e+04  -1.8778166505365363e+04  -2.1392891401150548e+04  -1.8204175139295810e+04  -2.2029977311682280e+04
  -1.0808280593694764e+04  -6.4091262380283233e+03  -6.4961888600496432e+03  -2.1884766696675553e+04  -1.8776473364128095e+04  -2.1393457817088172e+04  -1.8205852974616497e+04  -2.2030198521836573e+04
  -1.0811097750973975e+04  -6.4061105536786481e+03  -6.4991587594055900e+03  -2.1884529354511636e+04  -1.8774779829549239e+04  -2.1394023783723012e+04  -1.8207530402709472e+04  -2.2030419261088315e+04
  -1.0813914678037310e+04  -6.4030947339768463e+03  -6.5021285228775696e+03  -2.1884291557332897e+04  -1.8773085901663122e+04  -2.1394589301041382e+04  -1.8209207423535114e+04  -2.2030639529432512e+04
  -1.0816731374824960e+04  -6.4000787789868937e+03  -6.5050981504035044e+03  -2.1884053305143116e+04  -1.8771391580504100e+04  -2.1395154369029700e+04  -1.8210884037053802e+04  -2.2030859326864207e+04
  -1.0819547841277179e+04  -6.3970626887727722e+03  -6.5080676419212959e+03  -2.1883814597945988e+04  -1.8769696866106555e+04  -2.1395718987674314e+04  -1.8212560243225937e+04  -2.2031078653378412e+04
  -1.0822364077334172e+04  -6.3940464633984711e+03  -6.5110369973688694e+03  -2.1883575435745293e+04  -1.8768001758504848e+04  -2.1396283156961636e+04  -1.8214236042011908e+04  -2.2031297508970194e+04
  -1.0825180082936191e+04  -6.3910301029279753e+03  -6.5140062166841444e+03  -2.1883335818544809e+04  -1.8766306257733351e+04  -2.1396846876878026e+04  -1.8215911433372137e+04  -2.2031515893634594e+04
  -1.0827995858023467e+04  -6.3880136074252696e+03  -6.5169752998050371e+03  -2.1883095746348306e+04  -1.8764610363826476e+04  -2.1397410147409908e+04  -1.8217586417267034e+04  -2.2031733807366676e+04
  -1.0830811402536234e+04  -6.3849969769543504e+03  -6.5199442466694763e+03  -2.1882855219159545e+04  -1.8762914076818604e+04  -2.1397972968543683e+04  -1.8219260993657030e+04  -2.2031951250161535e+04
  -1.0833626716414754e+04  -6.3819802115792090e+03  -6.5229130572153917e+03  -2.1882614236982328e+04  -1.8761217396744163e+04  -2.1398535340265804e+04  -1.8220935162502570e+04  -2.2032168222014221e+04
  -1.0836441799599277e+04  -6.3789633113638474e+03  -6.5258817313807149e+03  -2.1882372799820449e+04  -1.8759520323637513e+04  -2.1399097262562664e+04  -1.8222608923764095e+04  -2.2032384722919851e+04
  -1.0839256652030061e+04  -6.3759462763722595e+03  -6.5288502691033773e+03  -2.1882130907677740e+04  -1.8757822857533152e+04  -2.1399658735420708e+04  -1.8224282277402057e+04  -2.2032600752873543e+04
  -1.0842071273647380e+04  -6.3729291066684546e+03  -6.5318186703213178e+03  -2.1881888560558011e+04  -1.8756124998465471e+04  -2.1400219758826406e+04  -1.8225955223376932e+04  -2.2032816311870389e+04
  -1.0844885664391477e+04  -6.3699118023164319e+03  -6.5347869349724751e+03  -2.1881645758465082e+04  -1.8754426746468882e+04  -2.1400780332766219e+04  -1.8227627761649175e+04  -2.2033031399905503e+04
  -1.0847699824202657e+04  -6.3668943633802010e+03  -6.5377550629947882e+03  -2.1881402501402816e+04  -1.8752728101577894e+04  -2.1401340457226594e+04  -1.8229299892179286e+04  -2.2033246016974070e+04
  -1.0850513753021172e+04  -6.3638767899237673e+03  -6.5407230543262049e+03  -2.1881158789375033e+04  -1.8751029063826903e+04  -2.1401900132194009e+04  -1.8230971614927763e+04  -2.2033460163071173e+04
  -1.0853327450787330e+04  -6.3608590820111567e+03  -6.5436909089046776e+03  -2.1880914622385608e+04  -1.8749329633250407e+04  -2.1402459357654956e+04  -1.8232642929855094e+04  -2.2033673838192004e+04
  -1.0856140917441398e+04  -6.3578412397063676e+03  -6.5466586266681425e+03  -2.1880670000438386e+04  -1.8747629809882885e+04  -2.1403018133595946e+04  -1.8234313836921785e+04  -2.2033887042331746e+04
  -1.0858954152923687e+04  -6.3548232630734301e+03  -6.5496262075545746e+03  -2.1880424923537270e+04  -1.8745929593758807e+04  -2.1403576460003453e+04  -1.8235984336088361e+04  -2.2034099775485531e+04
  -1.0861767157174481e+04  -6.3518051521763637e+03  -6.5525936515019121e+03  -2.1880179391686132e+04  -1.8744228984912646e+04  -2.1404134336864019e+04  -1.8237654427315374e+04  -2.2034312037648579e+04
  -1.0864579930134103e+04  -6.3487869070791812e+03  -6.5555609584481235e+03  -2.1879933404888852e+04  -1.8742527983378932e+04  -2.1404691764164163e+04  -1.8239324110563342e+04  -2.2034523828816065e+04
  -1.0867392471742847e+04  -6.3457685278459176e+03  -6.5585281283311624e+03  -2.1879686963149365e+04  -1.8740826589192126e+04  -2.1405248741890409e+04  -1.8240993385792808e+04  -2.2034735148983196e+04
  -1.0870204781941027e+04  -6.3427500145405984e+03  -6.5614951610890048e+03  -2.1879440066471547e+04  -1.8739124802386785e+04  -2.1405805270029297e+04  -1.8242662252964339e+04  -2.2034945998145213e+04
  -1.0873016860668979e+04  -6.3397313672272558e+03  -6.5644620566596104e+03  -2.1879192714859371e+04  -1.8737422622997416e+04  -2.1406361348567385e+04  -1.8244330712038500e+04  -2.2035156376297316e+04
  -1.0875828707867002e+04  -6.3367125859699199e+03  -6.5674288149809481e+03  -2.1878944908316702e+04  -1.8735720051058543e+04  -2.1406916977491226e+04  -1.8245998762975854e+04  -2.2035366283434749e+04
  -1.0878640323475440e+04  -6.3336936708326293e+03  -6.5703954359910012e+03  -2.1878696646847533e+04  -1.8734017086604712e+04  -2.1407472156787408e+04  -1.8247666405736996e+04  -2.2035575719552759e+04
  -1.0881451707434633e+04  -6.3306746218794215e+03  -6.5733619196277350e+03  -2.1878447930455786e+04  -1.8732313729670470e+04  -2.1408026886442465e+04  -1.8249333640282523e+04  -2.2035784684646605e+04
  -1.0884262859684904e+04  -6.3276554391743375e+03  -6.5763282658291319e+03  -2.1878198759145420e+04  -1.8730609980290359e+04  -2.1408581166443037e+04  -1.8251000466573041e+04  -2.2035993178711564e+04
  -1.0887073780166611e+04  -6.3246361227814159e+03  -6.5792944745331761e+03  -2.1877949132920432e+04  -1.8728905838498973e+04  -2.1409134996775683e+04  -1.8252666884569149e+04  -2.2036201201742886e+04
  -1.0889884468820101e+04  -6.3216166727647114e+03  -6.5822605456778483e+03  -2.1877699051784773e+04  -1.8727201304330862e+04  -2.1409688377427043e+04  -1.8254332894231477e+04  -2.2036408753735883e+04
  -1.0892694925585718e+04  -6.3185970891882689e+03  -6.5852264792011392e+03  -2.1877448515742421e+04  -1.8725496377820589e+04  -2.1410241308383709e+04  -1.8255998495520646e+04  -2.2036615834685839e+04
  -1.0895505150403838e+04  -6.3155773721161422e+03  -6.5881922750410367e+03  -2.1877197524797411e+04  -1.8723791059002782e+04  -2.1410793789632313e+04  -1.8257663688397308e+04  -2.2036822444588073e+04
  -1.0898315143214821e+04  -6.3125575216123761e+03  -6.5911579331355324e+03  -2.1876946078953704e+04  -1.8722085347912020e+04  -2.1411345821159481e+04  -1.8259328472822090e+04  -2.2037028583437892e+04
  -1.0901124903959031e+04  -6.3095375377410337e+03  -6.5941234534226278e+03  -2.1876694178215337e+04  -1.8720379244582906e+04  -2.1411897402951858e+04  -1.8260992848755679e+04  -2.2037234251230610e+04
  -1.0903934432576836e+04  -6.3065174205661751e+03  -6.5970888358403172e+03  -2.1876441822586345e+04  -1.8718672749050053e+04  -2.1412448534996103e+04  -1.8262656816158724e+04  -2.2037439447961595e+04
  -1.0906743729008631e+04  -6.3034971701518598e+03  -6.6000540803266031e+03  -2.1876189012070743e+04  -1.8716965861348086e+04  -2.1412999217278881e+04  -1.8264320374991908e+04  -2.2037644173626173e+04
  -1.0909552793194793e+04  -6.3004767865621507e+03  -6.6030191868194861e+03  -2.1875935746672567e+04  -1.8715258581511625e+04  -2.1413549449786846e+04  -1.8265983525215917e+04  -2.2037848428219717e+04
  -1.0912361625075730e+04  -6.2974562698611162e+03  -6.6059841552569769e+03  -2.1875682026395887e+04  -1.8713550909575333e+04  -2.1414099232506691e+04  -1.8267646266791431e+04  -2.2038052211737577e+04
  -1.0915170224591797e+04  -6.2944356201128239e+03  -6.6089489855770971e+03  -2.1875427851244756e+04  -1.8711842845573829e+04  -2.1414648565425101e+04  -1.8269308599679167e+04  -2.2038255524175147e+04
  -1.0917978591683426e+04  -6.2914148373813423e+03  -6.6119136777178328e+03  -2.1875173221223227e+04  -1.8710134389541799e+04  -2.1415197448528776e+04  -1.8270970523839846e+04  -2.2038458365527804e+04
  -1.0920786726291011e+04  -6.2883939217307525e+03  -6.6148782316172228e+03  -2.1874918136335411e+04  -1.8708425541513861e+04  -2.1415745881804440e+04  -1.8272632039234173e+04  -2.2038660735790945e+04
  -1.0923594628354964e+04  -6.2853728732251275e+03  -6.6178426472132705e+03  -2.1874662596585382e+04  -1.8706716301524724e+04  -2.1416293865238767e+04  -1.8274293145822881e+04  -2.2038862634959998e+04
  -1.0926402297815705e+04  -6.2823516919285494e+03  -6.6208069244440103e+03  -2.1874406601977247e+04  -1.8705006669609065e+04  -2.1416841398818524e+04  -1.8275953843566727e+04  -2.2039064063030368e+04
  -1.0929209734613645e+04  -6.2793303779050939e+03  -6.6237710632474591e+03  -2.1874150152515085e+04  -1.8703296645801543e+04  -2.1417388482530434e+04  -1.8277614132426454e+04  -2.2039265019997471e+04
  -1.0932016938689223e+04  -6.2763089312188486e+03  -6.6267350635616467e+03  -2.1873893248203040e+04  -1.8701586230136883e+04  -2.1417935116361223e+04  -1.8279274012362806e+04  -2.2039465505856766e+04
  -1.0934823909982852e+04  -6.2732873519339037e+03  -6.6296989253246002e+03  -2.1873635889045217e+04  -1.8699875422649799e+04  -2.1418481300297670e+04  -1.8280933483336572e+04  -2.2039665520603685e+04
  -1.0937630648434979e+04  -6.2702656401143395e+03  -6.6326626484743529e+03  -2.1873378075045777e+04  -1.8698164223374963e+04  -2.1419027034326526e+04  -1.8282592545308522e+04  -2.2039865064233705e+04
  -1.0940437153986039e+04  -6.2672437958242590e+03  -6.6356262329489409e+03  -2.1873119806208833e+04  -1.8696452632347133e+04  -2.1419572318434562e+04  -1.8284251198239432e+04  -2.2040064136742269e+04
  -1.0943243426576479e+04  -6.2642218191277516e+03  -6.6385896786864050e+03  -2.1872861082538555e+04  -1.8694740649601015e+04  -2.1420117152608578e+04  -1.8285909442090106e+04  -2.2040262738124897e+04
  -1.0946049466146758e+04  -6.2611997100889112e+03  -6.6415529856247822e+03  -2.1872601904039115e+04  -1.8693028275171364e+04  -2.1420661536835334e+04  -1.8287567276821355e+04  -2.2040460868377038e+04
  -1.0948855272637318e+04  -6.2581774687718416e+03  -6.6445161537021177e+03  -2.1872342270714682e+04  -1.8691315509092925e+04  -2.1421205471101650e+04  -1.8289224702393989e+04  -2.2040658527494204e+04
  -1.0951660845988628e+04  -6.2551550952406451e+03  -6.6474791828564612e+03  -2.1872082182569407e+04  -1.8689602351400441e+04  -2.1421748955394331e+04  -1.8290881718768836e+04  -2.2040855715471920e+04
  -1.0954466186141148e+04  -6.2521325895594246e+03  -6.6504420730258598e+03  -2.1871821639607511e+04  -1.8687888802128680e+04  -2.1422291989700196e+04  -1.8292538325906713e+04  -2.2041052432305689e+04
  -1.0957271293035355e+04  -6.2491099517922858e+03  -6.6534048241483661e+03  -2.1871560641833184e+04  -1.8686174861312404e+04  -2.1422834574006054e+04  -1.8294194523768485e+04  -2.2041248677991040e+04
  -1.0960076166611723e+04  -6.2460871820033417e+03  -6.6563674361620388e+03  -2.1871299189250636e+04  -1.8684460528986419e+04  -2.1423376708298780e+04  -1.8295850312314975e+04  -2.2041444452523512e+04
  -1.0962880806810734e+04  -6.2430642802567008e+03  -6.6593299090049341e+03  -2.1871037281864108e+04  -1.8682745805185481e+04  -2.1423918392565189e+04  -1.8297505691507064e+04  -2.2041639755898679e+04
  -1.0965685213572884e+04  -6.2400412466164798e+03  -6.6622922426151108e+03  -2.1870774919677788e+04  -1.8681030689944404e+04  -2.1424459626792148e+04  -1.8299160661305625e+04  -2.2041834588112066e+04
  -1.0968489386838637e+04  -6.2370180811467962e+03  -6.6652544369306415e+03  -2.1870512102695924e+04  -1.8679315183297993e+04  -2.1425000410966528e+04  -1.8300815221671517e+04  -2.2042028949159263e+04
  -1.0971293326548510e+04  -6.2339947839117704e+03  -6.6682164918895814e+03  -2.1870248830922759e+04  -1.8677599285281045e+04  -2.1425540745075177e+04  -1.8302469372565647e+04  -2.2042222839035847e+04
  -1.0974097032643003e+04  -6.2309713549755252e+03  -6.6711784074300094e+03  -2.1869985104362571e+04  -1.8675882995928394e+04  -2.1426080629105003e+04  -1.8304123113948895e+04  -2.2042416257737405e+04
  -1.0976900505062617e+04  -6.2279477944021792e+03  -6.6741401834899925e+03  -2.1869720923019613e+04  -1.8674166315274862e+04  -2.1426620063042883e+04  -1.8305776445782187e+04  -2.2042609205259549e+04
  -1.0979703743747868e+04  -6.2249241022558681e+03  -6.6771018200076169e+03  -2.1869456286898148e+04  -1.8672449243355284e+04  -2.1427159046875735e+04  -1.8307429368026431e+04  -2.2042801681597863e+04
  -1.0982506748639273e+04  -6.2219002786007177e+03  -6.6800633169209459e+03  -2.1869191196002477e+04  -1.8670731780204536e+04  -2.1427697580590451e+04  -1.8309081880642534e+04  -2.2042993686748003e+04
  -1.0985309519677347e+04  -6.2188763235008564e+03  -6.6830246741680685e+03  -2.1868925650336878e+04  -1.8669013925857409e+04  -2.1428235664173953e+04  -1.8310733983591461e+04  -2.2043185220705571e+04
  -1.0988112056802625e+04  -6.2158522370204291e+03  -6.6859858916870689e+03  -2.1868659649905654e+04  -1.8667295680348831e+04  -2.1428773297613188e+04  -1.8312385676834139e+04  -2.2043376283466227e+04
  -1.0990914359955634e+04  -6.2128280192235625e+03  -6.6889469694160316e+03  -2.1868393194713117e+04  -1.8665577043713638e+04  -2.1429310480895077e+04  -1.8314036960331519e+04  -2.2043566875025615e+04
  -1.0993716429076912e+04  -6.2098036701744049e+03  -6.6919079072930535e+03  -2.1868126284763581e+04  -1.8663858015986709e+04  -2.1429847214006568e+04  -1.8315687834044569e+04  -2.2043756995379390e+04
  -1.0996518264107006e+04  -6.2067791899370905e+03  -6.6948687052562200e+03  -2.1867858920061386e+04  -1.8662138597202935e+04  -2.1430383496934643e+04  -1.8317338297934250e+04  -2.2043946644523228e+04
  -1.0999319864986448e+04  -6.2037545785757793e+03  -6.6978293632436271e+03  -2.1867591100610884e+04  -1.8660418787397204e+04  -2.1430919329666234e+04  -1.8318988351961554e+04  -2.2044135822452812e+04
  -1.1002121231655810e+04  -6.2007298361545973e+03  -6.7007898811933774e+03  -2.1867322826416388e+04  -1.8658698586604445e+04  -2.1431454712188322e+04  -1.8320637996087458e+04  -2.2044324529163830e+04
  -1.1004922364055641e+04  -6.1977049627377064e+03  -6.7037502590435715e+03  -2.1867054097482276e+04  -1.8656977994859531e+04  -2.1431989644487901e+04  -1.8322287230272985e+04  -2.2044512764651990e+04
  -1.1007723262126498e+04  -6.1946799583892580e+03  -6.7067104967323112e+03  -2.1866784913812917e+04  -1.8655257012197417e+04  -2.1432524126551980e+04  -1.8323936054479094e+04  -2.2044700528912992e+04
  -1.1010523925808955e+04  -6.1916548231734105e+03  -6.7096705941977034e+03  -2.1866515275412687e+04  -1.8653535638653026e+04  -2.1433058158367523e+04  -1.8325584468666864e+04  -2.2044887821942561e+04
  -1.1013324355043585e+04  -6.1886295571543169e+03  -6.7126305513778671e+03  -2.1866245182285955e+04  -1.8651813874261261e+04  -2.1433591739921572e+04  -1.8327232472797277e+04  -2.2045074643736443e+04
  -1.1016124549770966e+04  -6.1856041603961357e+03  -6.7155903682108992e+03  -2.1865974634437109e+04  -1.8650091719057105e+04  -2.1434124871201137e+04  -1.8328880066831403e+04  -2.2045260994290358e+04
  -1.1018924509931674e+04  -6.1825786329630309e+03  -6.7185500446349306e+03  -2.1865703631870594e+04  -1.8648369173075498e+04  -2.1434657552193250e+04  -1.8330527250730254e+04  -2.2045446873600089e+04
  -1.1021724235466303e+04  -6.1795529749191728e+03  -6.7215095805880683e+03  -2.1865432174590780e+04  -1.8646646236351389e+04  -2.1435189782884958e+04  -1.8332174024454893e+04  -2.2045632281661368e+04
  -1.1024523726315445e+04  -6.1765271863287180e+03  -6.7244689760084439e+03  -2.1865160262602105e+04  -1.8644922908919754e+04  -2.1435721563263305e+04  -1.8333820387966400e+04  -2.2045817218469972e+04
  -1.1027322982419704e+04  -6.1735012672558441e+03  -6.7274282308341753e+03  -2.1864887895909007e+04  -1.8643199190815587e+04  -2.1436252893315348e+04  -1.8335466341225827e+04  -2.2046001684021699e+04
  -1.1030122003719676e+04  -6.1704752177647206e+03  -6.7303873450033907e+03  -2.1864615074515928e+04  -1.8641475082073863e+04  -2.1436783773028146e+04  -1.8337111884194259e+04  -2.2046185678312326e+04
  -1.1032920790155964e+04  -6.1674490379195249e+03  -6.7333463184542234e+03  -2.1864341798427300e+04  -1.8639750582729557e+04  -2.1437314202388789e+04  -1.8338757016832817e+04  -2.2046369201337664e+04
  -1.1035719341669201e+04  -6.1644227277844320e+03  -6.7363051511248050e+03  -2.1864068067647582e+04  -1.8638025692817704e+04  -2.1437844181384356e+04  -1.8340401739102563e+04  -2.2046552253093530e+04
  -1.1038517658199982e+04  -6.1613962874236240e+03  -6.7392638429532690e+03  -2.1863793882181275e+04  -1.8636300412373304e+04  -2.1438373710001950e+04  -1.8342046050964604e+04  -2.2046734833575742e+04
  -1.1041315739688946e+04  -6.1583697169012821e+03  -6.7422223938777606e+03  -2.1863519242032824e+04  -1.8634574741431363e+04  -2.1438902788228668e+04  -1.8343689952380104e+04  -2.2046916942780117e+04
  -1.1044113586076719e+04  -6.1553430162815857e+03  -6.7451808038364125e+03  -2.1863244147206715e+04  -1.8632848680026917e+04  -2.1439431416051630e+04  -1.8345333443310141e+04  -2.2047098580702517e+04
  -1.1046911197303936e+04  -6.1523161856287343e+03  -6.7481390727673761e+03  -2.1862968597707462e+04  -1.8631122228195007e+04  -2.1439959593457945e+04  -1.8346976523715901e+04  -2.2047279747338805e+04
  -1.1049708573311234e+04  -6.1492892250069081e+03  -6.7510972006087995e+03  -2.1862692593539556e+04  -1.8629395385970663e+04  -2.1440487320434760e+04  -1.8348619193558487e+04  -2.2047460442684820e+04
  -1.1052505714039253e+04  -6.1462621344803038e+03  -6.7540551872988308e+03  -2.1862416134707521e+04  -1.8627668153388950e+04  -2.1441014596969209e+04  -1.8350261452799074e+04  -2.2047640666736450e+04
  -1.1055302619428652e+04  -6.1432349141131126e+03  -6.7570130327756215e+03  -2.1862139221215890e+04  -1.8625940530484921e+04  -2.1441541423048453e+04  -1.8351903301398834e+04  -2.2047820419489577e+04
  -1.1058099289420072e+04  -6.1402075639695295e+03  -6.7599707369773323e+03  -2.1861861853069153e+04  -1.8624212517293647e+04  -2.1442067798659620e+04  -1.8353544739318924e+04  -2.2047999700940072e+04
  -1.1060895723954194e+04  -6.1371800841137619e+03  -6.7629282998421213e+03  -2.1861584030271904e+04  -1.8622484113850205e+04  -2.1442593723789934e+04  -1.8355185766520532e+04  -2.2048178511083879e+04
  -1.1063691922971666e+04  -6.1341524746100104e+03  -6.7658857213081437e+03  -2.1861305752828666e+04  -1.8620755320189692e+04  -2.1443119198426521e+04  -1.8356826382964868e+04  -2.2048356849916880e+04
  -1.1066487886413153e+04  -6.1311247355224768e+03  -6.7688430013135749e+03  -2.1861027020743997e+04  -1.8619026136347180e+04  -2.1443644222556599e+04  -1.8358466588613112e+04  -2.2048534717435035e+04
  -1.1069283614219345e+04  -6.1280968669153690e+03  -6.7718001397965800e+03  -2.1860747834022495e+04  -1.8617296562357780e+04  -2.1444168796167352e+04  -1.8360106383426490e+04  -2.2048712113634228e+04
  -1.1072079106330919e+04  -6.1250688688528971e+03  -6.7747571366953225e+03  -2.1860468192668712e+04  -1.8615566598256606e+04  -2.1444692919245987e+04  -1.8361745767366221e+04  -2.2048889038510428e+04
  -1.1074874362688548e+04  -6.1220407413992707e+03  -6.7777139919479860e+03  -2.1860188096687256e+04  -1.8613836244078761e+04  -2.1445216591779739e+04  -1.8363384740393543e+04  -2.2049065492059613e+04
  -1.1077669383232940e+04  -6.1190124846187082e+03  -6.7806707054927419e+03  -2.1859907546082701e+04  -1.8612105499859401e+04  -2.1445739813755779e+04  -1.8365023302469664e+04  -2.2049241474277715e+04
  -1.1080464167904780e+04  -6.1159840985754217e+03  -6.7836272772677703e+03  -2.1859626540859663e+04  -1.8610374365633626e+04  -2.1446262585161407e+04  -1.8366661453555851e+04  -2.2049416985160715e+04
  -1.1083258716644763e+04  -6.1129555833336417e+03  -6.7865837072112572e+03  -2.1859345081022777e+04  -1.8608642841436598e+04  -2.1446784905983823e+04  -1.8368299193613388e+04  -2.2049592024704598e+04
  -1.1086053029393612e+04  -6.1099269389575711e+03  -6.7895399952613807e+03  -2.1859063166576649e+04  -1.8606910927303466e+04  -2.1447306776210313e+04  -1.8369936522603501e+04  -2.2049766592905384e+04
  -1.1088847106092018e+04  -6.1068981655114530e+03  -6.7924961413563369e+03  -2.1858780797525913e+04  -1.8605178623269396e+04  -2.1447828195828086e+04  -1.8371573440487486e+04  -2.2049940689759038e+04
  -1.1091640946680716e+04  -6.1038692630595015e+03  -6.7954521454343112e+03  -2.1858497973875226e+04  -1.8603445929369525e+04  -2.1448349164824464e+04  -1.8373209947226620e+04  -2.2050114315261599e+04
  -1.1094434551100419e+04  -6.1008402316659549e+03  -6.7984080074334988e+03  -2.1858214695629231e+04  -1.8601712845639071e+04  -2.1448869683186702e+04  -1.8374846042782206e+04  -2.2050287469409075e+04
  -1.1097227919291847e+04  -6.0978110713950446e+03  -6.8013637272920978e+03  -2.1857930962792590e+04  -1.8599979372113201e+04  -2.1449389750902112e+04  -1.8376481727115559e+04  -2.2050460152197538e+04
  -1.1100021051195738e+04  -6.0947817823109990e+03  -6.8043193049483143e+03  -2.1857646775369991e+04  -1.8598245508827098e+04  -2.1449909367957971e+04  -1.8378117000187965e+04  -2.2050632363622994e+04
  -1.1102813946752827e+04  -6.0917523644780586e+03  -6.8072747403403400e+03  -2.1857362133366081e+04  -1.8596511255815971e+04  -2.1450428534341561e+04  -1.8379751861960773e+04  -2.2050804103681512e+04
  -1.1105606605903864e+04  -6.0887228179604617e+03  -6.8102300334063821e+03  -2.1857077036785606e+04  -1.8594776613115024e+04  -2.1450947250040270e+04  -1.8381386312395294e+04  -2.2050975372369150e+04
  -1.1108399028589582e+04  -6.0856931428224470e+03  -6.8131851840846612e+03  -2.1856791485633203e+04  -1.8593041580759484e+04  -2.1451465515041353e+04  -1.8383020351452880e+04  -2.2051146169682008e+04
  -1.1111191214750743e+04  -6.0826633391282630e+03  -6.8161401923133790e+03  -2.1856505479913627e+04  -1.8591306158784570e+04  -2.1451983329332194e+04  -1.8384653979094892e+04  -2.2051316495616149e+04
  -1.1113983164328098e+04  -6.0796334069421528e+03  -6.8190950580307435e+03  -2.1856219019631568e+04  -1.8589570347225501e+04  -2.1452500692900110e+04  -1.8386287195282657e+04  -2.2051486350167681e+04
  -1.1116774877262405e+04  -6.0766033463283729e+03  -6.8220497811749892e+03  -2.1855932104791777e+04  -1.8587834146117541e+04  -2.1453017605732472e+04  -1.8387919999977577e+04  -2.2051655733332704e+04
  -1.1119566353494445e+04  -6.0735731573511639e+03  -6.8250043616843259e+03  -2.1855644735398957e+04  -1.8586097555495951e+04  -2.1453534067816639e+04  -1.8389552393141028e+04  -2.2051824645107339e+04
  -1.1122357592964985e+04  -6.0705428400747887e+03  -6.8279587994969761e+03  -2.1855356911457893e+04  -1.8584360575395942e+04  -2.1454050079139975e+04  -1.8391184374734381e+04  -2.2051993085487717e+04
  -1.1125148595614804e+04  -6.0675123945634996e+03  -6.8309130945511743e+03  -2.1855068632973322e+04  -1.8582623205852822e+04  -2.1454565639689870e+04  -1.8392815944719023e+04  -2.2052161054469947e+04
  -1.1127939361384675e+04  -6.0644818208815468e+03  -6.8338672467851366e+03  -2.1854779899950008e+04  -1.8580885446901848e+04  -2.1455080749453715e+04  -1.8394447103056402e+04  -2.2052328552050210e+04
  -1.1130729890215400e+04  -6.0614511190932135e+03  -6.8368212561371092e+03  -2.1854490712392733e+04  -1.8579147298578311e+04  -2.1455595408418903e+04  -1.8396077849707890e+04  -2.2052495578224643e+04
  -1.1133520182047763e+04  -6.0584202892627427e+03  -6.8397751225453158e+03  -2.1854201070306251e+04  -1.8577408760917504e+04  -2.1456109616572841e+04  -1.8397708184634947e+04  -2.2052662132989411e+04
  -1.1136310236822565e+04  -6.0553893314544111e+03  -6.8427288459480042e+03  -2.1853910973695387e+04  -1.8575669833954707e+04  -2.1456623373902970e+04  -1.8399338107798987e+04  -2.2052828216340706e+04
  -1.1139100054480612e+04  -6.0523582457324828e+03  -6.8456824262834079e+03  -2.1853620422564934e+04  -1.8573930517725261e+04  -2.1457136680396688e+04  -1.8400967619161449e+04  -2.2052993828274710e+04
  -1.1141889634962714e+04  -6.0493270321612354e+03  -6.8486358634897724e+03  -2.1853329416919696e+04  -1.8572190812264453e+04  -2.1457649536041459e+04  -1.8402596718683795e+04  -2.2053158968787615e+04
  -1.1144678978209678e+04  -6.0462956908049300e+03  -6.8515891575053465e+03  -2.1853037956764492e+04  -1.8570450717607622e+04  -2.1458161940824706e+04  -1.8404225406327503e+04  -2.2053323637875630e+04
  -1.1147468084162319e+04  -6.0432642217278535e+03  -6.8545423082683783e+03  -2.1852746042104180e+04  -1.8568710233790087e+04  -2.1458673894733907e+04  -1.8405853682054003e+04  -2.2053487835534979e+04
  -1.1150256952761476e+04  -6.0402326249942789e+03  -6.8574953157171203e+03  -2.1852453672943553e+04  -1.8566969360847208e+04  -2.1459185397756522e+04  -1.8407481545824827e+04  -2.2053651561761879e+04
  -1.1153045583947967e+04  -6.0372009006684884e+03  -6.8604481797898316e+03  -2.1852160849287491e+04  -1.8565228098814336e+04  -2.1459696449880008e+04  -1.8409108997601419e+04  -2.2053814816552564e+04
  -1.1155833977662631e+04  -6.0341690488147715e+03  -6.8634009004247646e+03  -2.1851867571140840e+04  -1.8563486447726787e+04  -2.1460207051091857e+04  -1.8410736037345294e+04  -2.2053977599903297e+04
  -1.1158622133846311e+04  -6.0311370694974012e+03  -6.8663534775601865e+03  -2.1851573838508466e+04  -1.8561744407619975e+04  -2.1460717201379575e+04  -1.8412362665017979e+04  -2.2054139911810333e+04
  -1.1161410052439847e+04  -6.0281049627806724e+03  -6.8693059111343591e+03  -2.1851279651395253e+04  -1.8560001978529246e+04  -2.1461226900730650e+04  -1.8413988880580964e+04  -2.2054301752269927e+04
  -1.1164197733384091e+04  -6.0250727287288792e+03  -6.8722582010855522e+03  -2.1850985009806067e+04  -1.8558259160489997e+04  -2.1461736149132597e+04  -1.8415614683995791e+04  -2.2054463121278382e+04
  -1.1166985176619897e+04  -6.0220403674063073e+03  -6.8752103473520328e+03  -2.1850689913745817e+04  -1.8556515953537601e+04  -2.1462244946572944e+04  -1.8417240075224006e+04  -2.2054624018831961e+04
  -1.1169772382088120e+04  -6.0190078788772562e+03  -6.8781623498720746e+03  -2.1850394363219410e+04  -1.8554772357707479e+04  -2.1462753293039215e+04  -1.8418865054227132e+04  -2.2054784444926965e+04
  -1.1172559349729634e+04  -6.0159752632060236e+03  -6.8811142085839565e+03  -2.1850098358231746e+04  -1.8553028373035013e+04  -2.1463261188518947e+04  -1.8420489620966735e+04  -2.2054944399559718e+04
  -1.1175346079485307e+04  -6.0129425204569088e+03  -6.8840659234259538e+03  -2.1849801898787766e+04  -1.8551283999555624e+04  -2.1463768632999676e+04  -1.8422113775404378e+04  -2.2055103882726526e+04
  -1.1178132571296017e+04  -6.0099096506942142e+03  -6.8870174943363509e+03  -2.1849504984892385e+04  -1.8549539237304762e+04  -2.1464275626468985e+04  -1.8423737517501646e+04  -2.2055262894423719e+04
  -1.1180918825102639e+04  -6.0068766539822418e+03  -6.8899689212534331e+03  -2.1849207616550539e+04  -1.8547794086317819e+04  -2.1464782168914422e+04  -1.8425360847220105e+04  -2.2055421434647655e+04
  -1.1183704840846063e+04  -6.0038435303853048e+03  -6.8929202041154895e+03  -2.1848909793767183e+04  -1.8546048546630271e+04  -2.1465288260323578e+04  -1.8426983764521341e+04  -2.2055579503394645e+04
  -1.1186490618467185e+04  -6.0008102799677135e+03  -6.8958713428608116e+03  -2.1848611516547280e+04  -1.8544302618277532e+04  -2.1465793900684017e+04  -1.8428606269366988e+04  -2.2055737100661074e+04
  -1.1189276157906888e+04  -5.9977769027937757e+03  -6.8988223374276895e+03  -2.1848312784895807e+04  -1.8542556301295084e+04  -2.1466299089983368e+04  -1.8430228361718633e+04  -2.2055894226443321e+04
  -1.1192061459106093e+04  -5.9947433989278052e+03  -6.9017731877544220e+03  -2.1848013598817724e+04  -1.8540809595718369e+04  -2.1466803828209191e+04  -1.8431850041537899e+04  -2.2056050880737741e+04
  -1.1194846522005691e+04  -5.9917097684341270e+03  -6.9047238937793118e+03  -2.1847713958318029e+04  -1.8539062501582870e+04  -2.1467308115349122e+04  -1.8433471308786411e+04  -2.2056207063540744e+04
  -1.1197631346546596e+04  -5.9886760113770497e+03  -6.9076744554406569e+03  -2.1847413863401707e+04  -1.8537315018924081e+04  -2.1467811951390802e+04  -1.8435092163425827e+04  -2.2056362774848709e+04
  -1.1200415932669734e+04  -5.9856421278209045e+03  -6.9106248726767672e+03  -2.1847113314073769e+04  -1.8535567147777467e+04  -2.1468315336321833e+04  -1.8436712605417772e+04  -2.2056518014658061e+04
  -1.1203200280316019e+04  -5.9826081178300083e+03  -6.9135751454259480e+03  -2.1846812310339228e+04  -1.8533818888178546e+04  -2.1468818270129868e+04  -1.8438332634723902e+04  -2.2056672782965201e+04
  -1.1205984389426385e+04  -5.9795739814686922e+03  -6.9165252736265129e+03  -2.1846510852203137e+04  -1.8532070240162800e+04  -2.1469320752802549e+04  -1.8439952251305924e+04  -2.2056827079766597e+04
  -1.1208768259941759e+04  -5.9765397188012885e+03  -6.9194752572167763e+03  -2.1846208939670465e+04  -1.8530321203765765e+04  -2.1469822784327549e+04  -1.8441571455125460e+04  -2.2056980905058648e+04
  -1.1211551891803087e+04  -5.9735053298921212e+03  -6.9224250961350554e+03  -2.1845906572746306e+04  -1.8528571779022957e+04  -2.1470324364692540e+04  -1.8443190246144241e+04  -2.2057134258837817e+04
  -1.1214335284951303e+04  -5.9704708148055288e+03  -6.9253747903196763e+03  -2.1845603751435712e+04  -1.8526821965969906e+04  -2.1470825493885175e+04  -1.8444808624323927e+04  -2.2057287141100591e+04
  -1.1217118439327360e+04  -5.9674361736058490e+03  -6.9283243397089554e+03  -2.1845300475743723e+04  -1.8525071764642147e+04  -2.1471326171893161e+04  -1.8446426589626244e+04  -2.2057439551843396e+04
  -1.1219901354872212e+04  -5.9644014063574168e+03  -6.9312737442412217e+03  -2.1844996745675417e+04  -1.8523321175075209e+04  -2.1471826398704186e+04  -1.8448044142012899e+04  -2.2057591491062743e+04
  -1.1222684031526818e+04  -5.9613665131245762e+03  -6.9342230038548014e+03  -2.1844692561235854e+04  -1.8521570197304682e+04  -2.1472326174305963e+04  -1.8449661281445602e+04  -2.2057742958755116e+04
  -1.1225466469232140e+04  -5.9583314939716693e+03  -6.9371721184880325e+03  -2.1844387922430156e+04  -1.8519818831366101e+04  -2.1472825498686208e+04  -1.8451278007886103e+04  -2.2057893954917021e+04
  -1.1228248667929149e+04  -5.9552963489630392e+03  -6.9401210880792514e+03  -2.1844082829263407e+04  -1.8518067077295065e+04  -2.1473324371832638e+04  -1.8452894321296146e+04  -2.2058044479544940e+04
  -1.1231030627558815e+04  -5.9522610781630392e+03  -6.9430699125667943e+03  -2.1843777281740706e+04  -1.8516314935127117e+04  -2.1473822793732987e+04  -1.8454510221637458e+04  -2.2058194532635429e+04
  -1.1233812348062122e+04  -5.9492256816360186e+03  -6.9460185918889983e+03  -2.1843471279867172e+04  -1.8514562404897872e+04  -2.1474320764375007e+04  -1.8456125708871827e+04  -2.2058344114185013e+04
  -1.1236593829380057e+04  -5.9461901594463288e+03  -6.9489671259842144e+03  -2.1843164823647945e+04  -1.8512809486642924e+04  -2.1474818283746423e+04  -1.8457740782961009e+04  -2.2058493224190228e+04
  -1.1239375071453611e+04  -5.9431545116583320e+03  -6.9519155147907823e+03  -2.1842857913088137e+04  -1.8511056180397845e+04  -2.1475315351835037e+04  -1.8459355443866774e+04  -2.2058641862647593e+04
  -1.1242156074223771e+04  -5.9401187383363786e+03  -6.9548637582470619e+03  -2.1842550548192914e+04  -1.8509302486198285e+04  -2.1475811968628583e+04  -1.8460969691550927e+04  -2.2058790029553718e+04
  -1.1244936837631538e+04  -5.9370828395448270e+03  -6.9578118562914015e+03  -2.1842242728967416e+04  -1.8507548404079858e+04  -2.1476308134114879e+04  -1.8462583525975249e+04  -2.2058937724905179e+04
  -1.1247717361617926e+04  -5.9340468153480479e+03  -6.9607598088621544e+03  -2.1841934455416809e+04  -1.8505793934078181e+04  -2.1476803848281674e+04  -1.8464196947101558e+04  -2.2059084948698506e+04
  -1.1250497646123942e+04  -5.9310106658104023e+03  -6.9637076158976861e+03  -2.1841625727546267e+04  -1.8504039076228903e+04  -2.1477299111116798e+04  -1.8465809954891669e+04  -2.2059231700930337e+04
  -1.1253277691090600e+04  -5.9279743909962590e+03  -6.9666552773363574e+03  -2.1841316545360973e+04  -1.8502283830567656e+04  -2.1477793922608027e+04  -1.8467422549307412e+04  -2.2059377981597248e+04
  -1.1256057496458920e+04  -5.9249379909699874e+03  -6.9696027931165308e+03  -2.1841006908866108e+04  -1.8500528197130097e+04  -2.1478288282743204e+04  -1.8469034730310606e+04  -2.2059523790695865e+04
  -1.1258837062169940e+04  -5.9219014657959551e+03  -6.9725501631765774e+03  -2.1840696818066896e+04  -1.8498772175951886e+04  -2.1478782191510163e+04  -1.8470646497863108e+04  -2.2059669128222809e+04
  -1.1261616388164673e+04  -5.9188648155385463e+03  -6.9754973874548668e+03  -2.1840386272968521e+04  -1.8497015767068715e+04  -2.1479275648896702e+04  -1.8472257851926766e+04  -2.2059813994174703e+04
  -1.1264395474384170e+04  -5.9158280402621276e+03  -6.9784444658897737e+03  -2.1840075273576178e+04  -1.8495258970516232e+04  -2.1479768654890693e+04  -1.8473868792463451e+04  -2.2059958388548206e+04
  -1.1267174320769469e+04  -5.9127911400310859e+03  -6.9813913984196743e+03  -2.1839763819895154e+04  -1.8493501786330129e+04  -2.1480261209479992e+04  -1.8475479319435020e+04  -2.2060102311339953e+04
  -1.1269952927261613e+04  -5.9097541149098006e+03  -6.9843381849829557e+03  -2.1839451911930657e+04  -1.8491744214546125e+04  -2.1480753312652450e+04  -1.8477089432803361e+04  -2.2060245762546609e+04
  -1.1272731293801660e+04  -5.9067169649626558e+03  -6.9872848255179924e+03  -2.1839139549687930e+04  -1.8489986255199889e+04  -2.1481244964395952e+04  -1.8478699132530382e+04  -2.2060388742164865e+04
  -1.1275509420330671e+04  -5.9036796902540345e+03  -6.9902313199631717e+03  -2.1838826733172227e+04  -1.8488227908327142e+04  -2.1481736164698363e+04  -1.8480308418577959e+04  -2.2060531250191380e+04
  -1.1278287306789700e+04  -5.9006422908483373e+03  -6.9931776682568852e+03  -2.1838513462388804e+04  -1.8486469173963615e+04  -2.1482226913547587e+04  -1.8481917290908012e+04  -2.2060673286622863e+04
  -1.1281064953119814e+04  -5.8976047668099409e+03  -6.9961238703375284e+03  -2.1838199737342973e+04  -1.8484710052145023e+04  -2.1482717210931525e+04  -1.8483525749482458e+04  -2.2060814851456013e+04
  -1.1283842359262106e+04  -5.8945671182032465e+03  -6.9990699261434875e+03  -2.1837885558039972e+04  -1.8482950542907103e+04  -2.1483207056838066e+04  -1.8485133794263220e+04  -2.2060955944687543e+04
  -1.1286619525157626e+04  -5.8915293450926483e+03  -7.0020158356131751e+03  -2.1837570924485117e+04  -1.8481190646285610e+04  -2.1483696451255160e+04  -1.8486741425212254e+04  -2.2061096566314180e+04
  -1.1289396450747483e+04  -5.8884914475425458e+03  -7.0049615986849758e+03  -2.1837255836683704e+04  -1.8479430362316292e+04  -2.1484185394170723e+04  -1.8488348642291483e+04  -2.2061236716332649e+04
  -1.1292173135972753e+04  -5.8854534256173411e+03  -7.0079072152973085e+03  -2.1836940294641052e+04  -1.8477669691034898e+04  -2.1484673885572691e+04  -1.8489955445462874e+04  -2.2061376394739702e+04
  -1.1294949580774528e+04  -5.8824152793814328e+03  -7.0108526853885669e+03  -2.1836624298362465e+04  -1.8475908632477185e+04  -2.1485161925448989e+04  -1.8491561834688408e+04  -2.2061515601532083e+04
  -1.1297725785093917e+04  -5.8793770088992269e+03  -7.0137980088971781e+03  -2.1836307847853295e+04  -1.8474147186678965e+04  -2.1485649513787612e+04  -1.8493167809930030e+04  -2.2061654336706568e+04
  -1.1300501748872015e+04  -5.8763386142351374e+03  -7.0167431857615320e+03  -2.1835990943118864e+04  -1.8472385353676000e+04  -2.1486136650576515e+04  -1.8494773371149749e+04  -2.2061792600259912e+04
  -1.1303277472049944e+04  -5.8733000954535728e+03  -7.0196882159200668e+03  -2.1835673584164517e+04  -1.8470623133504105e+04  -2.1486623335803662e+04  -1.8496378518309528e+04  -2.2061930392188940e+04
  -1.1306052954568808e+04  -5.8702614526189382e+03  -7.0226330993111897e+03  -2.1835355770995633e+04  -1.8468860526199031e+04  -2.1487109569457014e+04  -1.8497983251371399e+04  -2.2062067712490403e+04
  -1.1308828196369734e+04  -5.8672226857956539e+03  -7.0255778358733287e+03  -2.1835037503617532e+04  -1.8467097531796637e+04  -2.1487595351524618e+04  -1.8499587570297386e+04  -2.2062204561161114e+04
  -1.1311603197393842e+04  -5.8641837950481386e+03  -7.0285224255449075e+03  -2.1834718782035641e+04  -1.8465334150332728e+04  -2.1488080681994434e+04  -1.8501191475049483e+04  -2.2062340938197915e+04
  -1.1314377957582268e+04  -5.8611447804408072e+03  -7.0314668682643514e+03  -2.1834399606255327e+04  -1.8463570381843114e+04  -2.1488565560854495e+04  -1.8502794965589721e+04  -2.2062476843597589e+04
  -1.1317152476876156e+04  -5.8581056420380919e+03  -7.0344111639701014e+03  -2.1834079976281977e+04  -1.8461806226363642e+04  -2.1489049988092811e+04  -1.8504398041880158e+04  -2.2062612277357013e+04
  -1.1319926755216629e+04  -5.8550663799044050e+03  -7.0373553126005781e+03  -2.1833759892121001e+04  -1.8460041683930147e+04  -2.1489533963697417e+04  -1.8506000703882841e+04  -2.2062747239473007e+04
  -1.1322700792544842e+04  -5.8520269941041770e+03  -7.0402993140942281e+03  -2.1833439353777805e+04  -1.8458276754578495e+04  -2.1490017487656351e+04  -1.8507602951559806e+04  -2.2062881729942426e+04
  -1.1325474588801942e+04  -5.8489874847018409e+03  -7.0432431683894865e+03  -2.1833118361257817e+04  -1.8456511438344514e+04  -2.1490500559957662e+04  -1.8509204784873153e+04  -2.2063015748762133e+04
  -1.1328248143929100e+04  -5.8459478517618227e+03  -7.0461868754247989e+03  -2.1832796914566468e+04  -1.8454745735264114e+04  -2.1490983180589410e+04  -1.8510806203784930e+04  -2.2063149295929030e+04
  -1.1331021457867468e+04  -5.8429080953485554e+03  -7.0491304351386143e+03  -2.1832475013709201e+04  -1.8452979645373125e+04  -2.1491465349539656e+04  -1.8512407208257249e+04  -2.2063282371439964e+04
  -1.1333794530558218e+04  -5.8398682155264842e+03  -7.0520738474693799e+03  -2.1832152658691462e+04  -1.8451213168707462e+04  -2.1491947066796503e+04  -1.8514007798252194e+04  -2.2063414975291860e+04
  -1.1336567361942518e+04  -5.8368282123600366e+03  -7.0550171123555456e+03  -2.1831829849518715e+04  -1.8449446305302998e+04  -2.1492428332347979e+04  -1.8515607973731887e+04  -2.2063547107481616e+04
  -1.1339339951961550e+04  -5.8337880859136631e+03  -7.0579602297355732e+03  -2.1831506586196425e+04  -1.8447679055195647e+04  -2.1492909146182239e+04  -1.8517207734658419e+04  -2.2063678768006132e+04
  -1.1342112300556488e+04  -5.8307478362517986e+03  -7.0609031995479136e+03  -2.1831182868730055e+04  -1.8445911418421299e+04  -2.1493389508287368e+04  -1.8518807080993935e+04  -2.2063809956862355e+04
  -1.1344884407668536e+04  -5.8277074634388946e+03  -7.0638460217310376e+03  -2.1830858697125106e+04  -1.8444143395015875e+04  -2.1493869418651459e+04  -1.8520406012700558e+04  -2.2063940674047222e+04
  -1.1347656273238879e+04  -5.8246669675393941e+03  -7.0667886962234033e+03  -2.1830534071387090e+04  -1.8442374985015322e+04  -2.1494348877262662e+04  -1.8522004529740439e+04  -2.2064070919557664e+04
  -1.1350427897208712e+04  -5.8216263486177504e+03  -7.0697312229634754e+03  -2.1830208991521486e+04  -1.8440606188455542e+04  -2.1494827884109094e+04  -1.8523602632075726e+04  -2.2064200693390630e+04
  -1.1353199279519264e+04  -5.8185856067384120e+03  -7.0726736018897327e+03  -2.1829883457533826e+04  -1.8438837005372487e+04  -2.1495306439178905e+04  -1.8525200319668591e+04  -2.2064329995543118e+04
  -1.1355970420111711e+04  -5.8155447419658403e+03  -7.0756158329406398e+03  -2.1829557469429616e+04  -1.8437067435802110e+04  -2.1495784542460242e+04  -1.8526797592481184e+04  -2.2064458826012080e+04
  -1.1358741318927279e+04  -5.8125037543644867e+03  -7.0785579160546868e+03  -2.1829231027214395e+04  -1.8435297479780358e+04  -2.1496262193941260e+04  -1.8528394450475702e+04  -2.2064587184794509e+04
  -1.1361511975907195e+04  -5.8094626439988178e+03  -7.0814998511703407e+03  -2.1828904130893719e+04  -1.8433527137343201e+04  -2.1496739393610151e+04  -1.8529990893614337e+04  -2.2064715071887411e+04
  -1.1364282390992681e+04  -5.8064214109332834e+03  -7.0844416382260852e+03  -2.1828576780473133e+04  -1.8431756408526624e+04  -2.1497216141455068e+04  -1.8531586921859282e+04  -2.2064842487287766e+04
  -1.1367052564124966e+04  -5.8033800552323573e+03  -7.0873832771604093e+03  -2.1828248975958184e+04  -1.8429985293366582e+04  -2.1497692437464208e+04  -1.8533182535172753e+04  -2.2064969430992631e+04
  -1.1369822495245284e+04  -5.8003385769605020e+03  -7.0903247679118049e+03  -2.1827920717354453e+04  -1.8428213791899077e+04  -2.1498168281625753e+04  -1.8534777733516970e+04  -2.2065095902998997e+04
  -1.1372592184294888e+04  -5.7972969761821878e+03  -7.0932661104187628e+03  -2.1827592004667531e+04  -1.8426441904160121e+04  -2.1498643673927945e+04  -1.8536372516854142e+04  -2.2065221903303933e+04
  -1.1375361631215010e+04  -5.7942552529618879e+03  -7.0962073046197729e+03  -2.1827262837902999e+04  -1.8424669630185701e+04  -2.1499118614358969e+04  -1.8537966885146525e+04  -2.2065347431904447e+04
  -1.1378130835946915e+04  -5.7912134073640709e+03  -7.0991483504533353e+03  -2.1826933217066435e+04  -1.8422896970011840e+04  -2.1499593102907056e+04  -1.8539560838356374e+04  -2.2065472488797626e+04
  -1.1380899798431841e+04  -5.7881714394532173e+03  -7.1020892478579544e+03  -2.1826603142163491e+04  -1.8421123923674557e+04  -2.1500067139560477e+04  -1.8541154376445920e+04  -2.2065597073980542e+04
  -1.1383668518611068e+04  -5.7851293492938003e+03  -7.1050299967721303e+03  -2.1826272613199722e+04  -1.8419350491209887e+04  -2.1500540724307408e+04  -1.8542747499377441e+04  -2.2065721187450254e+04
  -1.1386436996425857e+04  -5.7820871369503066e+03  -7.1079705971343710e+03  -2.1825941630180805e+04  -1.8417576672653853e+04  -2.1501013857136171e+04  -1.8544340207113222e+04  -2.2065844829203856e+04
  -1.1389205231817485e+04  -5.7790448024872130e+03  -7.1109110488831875e+03  -2.1825610193112356e+04  -1.8415802468042533e+04  -2.1501486538034962e+04  -1.8545932499615530e+04  -2.2065967999238455e+04
  -1.1391973224727219e+04  -5.7760023459690065e+03  -7.1138513519570924e+03  -2.1825278302000013e+04  -1.8414027877411951e+04  -2.1501958766992102e+04  -1.8547524376846679e+04  -2.2066090697551150e+04
  -1.1394740975096349e+04  -5.7729597674601728e+03  -7.1167915062946022e+03  -2.1824945956849446e+04  -1.8412252900798176e+04  -2.1502430543995848e+04  -1.8549115838768950e+04  -2.2066212924139061e+04
  -1.1397508482866169e+04  -5.7699170670252042e+03  -7.1197315118342367e+03  -2.1824613157666292e+04  -1.8410477538237297e+04  -2.1502901869034511e+04  -1.8550706885344665e+04  -2.2066334678999316e+04
  -1.1400275747977967e+04  -5.7668742447285958e+03  -7.1226713685145187e+03  -2.1824279904456249e+04  -1.8408701789765382e+04  -2.1503372742096355e+04  -1.8552297516536153e+04  -2.2066455962129057e+04
  -1.1403042770373042e+04  -5.7638313006348371e+03  -7.1256110762739690e+03  -2.1823946197224992e+04  -1.8406925655418516e+04  -2.1503843163169735e+04  -1.8553887732305731e+04  -2.2066576773525416e+04
  -1.1405809549992699e+04  -5.7607882348084231e+03  -7.1285506350511187e+03  -2.1823612035978203e+04  -1.8405149135232808e+04  -2.1504313132242929e+04  -1.8555477532615761e+04  -2.2066697113185590e+04
  -1.1408576086778245e+04  -5.7577450473138560e+03  -7.1314900447845048e+03  -2.1823277420721603e+04  -1.8403372229244324e+04  -2.1504782649304303e+04  -1.8557066917428572e+04  -2.2066816981106705e+04
  -1.1411342380670996e+04  -5.7547017382156355e+03  -7.1344293054126529e+03  -2.1822942351460882e+04  -1.8401594937489226e+04  -2.1505251714342146e+04  -1.8558655886706532e+04  -2.2066936377285965e+04
  -1.1414108431612281e+04  -5.7516583075782673e+03  -7.1373684168741074e+03  -2.1822606828201744e+04  -1.8399817260003601e+04  -2.1505720327344843e+04  -1.8560244440412011e+04  -2.2067055301720568e+04
  -1.1416874239543413e+04  -5.7486147554662575e+03  -7.1403073791074039e+03  -2.1822270850949957e+04  -1.8398039196823607e+04  -2.1506188488300737e+04  -1.8561832578507387e+04  -2.2067173754407686e+04
  -1.1419639804405731e+04  -5.7455710819441092e+03  -7.1432461920510877e+03  -2.1821934419711208e+04  -1.8396260747985340e+04  -2.1506656197198186e+04  -1.8563420300955047e+04  -2.2067291735344534e+04
  -1.1422405126140568e+04  -5.7425272870763365e+03  -7.1461848556437089e+03  -2.1821597534491284e+04  -1.8394481913524975e+04  -2.1507123454025565e+04  -1.8565007607717394e+04  -2.2067409244528346e+04
  -1.1425170204689262e+04  -5.7394833709274562e+03  -7.1491233698238093e+03  -2.1821260195295941e+04  -1.8392702693478666e+04  -2.1507590258771259e+04  -1.8566594498756829e+04  -2.2067526281956358e+04
  -1.1427935039993175e+04  -5.7364393335619743e+03  -7.1520617345299524e+03  -2.1820922402130909e+04  -1.8390923087882569e+04  -2.1508056611423672e+04  -1.8568180974035771e+04  -2.2067642847625779e+04
  -1.1430699631993633e+04  -5.7333951750444139e+03  -7.1549999497006893e+03  -2.1820584155001980e+04  -1.8389143096772834e+04  -2.1508522511971183e+04  -1.8569767033516629e+04  -2.2067758941533877e+04
  -1.1433463980632014e+04  -5.7303508954392964e+03  -7.1579380152745734e+03  -2.1820245453914948e+04  -1.8387362720185665e+04  -2.1508987960402228e+04  -1.8571352677161867e+04  -2.2067874563677931e+04
  -1.1436228085849669e+04  -5.7273064948111369e+03  -7.1608759311901767e+03  -2.1819906298875594e+04  -1.8385581958157250e+04  -2.1509452956705209e+04  -1.8572937904933911e+04  -2.2067989714055173e+04
  -1.1438991947587976e+04  -5.7242619732244666e+03  -7.1638136973860574e+03  -2.1819566689889729e+04  -1.8383800810723751e+04  -2.1509917500868567e+04  -1.8574522716795218e+04  -2.2068104392662914e+04
  -1.1441755565788297e+04  -5.7212173307438097e+03  -7.1667513138007853e+03  -2.1819226626963162e+04  -1.8382019277921409e+04  -2.1510381592880734e+04  -1.8576107112708247e+04  -2.2068218599498432e+04
  -1.1444518940392029e+04  -5.7181725674336922e+03  -7.1696887803729323e+03  -2.1818886110101706e+04  -1.8380237359786406e+04  -2.1510845232730142e+04  -1.8577691092635483e+04  -2.2068332334559018e+04
  -1.1447282071340536e+04  -5.7151276833586508e+03  -7.1726260970410722e+03  -2.1818545139311183e+04  -1.8378455056354986e+04  -2.1511308420405287e+04  -1.8579274656539390e+04  -2.2068445597842019e+04
  -1.1450044958575203e+04  -5.7120826785832132e+03  -7.1755632637437839e+03  -2.1818203714597443e+04  -1.8376672367663330e+04  -2.1511771155894599e+04  -1.8580857804382485e+04  -2.2068558389344707e+04
  -1.1452807602037445e+04  -5.7090375531719155e+03  -7.1785002804196483e+03  -2.1817861835966334e+04  -1.8374889293747732e+04  -2.1512233439186584e+04  -1.8582440536127247e+04  -2.2068670709064438e+04
  -1.1455570001668651e+04  -5.7059923071893027e+03  -7.1814371470072456e+03  -2.1817519503423722e+04  -1.8373105834644382e+04  -2.1512695270269705e+04  -1.8584022851736190e+04  -2.2068782556998573e+04
  -1.1458332157410221e+04  -5.7029469406999051e+03  -7.1843738634451638e+03  -2.1817176716975438e+04  -1.8371321990389570e+04  -2.1513156649132470e+04  -1.8585604751171843e+04  -2.2068893933144416e+04
  -1.1461094069203580e+04  -5.6999014537682733e+03  -7.1873104296719948e+03  -2.1816833476627409e+04  -1.8369537761019546e+04  -2.1513617575763375e+04  -1.8587186234396719e+04  -2.2069004837499375e+04
  -1.1463855736990132e+04  -5.6968558464589478e+03  -7.1902468456263268e+03  -2.1816489782385495e+04  -1.8367753146570554e+04  -2.1514078050150922e+04  -1.8588767301373377e+04  -2.2069115270060800e+04
  -1.1466617160711297e+04  -5.6938101188364781e+03  -7.1931831112467635e+03  -2.1816145634255579e+04  -1.8365968147078900e+04  -2.1514538072283663e+04  -1.8590347952064349e+04  -2.2069225230826050e+04
  -1.1469378340308496e+04  -5.6907642709654083e+03  -7.1961192264718966e+03  -2.1815801032243580e+04  -1.8364182762580855e+04  -2.1514997642150109e+04  -1.8591928186432193e+04  -2.2069334719792569e+04
  -1.1472139275723181e+04  -5.6877183029103007e+03  -7.1990551912403271e+03  -2.1815455976355399e+04  -1.8362396993112707e+04  -2.1515456759738816e+04  -1.8593508004439504e+04  -2.2069443736957714e+04
  -1.1474899966896775e+04  -5.6846722147357004e+03  -7.2019910054906659e+03  -2.1815110466596976e+04  -1.8360610838710763e+04  -2.1515915425038307e+04  -1.8595087406048802e+04  -2.2069552282318913e+04
  -1.1477660413770709e+04  -5.6816260065061615e+03  -7.2049266691615230e+03  -2.1814764502974220e+04  -1.8358824299411339e+04  -2.1516373638037170e+04  -1.8596666391222738e+04  -2.2069660355873602e+04
  -1.1480420616286454e+04  -5.6785796782862544e+03  -7.2078621821914985e+03  -2.1814418085493089e+04  -1.8357037375250726e+04  -2.1516831398723964e+04  -1.8598244959923850e+04  -2.2069767957619195e+04
  -1.1483180574385449e+04  -5.6755332301405297e+03  -7.2107975445192196e+03  -2.1814071214159518e+04  -1.8355250066265271e+04  -2.1517288707087264e+04  -1.8599823112114780e+04  -2.2069875087553137e+04
  -1.1485940288009155e+04  -5.6724866621335505e+03  -7.2137327560832946e+03  -2.1813723888979493e+04  -1.8353462372491304e+04  -2.1517745563115655e+04  -1.8601400847758134e+04  -2.2069981745672882e+04
  -1.1488699757099026e+04  -5.6694399743298873e+03  -7.2166678168223461e+03  -2.1813376109958954e+04  -1.8351674293965159e+04  -2.1518201966797744e+04  -1.8602978166816527e+04  -2.2070087931975893e+04
  -1.1491458981596550e+04  -5.6663931667941015e+03  -7.2196027266749988e+03  -2.1813027877103883e+04  -1.8349885830723200e+04  -2.1518657918122131e+04  -1.8604555069252594e+04  -2.2070193646459651e+04
  -1.1494217961443179e+04  -5.6633462395907718e+03  -7.2225374855798837e+03  -2.1812679190420280e+04  -1.8348096982801766e+04  -2.1519113417077435e+04  -1.8606131555028976e+04  -2.2070298889121630e+04
  -1.1496976696580410e+04  -5.6602991927844641e+03  -7.2254720934756233e+03  -2.1812330049914137e+04  -1.8346307750237225e+04  -2.1519568463652275e+04  -1.8607707624108334e+04  -2.2070403659959327e+04
  -1.1499735186949718e+04  -5.6572520264397517e+03  -7.2284065503008560e+03  -2.1811980455591460e+04  -1.8344518133065954e+04  -2.1520023057835297e+04  -1.8609283276453334e+04  -2.2070507958970240e+04
  -1.1502493432492591e+04  -5.6542047406212159e+03  -7.2313408559942172e+03  -2.1811630407458237e+04  -1.8342728131324351e+04  -2.1520477199615128e+04  -1.8610858512026625e+04  -2.2070611786151887e+04
  -1.1505251433150532e+04  -5.6511573353934309e+03  -7.2342750104943370e+03  -2.1811279905520532e+04  -1.8340937745048785e+04  -2.1520930888980431e+04  -1.8612433330790896e+04  -2.2070715141501776e+04
  -1.1508009188865035e+04  -5.6481098108209808e+03  -7.2372090137398718e+03  -2.1810928949784375e+04  -1.8339146974275660e+04  -2.1521384125919867e+04  -1.8614007732708840e+04  -2.2070818025017474e+04
  -1.1510766699577613e+04  -5.6450621669684479e+03  -7.2401428656694579e+03  -2.1810577540255770e+04  -1.8337355819041368e+04  -2.1521836910422095e+04  -1.8615581717743153e+04  -2.2070920436696502e+04
  -1.1513523965229773e+04  -5.6420144039004190e+03  -7.2430765662217509e+03  -2.1810225676940801e+04  -1.8335564279382361e+04  -2.1522289242475821e+04  -1.8617155285856566e+04  -2.2071022376536421e+04
  -1.1516280985763020e+04  -5.6389665216814819e+03  -7.2460101153353889e+03  -2.1809873359845526e+04  -1.8333772355335022e+04  -2.1522741122069707e+04  -1.8618728437011756e+04  -2.2071123844534781e+04
  -1.1519037761118900e+04  -5.6359185203762245e+03  -7.2489435129490366e+03  -2.1809520588976004e+04  -1.8331980046935798e+04  -2.1523192549192481e+04  -1.8620301171171483e+04  -2.2071224840689174e+04
  -1.1521794291238917e+04  -5.6328704000492435e+03  -7.2518767590013531e+03  -2.1809167364338329e+04  -1.8330187354221143e+04  -2.1523643523832827e+04  -1.8621873488298472e+04  -2.2071325364997174e+04
  -1.1524550576064616e+04  -5.6298221607651276e+03  -7.2548098534309956e+03  -2.1808813685938581e+04  -1.8328394277227479e+04  -2.1524094045979466e+04  -1.8623445388355460e+04  -2.2071425417456379e+04
  -1.1527306615537533e+04  -5.6267738025884819e+03  -7.2577427961766252e+03  -2.1808459553782854e+04  -1.8326600815991278e+04  -2.1524544115621149e+04  -1.8625016871305215e+04  -2.2071524998064397e+04
  -1.1530062409599215e+04  -5.6237253255838978e+03  -7.2606755871769155e+03  -2.1808104967877272e+04  -1.8324806970548998e+04  -2.1524993732746578e+04  -1.8626587937110497e+04  -2.2071624106818832e+04
  -1.1532817958191199e+04  -5.6206767298159793e+03  -7.2636082263705339e+03  -2.1807749928227931e+04  -1.8323012740937098e+04  -2.1525442897344525e+04  -1.8628158585734076e+04  -2.2071722743717324e+04
  -1.1535573261255038e+04  -5.6176280153493335e+03  -7.2665407136961539e+03  -2.1807394434840950e+04  -1.8321218127192078e+04  -2.1525891609403738e+04  -1.8629728817138766e+04  -2.2071820908757494e+04
