  -5.9236652800000003e+06
  -5.9274251200000001e+06
  -5.9311774699999997e+06
  -5.9349224700000007e+06
  -5.9386599199999999e+06
  -5.9423899400000004e+06
  -5.9461124100000001e+06
  -5.9498274300000006e+06
  -5.9535349699999997e+06
  -5.9572349900000002e+06
  -5.9609275799999991e+06
  -5.9646126400000006e+06
  -5.9682902299999995e+06
  -5.9719603700000001e+06
  -5.9756230499999998e+06
  -5.9792781500000004e+06
  -5.9829257000000002e+06
  -5.9865658700000001e+06
  -5.9901985299999993e+06
  -5.9938236699999999e+06
  -5.9974411699999999e+06
  -6.0010511600000001e+06
  -6.0046535999999996e+06
  -6.0082485999999996e+06
  -6.0118359300000006e+06
  -6.0154156899999995e+06
  -6.0189878399999999e+06
  -6.0225525300000003e+06
  -6.0261096100000003e+06
  -6.0296591200000001e+06
  -6.0332010700000003e+06
  -6.0367353999999994e+06
  -6.0402621200000001e+06
  -6.0437812500000000e+06
  -6.0472927600000007e+06
  -6.0507967000000002e+06
  -6.0542930000000000e+06
  -6.0577817100000000e+06
  -6.0612628200000003e+06
  -6.0647362500000000e+06
  -6.0682020899999999e+06
  -6.0716603100000005e+06
  -6.0751109699999997e+06
  -6.0785539299999997e+06
  -6.0819891500000004e+06
  -6.0854168300000001e+06
  -6.0888368899999997e+06
  -6.0922492599999998e+06
  -6.0956540599999996e+06
  -6.0990512200000007e+06
  -6.1024406900000004e+06
  -6.1058224699999997e+06
  -6.1091966100000003e+06
  -6.1125630400000000e+06
  -6.1159218300000001e+06
  -6.1192728700000001e+06
  -6.1226162599999998e+06
  -6.1259519600000000e+06
  -6.1292800200000005e+06
  -6.1326003499999996e+06
  -6.1359129600000000e+06
  -6.1392178700000001e+06
  -6.1425149799999995e+06
  -6.1458044000000004e+06
  -6.1490860700000003e+06
  -6.1523600800000001e+06
  -6.1556263200000003e+06
  -6.1588849600000000e+06
  -6.1621357599999998e+06
  -6.1653787599999998e+06
  -6.1686140400000000e+06
  -6.1718416399999997e+06
  -6.1750614299999997e+06
  -6.1782734499999993e+06
  -6.1814776699999999e+06
  -6.1846741299999999e+06
  -6.1878628099999996e+06
  -6.1910436799999997e+06
  -6.1942167500000000e+06
  -6.1973821900000004e+06
  -6.2005397900000000e+06
  -6.2036896299999999e+06
  -6.2068317399999993e+06
  -6.2099660599999996e+06
  -6.2130925400000000e+06
  -6.2162112199999997e+06
  -6.2193220400000000e+06
  -6.2224249900000002e+06
  -6.2255200400000000e+06
  -6.2286073999999994e+06
  -6.2316869800000004e+06
  -6.2347586499999994e+06
  -6.2378224699999997e+06
  -6.2408784800000004e+06
  -6.2439265599999996e+06
  -6.2469669000000004e+06
  -6.2499994199999999e+06
  -6.2530240800000001e+06
  -6.2560407999999998e+06
  -6.2590497100000000e+06
  -6.2620508099999996e+06
  -6.2650440400000000e+06
  -6.2680294299999997e+06
  -6.2710069400000004e+06
  -6.2739766399999997e+06
  -6.2769384000000004e+06
  -6.2798921799999997e+06
  -6.2828380699999994e+06
  -6.2857761299999999e+06
  -6.2887062500000000e+06
  -6.2916285300000003e+06
  -6.2945429299999997e+06
  -6.2974494100000001e+06
  -6.3003479699999997e+06
  -6.3032386900000004e+06
  -6.3061214399999995e+06
  -6.3089962199999997e+06
  -6.3118630300000003e+06
  -6.3147219400000004e+06
  -6.3175729500000002e+06
  -6.3204160499999998e+06
  -6.3232512299999995e+06
  -6.3260784000000004e+06
  -6.3288976100000003e+06
  -6.3317088399999999e+06
  -6.3345122199999997e+06
  -6.3373076799999997e+06
  -6.3400951400000006e+06
  -6.3428747100000000e+06
  -6.3456462700000005e+06
  -6.3484097700000005e+06
  -6.3511652599999998e+06
  -6.3539128600000003e+06
  -6.3566525700000003e+06
  -6.3593842299999995e+06
  -6.3621078500000006e+06
  -6.3648235699999994e+06
  -6.3675312700000005e+06
  -6.3702308700000001e+06
  -6.3729224800000004e+06
  -6.3756060200000005e+06
  -6.3782815199999996e+06
  -6.3809489600000000e+06
  -6.3836085599999996e+06
  -6.3862601999999993e+06
  -6.3889038200000003e+06
  -6.3915393200000003e+06
  -6.3941668300000001e+06
  -6.3967862900000000e+06
  -6.3993977400000002e+06
  -6.4020010899999999e+06
  -6.4045964199999999e+06
  -6.4071836799999997e+06
  -6.4097628699999992e+06
  -6.4123340600000005e+06
  -6.4148972599999998e+06
  -6.4174523900000006e+06
  -6.4199993700000001e+06
  -6.4225383399999999e+06
  -6.4250691600000001e+06
  -6.4275919600000000e+06
  -6.4301066499999994e+06
  -6.4326132299999995e+06
  -6.4351118399999999e+06
  -6.4376023799999999e+06
  -6.4400847900000000e+06
  -6.4425590599999996e+06
  -6.4450252999999998e+06
  -6.4474834499999993e+06
  -6.4499335400000000e+06
  -6.4523756400000006e+06
  -6.4548097100000009e+06
  -6.4572356900000004e+06
  -6.4596535499999998e+06
  -6.4620632699999996e+06
  -6.4644648600000003e+06
  -6.4668582100000000e+06
  -6.4692434300000006e+06
  -6.4716205000000000e+06
  -6.4739895300000003e+06
  -6.4763504300000006e+06
  -6.4787032500000000e+06
  -6.4810478799999999e+06
  -6.4833843300000001e+06
  -6.4857126399999997e+06
  -6.4880327100000000e+06
  -6.4903446899999995e+06
  -6.4926485400000000e+06
  -6.4949442599999998e+06
  -6.4972317900000000e+06
  -6.4995112100000000e+06
  -6.5017825199999996e+06
  -6.5040456200000001e+06
  -6.5063007299999995e+06
  -6.5085476099999994e+06
  -6.5107861899999995e+06
  -6.5130164900000002e+06
  -6.5152386299999999e+06
  -6.5174525000000000e+06
  -6.5196581600000001e+06
  -6.5218556699999999e+06
  -6.5240449500000002e+06
  -6.5262261099999994e+06
  -6.5283992000000002e+06
  -6.5305640299999993e+06
  -6.5327206399999997e+06
  -6.5348691200000001e+06
  -6.5370093399999999e+06
  -6.5391414699999997e+06
  -6.5412653300000001e+06
  -6.5433809899999993e+06
  -6.5454884400000004e+06
  -6.5475876500000004e+06
  -6.5496787100000000e+06
  -6.5517615100000007e+06
  -6.5538360899999999e+06
  -6.5559025099999998e+06
  -6.5579606400000006e+06
  -6.5600105000000000e+06
  -6.5620520899999999e+06
  -6.5640854799999995e+06
  -6.5661108300000001e+06
  -6.5681279500000002e+06
  -6.5701368499999996e+06
  -6.5721374900000002e+06
  -6.5741297500000000e+06
  -6.5761137100000000e+06
  -6.5780893400000008e+06
  -6.5800567400000002e+06
  -6.5820159500000002e+06
  -6.5839667999999998e+06
  -6.5859093799999999e+06
  -6.5878436499999994e+06
  -6.5897695899999999e+06
  -6.5916873500000006e+06
  -6.5935967800000003e+06
  -6.5954978799999999e+06
  -6.5973907999999998e+06
  -6.5992755100000007e+06
  -6.6011519199999999e+06
  -6.6030200000000000e+06
  -6.6048798800000008e+06
  -6.6067314399999995e+06
  -6.6085747400000002e+06
  -6.6104097100000000e+06
  -6.6122363899999997e+06
  -6.6140547699999996e+06
  -6.6158649500000002e+06
  -6.6176667999999998e+06
  -6.6194604000000004e+06
  -6.6212456799999997e+06
  -6.6230225000000000e+06
  -6.6247910199999996e+06
  -6.6265513199999994e+06
  -6.6283032400000002e+06
  -6.6300469600000000e+06
  -6.6317822299999995e+06
  -6.6335091300000008e+06
  -6.6352276899999995e+06
  -6.6369379699999997e+06
  -6.6386398399999999e+06
  -6.6403335200000005e+06
  -6.6420188500000006e+06
  -6.6436958100000005e+06
  -6.6453644299999997e+06
  -6.6470247000000002e+06
  -6.6486765899999999e+06
  -6.6503200800000001e+06
  -6.6519551799999997e+06
  -6.6535819600000009e+06
  -6.6552003599999994e+06
  -6.6568104600000000e+06
  -6.6584121299999999e+06
  -6.6600054399999995e+06
  -6.6615904200000009e+06
  -6.6631670499999998e+06
  -6.6647353700000001e+06
  -6.6662953200000003e+06
  -6.6678469100000001e+06
  -6.6693902299999995e+06
  -6.6709251000000006e+06
  -6.6724515499999998e+06
  -6.6739696000000006e+06
  -6.6754794199999999e+06
  -6.6769808999999994e+06
  -6.6784739100000001e+06
  -6.6799582700000005e+06
  -6.6814343900000006e+06
  -6.6829021300000008e+06
  -6.6843615200000005e+06
  -6.6858125400000000e+06
  -6.6872551600000001e+06
  -6.6886894100000001e+06
  -6.6901152599999998e+06
  -6.6915328099999996e+06
  -6.6929419799999995e+06
  -6.6943427300000004e+06
  -6.6957350599999996e+06
  -6.6971189700000007e+06
  -6.6984944100000001e+06
  -6.6998614799999995e+06
  -6.7012202199999997e+06
  -6.7025705500000007e+06
  -6.7039123099999996e+06
  -6.7052456899999995e+06
  -6.7065705700000003e+06
  -6.7078870800000001e+06
  -6.7091951699999999e+06
  -6.7104947800000003e+06
  -6.7117860300000003e+06
  -6.7130690099999998e+06
  -6.7143436000000006e+06
  -6.7156096699999999e+06
  -6.7168674000000004e+06
  -6.7181166400000006e+06
  -6.7193574900000002e+06
  -6.7205898500000006e+06
  -6.7218137599999998e+06
  -6.7230290499999998e+06
  -6.7242359600000000e+06
  -6.7254344400000004e+06
  -6.7266245700000003e+06
  -6.7278063199999994e+06
  -6.7289795299999993e+06
  -6.7301443099999996e+06
  -6.7313006400000006e+06
  -6.7324485699999994e+06
  -6.7335880899999999e+06
  -6.7347191400000006e+06
  -6.7358418799999999e+06
  -6.7369561400000006e+06
  -6.7380619299999997e+06
  -6.7391592300000004e+06
  -6.7402479400000004e+06
  -6.7413282400000002e+06
  -6.7424001200000001e+06
  -6.7434635200000005e+06
  -6.7445184000000004e+06
  -6.7455647599999998e+06
  -6.7466026200000001e+06
