  -5.9236648393924506e+03
  -5.9274246973731424e+03
  -5.9311771042000000e+03
  -5.9349220551703229e+03
  -5.9386595456603154e+03
  -5.9423895710659081e+03
  -5.9461121267830313e+03
  -5.9498272082076146e+03
  -5.9535348107355885e+03
  -5.9572349297628843e+03
  -5.9609275606854308e+03
  -5.9646126988991591e+03
  -5.9682903397999999e+03
  -5.9719604787984790e+03
  -5.9756231113635040e+03
  -5.9792782329785823e+03
  -5.9829258391272178e+03
  -5.9865659252929136e+03
  -5.9901984869591779e+03
  -5.9938235196095129e+03
  -5.9974410187274252e+03
  -6.0010509797964187e+03
  -6.0046533982999999e+03
  -6.0082482697376618e+03
  -6.0118355896728663e+03
  -6.0154153536850627e+03
  -6.0189875573536992e+03
  -6.0225521962582279e+03
  -6.0261092659780988e+03
  -6.0296587620927621e+03
  -6.0332006801816651e+03
  -6.0367350158242607e+03
  -6.0402617645999990e+03
  -6.0437809221041698e+03
  -6.0472924839954276e+03
  -6.0507964459482664e+03
  -6.0542928036371823e+03
  -6.0577815527366702e+03
  -6.0612626889212224e+03
  -6.0647362078653377e+03
  -6.0682021052435084e+03
  -6.0716603767302304e+03
  -6.0751110179999996e+03
  -6.0785540247431545e+03
  -6.0819893927134199e+03
  -6.0854171176803684e+03
  -6.0888371954135682e+03
  -6.0922496216825903e+03
  -6.0956543922570054e+03
  -6.0990515029063827e+03
  -6.1024409494002948e+03
  -6.1058227275083100e+03
  -6.1091968330000000e+03
  -6.1125632616610092e+03
  -6.1159220093412878e+03
  -6.1192730719068568e+03
  -6.1226164452237417e+03
  -6.1259521251579663e+03
  -6.1292801075755524e+03
  -6.1326003883425255e+03
  -6.1359129633249095e+03
  -6.1392178283887251e+03
  -6.1425149793999999e+03
  -6.1458044122408064e+03
  -6.1490861228574295e+03
  -6.1523601072122028e+03
  -6.1556263612674620e+03
  -6.1588848809855435e+03
  -6.1621356623287802e+03
  -6.1653787012595103e+03
  -6.1686139937400667e+03
  -6.1718415357327840e+03
  -6.1750613231999996e+03
  -6.1782733521201635e+03
  -6.1814776185361961e+03
  -6.1846741185071323e+03
  -6.1878628480920079e+03
  -6.1910438033498585e+03
  -6.1942169803397210e+03
  -6.1973823751206301e+03
  -6.2005399837516234e+03
  -6.2036898022917339e+03
  -6.2068318268000003e+03
  -6.2099660533517372e+03
  -6.2130924780873875e+03
  -6.2162110971636694e+03
  -6.2193219067373084e+03
  -6.2224249029650218e+03
  -6.2255200820035361e+03
  -6.2286074400095677e+03
  -6.2316869731398419e+03
  -6.2347586775510790e+03
  -6.2378225493999998e+03
  -6.2408785848595862e+03
  -6.2439267801678561e+03
  -6.2469671315790893e+03
  -6.2499996353475608e+03
  -6.2530242877275514e+03
  -6.2560410849733371e+03
  -6.2590500233391967e+03
  -6.2620510990794082e+03
  -6.2650443084482513e+03
  -6.2680296477000002e+03
  -6.2710071131053173e+03
  -6.2739767010003870e+03
  -6.2769384077377745e+03
  -6.2798922296700484e+03
  -6.2828381631497732e+03
  -6.2857762045295167e+03
  -6.2887063501618450e+03
  -6.2916285963993232e+03
  -6.2945429395945193e+03
  -6.2974493761000003e+03
  -6.3003479022847450e+03
  -6.3032385145833978e+03
  -6.3061212094470120e+03
  -6.3089959833266466e+03
  -6.3118628326733560e+03
  -6.3147217539381973e+03
  -6.3175727435722256e+03
  -6.3204157980264972e+03
  -6.3232509137520710e+03
  -6.3260780871999996e+03
  -6.3288973148378000e+03
  -6.3317085931988231e+03
  -6.3345119188328745e+03
  -6.3373072882897650e+03
  -6.3400946981193019e+03
  -6.3428741448712963e+03
  -6.3456456250955534e+03
  -6.3484091353418844e+03
  -6.3511646721600973e+03
  -6.3539122321000004e+03
  -6.3566518117279520e+03
  -6.3593834076765124e+03
  -6.3621070165947913e+03
  -6.3648226351318945e+03
  -6.3675302599369352e+03
  -6.3702298876590203e+03
  -6.3729215149472611e+03
  -6.3756051384507646e+03
  -6.3782807548186411e+03
  -6.3809483607000002e+03
  -6.3836079527605916e+03
  -6.3862595277327291e+03
  -6.3889030823653657e+03
  -6.3915386134074579e+03
  -6.3941661176079588e+03
  -6.3967855917158231e+03
  -6.3993970324800048e+03
  -6.4020004366494595e+03
  -6.4045958009731385e+03
  -6.4071831222000001e+03
  -6.4097623970955829e+03
  -6.4123336224917730e+03
  -6.4148967952370458e+03
  -6.4174519121798730e+03
  -6.4199989701687291e+03
  -6.4225379660520866e+03
  -6.4250688966784201e+03
  -6.4275917588962002e+03
  -6.4301065495539024e+03
  -6.4326132655000001e+03
  -6.4351119035997781e+03
  -6.4376024607857771e+03
  -6.4400849340073491e+03
  -6.4425593202138480e+03
  -6.4450256163546228e+03
  -6.4474838193790283e+03
  -6.4499339262364165e+03
  -6.4523759338761392e+03
  -6.4548098392475495e+03
  -6.4572356393000000e+03
  -6.4596533309995029e+03
  -6.4620629113787154e+03
  -6.4644643774869537e+03
  -6.4668577263735360e+03
  -6.4692429550877778e+03
  -6.4716200606789989e+03
  -6.4739890401965140e+03
  -6.4763498906896411e+03
  -6.4787026092076976e+03
  -6.4810471927999997e+03
  -6.4833836385329087e+03
  -6.4857119435409604e+03
  -6.4880321049757340e+03
  -6.4903441199888075e+03
  -6.4926479857317618e+03
  -6.4949436993561740e+03
  -6.4972312580136258e+03
  -6.4995106588556946e+03
  -6.5017818990339592e+03
  -6.5040449756999997e+03
  -6.5062998860221587e+03
  -6.5085466272358399e+03
  -6.5107851965932086e+03
  -6.5130155913464296e+03
  -6.5152378087476718e+03
  -6.5174518460490999e+03
  -6.5196577005028803e+03
  -6.5218553693611802e+03
  -6.5240448498761643e+03
  -6.5262261392999999e+03
  -6.5283992349019518e+03
  -6.5305641340196762e+03
  -6.5327208340079305e+03
  -6.5348693322214694e+03
  -6.5370096260150494e+03
  -6.5391417127434252e+03
  -6.5412655897613513e+03
  -6.5433812544235861e+03
  -6.5454887040848835e+03
  -6.5475879360999998e+03
  -6.5496789478406326e+03
  -6.5517617367462517e+03
  -6.5538363002732667e+03
  -6.5559026358780893e+03
  -6.5579607410171302e+03
  -6.5600106131468019e+03
  -6.5620522497235124e+03
  -6.5640856482036752e+03
  -6.5661108060437009e+03
  -6.5681277207000003e+03
  -6.5701363896461153e+03
  -6.5721368104241164e+03
  -6.5741289805932020e+03
  -6.5761128977125727e+03
  -6.5780885593414287e+03
  -6.5800559630389716e+03
  -6.5820151063643989e+03
  -6.5839659868769131e+03
  -6.5859086021357134e+03
  -6.5878429496999997e+03
  -6.5897690271460042e+03
  -6.5916868321180837e+03
  -6.5935963622776262e+03
  -6.5954976152860199e+03
  -6.5973905888046529e+03
  -6.5992752804949141e+03
  -6.6011516880181907e+03
  -6.6030198090358717e+03
  -6.6048796412093452e+03
  -6.6067311821999992e+03
  -6.6085744296864650e+03
  -6.6104093814163480e+03
  -6.6122360351544912e+03
  -6.6140543886657460e+03
  -6.6158644397149565e+03
  -6.6176661860669701e+03
  -6.6194596254866346e+03
  -6.6212447557387968e+03
  -6.6230215745883033e+03
  -6.6247900798000001e+03
  -6.6265502691558322e+03
  -6.6283021405061263e+03
  -6.6300456917183064e+03
  -6.6317809206597967e+03
  -6.6335078251980212e+03
  -6.6352264032004041e+03
  -6.6369366525343694e+03
  -6.6386385710673412e+03
  -6.6403321566667437e+03
  -6.6420174072000000e+03
  -6.6436943205518082e+03
  -6.6453628946759509e+03
  -6.6470231275434853e+03
  -6.6486750171254707e+03
  -6.6503185613929609e+03
  -6.6519537583170149e+03
  -6.6535806058686885e+03
  -6.6551991020190399e+03
  -6.6568092447391246e+03
  -6.6584110320000000e+03
  -6.6600044617899375e+03
  -6.6615895321660719e+03
  -6.6631662412027499e+03
  -6.6647345869743222e+03
  -6.6662945675551337e+03
  -6.6678461810195349e+03
  -6.6693894254418738e+03
  -6.6709242988964988e+03
  -6.6724507994577580e+03
  -6.6739689251999998e+03
  -6.6754786742149390e+03
  -6.6769800446637591e+03
  -6.6784730347250106e+03
  -6.6799576425772411e+03
  -6.6814338663990020e+03
  -6.6829017043688427e+03
  -6.6843611546653137e+03
  -6.6858122154669627e+03
  -6.6872548849523419e+03
  -6.6886891612999998e+03
  -6.6901150427057037e+03
  -6.6915325274340885e+03
  -6.6929416137670078e+03
  -6.6943422999863124e+03
  -6.6957345843738558e+03
  -6.6971184652114907e+03
  -6.6984939407810707e+03
  -6.6998610093644475e+03
  -6.7012196692434727e+03
  -6.7025699187000000e+03
  -6.7039117560333461e+03
  -6.7052451796126870e+03
  -6.7065701878246618e+03
  -6.7078867790559107e+03
  -6.7091949516930736e+03
  -6.7104947041227915e+03
  -6.7117860347317028e+03
  -6.7130689419064474e+03
  -6.7143434240336674e+03
  -6.7156094795000008e+03
  -6.7168671067094119e+03
  -6.7181163041351656e+03
  -6.7193570702678480e+03
  -6.7205894035980464e+03
  -6.7218133026163496e+03
  -6.7230287658133448e+03
  -6.7242357916796209e+03
  -6.7254343787057624e+03
  -6.7266245253823608e+03
  -6.7278062301999998e+03
  -6.7289794916667070e+03
  -6.7301443083602544e+03
  -6.7313006788758503e+03
  -6.7324486018087055e+03
  -6.7335880757540281e+03
  -6.7347190993070290e+03
  -6.7358416710629162e+03
  -6.7369557896169017e+03
  -6.7380614535641935e+03
  -6.7391586614999997e+03
  -6.7402474120369588e+03
  -6.7413277038574179e+03
  -6.7423995356611504e+03
  -6.7434629061479327e+03
  -6.7445178140175358e+03
  -6.7455642579697378e+03
  -6.7466022367043106e+03
