  -5.9167103842821080e+03
  -5.9204837630081511e+03
  -5.9242496992792248e+03
  -5.9280081883756520e+03
  -5.9317592256565722e+03
  -5.9355028065008264e+03
  -5.9392389262872566e+03
  -5.9429675803947048e+03
  -5.9466887642020138e+03
  -5.9504024730880246e+03
  -5.9541087024315802e+03
  -5.9578074476115207e+03
  -5.9614987040066908e+03
  -5.9651824670105098e+03
  -5.9688587320747210e+03
  -5.9725274946656418e+03
  -5.9761887502495956e+03
  -5.9798424942929005e+03
  -5.9834887222618800e+03
  -5.9871274296228512e+03
  -5.9907586118421368e+03
  -5.9943822643860567e+03
  -5.9979983827209326e+03
  -6.0016069623290568e+03
  -6.0052079987566194e+03
  -6.0088014875657827e+03
  -6.0123874243187101e+03
  -6.0159658045775650e+03
  -6.0195366239045088e+03
  -6.0230998778617050e+03
  -6.0266555620113159e+03
  -6.0302036719155039e+03
  -6.0337442031364335e+03
  -6.0372771512520922e+03
  -6.0408025119037629e+03
  -6.0443202807485586e+03
  -6.0478304534435874e+03
  -6.0513330256459622e+03
  -6.0548279930127919e+03
  -6.0583153512011850e+03
  -6.0617950958682541e+03
  -6.0652672226711093e+03
  -6.0687317272668597e+03
  -6.0721886053284452e+03
  -6.0756378525921245e+03
  -6.0790794648099854e+03
  -6.0825134377341165e+03
  -6.0859397671166034e+03
  -6.0893584487095350e+03
  -6.0927694782650005e+03
  -6.0961728515350851e+03
  -6.0995685642718772e+03
  -6.1029566122274646e+03
  -6.1063369911699965e+03
  -6.1097096969318582e+03
  -6.1130747253614982e+03
  -6.1164320723073643e+03
  -6.1197817336179032e+03
  -6.1231237051415628e+03
  -6.1264579827267899e+03
  -6.1297845622220329e+03
  -6.1331034394757380e+03
  -6.1364146103363546e+03
  -6.1397180706683648e+03
  -6.1430138164004002e+03
  -6.1463018434771266e+03
  -6.1495821478432090e+03
  -6.1528547254433170e+03
  -6.1561195722221155e+03
  -6.1593766841242714e+03
  -6.1626260570944523e+03
  -6.1658676870773234e+03
  -6.1691015700175521e+03
  -6.1723277018759063e+03
  -6.1755460786775620e+03
  -6.1787566964637954e+03
  -6.1819595512758833e+03
  -6.1851546391551019e+03
  -6.1883419561427299e+03
  -6.1915214982800426e+03
  -6.1946932616083177e+03
  -6.1978572421688314e+03
  -6.2010134360028605e+03
  -6.2041618391679485e+03
  -6.2073024477867057e+03
  -6.2104352579980059e+03
  -6.2135602659407241e+03
  -6.2166774677537360e+03
  -6.2197868595759182e+03
  -6.2228884375461448e+03
  -6.2259821978032924e+03
  -6.2290681364862348e+03
  -6.2321462497338489e+03
  -6.2352165337012530e+03
  -6.2382789846085507e+03
  -6.2413335986920838e+03
  -6.2443803721882005e+03
  -6.2474193013332433e+03
  -6.2504503823635596e+03
  -6.2534736115154938e+03
  -6.2564889850253921e+03
  -6.2594964991295992e+03
  -6.2624961500644604e+03
  -6.2654879340826874e+03
  -6.2684718475024665e+03
  -6.2714478866583449e+03
  -6.2744160478848771e+03
  -6.2773763275166120e+03
  -6.2803287218880996e+03
  -6.2832732273338943e+03
  -6.2862098401885432e+03
  -6.2891385567866000e+03
  -6.2920593734626136e+03
  -6.2949722865675376e+03
  -6.2978772925179310e+03
  -6.3007743877467519e+03
  -6.3036635686869613e+03
  -6.3065448317715181e+03
  -6.3094181734333833e+03
  -6.3122835901055150e+03
  -6.3151410782208741e+03
  -6.3179906342124204e+03
  -6.3208322545131132e+03
  -6.3236659355723577e+03
  -6.3264916739053415e+03
  -6.3293094660436982e+03
  -6.3321193085190598e+03
  -6.3349211978630601e+03
  -6.3377151306073301e+03
  -6.3405011032835027e+03
  -6.3432791124232135e+03
  -6.3460491545580935e+03
  -6.3488112262197747e+03
  -6.3515653239564281e+03
  -6.3543114443823724e+03
  -6.3570495841284646e+03
  -6.3597797398255607e+03
  -6.3625019081045175e+03
  -6.3652160855961911e+03
  -6.3679222689314374e+03
  -6.3706204547411135e+03
  -6.3733106396560752e+03
  -6.3759928203071795e+03
  -6.3786669933419107e+03
  -6.3813331554742681e+03
  -6.3839913034348783e+03
  -6.3866414339543699e+03
  -6.3892835437633703e+03
  -6.3919176295925054e+03
  -6.3945436881724045e+03
  -6.3971617162336952e+03
  -6.3997717105070024e+03
  -6.4023736677229563e+03
  -6.4049675846287573e+03
  -6.4075534580379044e+03
  -6.4101312847804711e+03
  -6.4127010616865282e+03
  -6.4152627855861510e+03
  -6.4178164533094114e+03
  -6.4203620616863827e+03
  -6.4228996075471377e+03
  -6.4254290877217491e+03
  -6.4279504990402902e+03
  -6.4304638383496349e+03
  -6.4329691025638640e+03
  -6.4354662886138594e+03
  -6.4379553934305031e+03
  -6.4404364139446780e+03
  -6.4429093470872649e+03
  -6.4453741897891459e+03
  -6.4478309389812039e+03
  -6.4502795915943198e+03
  -6.4527201445593764e+03
  -6.4551525948239050e+03
  -6.4575769394020344e+03
  -6.4599931753245419e+03
  -6.4624012996222054e+03
  -6.4648013093258032e+03
  -6.4671932014661134e+03
  -6.4695769730739148e+03
  -6.4719526211799839e+03
  -6.4743201428150996e+03
  -6.4766795350100401e+03
  -6.4790307948126147e+03
  -6.4813739193387673e+03
  -6.4837089057214725e+03
  -6.4860357510937047e+03
  -6.4883544525884381e+03
  -6.4906650073386490e+03
  -6.4929674124773110e+03
  -6.4952616651374001e+03
  -6.4975477624518908e+03
  -6.4998257015537583e+03
  -6.5020954795927300e+03
  -6.5043570937855511e+03
  -6.5066105413657178e+03
  -6.5088558195667256e+03
  -6.5110929256220734e+03
  -6.5133218567652575e+03
  -6.5155426102297743e+03
  -6.5177551832491226e+03
  -6.5199595730567971e+03
  -6.5221557768862976e+03
  -6.5243437919882062e+03
  -6.5265236156814626e+03
  -6.5286952453020940e+03
  -6.5308586781861241e+03
  -6.5330139116695809e+03
  -6.5351609430884919e+03
  -6.5372997697788796e+03
  -6.5394303890767733e+03
  -6.5415527983181973e+03
  -6.5436669948391791e+03
  -6.5457729759926779e+03
  -6.5478707391993812e+03
  -6.5499602818969124e+03
  -6.5520416015228921e+03
  -6.5541146955149416e+03
  -6.5561795613106842e+03
  -6.5582361963477406e+03
  -6.5602845980637312e+03
  -6.5623247638962812e+03
  -6.5643566912830083e+03
  -6.5663803776786590e+03
  -6.5683958206064644e+03
  -6.5704030176067818e+03
  -6.5724019662199644e+03
  -6.5743926639863685e+03
  -6.5763751084463483e+03
  -6.5783492971402602e+03
  -6.5803152276084584e+03
  -6.5822728973912981e+03
  -6.5842223040291346e+03
  -6.5861634450793463e+03
  -6.5880963181673969e+03
  -6.5900209209357754e+03
  -6.5919372510269695e+03
  -6.5938453060834672e+03
  -6.5957450837477563e+03
  -6.5976365816623256e+03
  -6.5995197974696612e+03
  -6.6013947288122527e+03
  -6.6032613733325879e+03
  -6.6051197286903889e+03
  -6.6069697926143153e+03
  -6.6088115628502655e+03
  -6.6106450371441342e+03
  -6.6124702132418161e+03
  -6.6142870888892076e+03
  -6.6160956618322052e+03
  -6.6178959298167038e+03
  -6.6196878905885997e+03
  -6.6214715418937867e+03
  -6.6232468814952508e+03
  -6.6250139072243255e+03
  -6.6267726169294347e+03
  -6.6285230084590003e+03
  -6.6302650796614435e+03
  -6.6319988283851908e+03
  -6.6337242524786625e+03
  -6.6354413497902815e+03
  -6.6371501181684716e+03
  -6.6388505554616531e+03
  -6.6405426595355157e+03
  -6.6422264283248014e+03
  -6.6439018597815193e+03
  -6.6455689518576764e+03
  -6.6472277025052799e+03
  -6.6488781096763378e+03
  -6.6505201713228589e+03
  -6.6521538853968495e+03
  -6.6537792498503177e+03
  -6.6553962626352723e+03
  -6.6570049217209280e+03
  -6.6586052251453302e+03
  -6.6601971709637355e+03
  -6.6617807572313968e+03
  -6.6633559820035689e+03
  -6.6649228433355056e+03
  -6.6664813392824617e+03
  -6.6680314678996911e+03
  -6.6695732272424493e+03
  -6.6711066153659895e+03
  -6.6726316303429257e+03
  -6.6741482703153124e+03
  -6.6756565334425632e+03
  -6.6771564178840927e+03
  -6.6786479217993128e+03
  -6.6801310433476401e+03
  -6.6816057806884855e+03
  -6.6830721319812637e+03
  -6.6845300953853894e+03
  -6.6859796690602761e+03
  -6.6874208511825464e+03
  -6.6888536399976665e+03
  -6.6902780337683089e+03
  -6.6916940307571494e+03
  -6.6931016292268614e+03
  -6.6945008274401207e+03
  -6.6958916236595987e+03
  -6.6972740161479724e+03
  -6.6986480031679139e+03
  -6.7000135829820993e+03
  -6.7013707538706612e+03
  -6.7027195141835664e+03
  -6.7040598622882371e+03
  -6.7053917965521032e+03
  -6.7067153153425870e+03
  -6.7080304170271138e+03
  -6.7093370999731105e+03
  -6.7106353625480006e+03
  -6.7119252031192082e+03
  -6.7132066200541612e+03
  -6.7144796117376018e+03
  -6.7157441766235479e+03
  -6.7170003131833346e+03
  -6.7182480198882995e+03
  -6.7194872952097785e+03
  -6.7207181376191065e+03
  -6.7219405455876204e+03
  -6.7231545175866559e+03
  -6.7243600520875489e+03
  -6.7255571475616371e+03
  -6.7267458024976859e+03
  -6.7279260154541889e+03
  -6.7290977850070713e+03
  -6.7302611097322579e+03
  -6.7314159882056720e+03
  -6.7325624190032395e+03
  -6.7337004007008854e+03
  -6.7348299318745330e+03
  -6.7359510111001073e+03
  -6.7370636369535323e+03
  -6.7381678080281572e+03
  -6.7392635229870148e+03
  -6.7403507805105664e+03
  -6.7414295792792682e+03
  -6.7424999179735805e+03
  -6.7435617952739603e+03
  -6.7446152098608682e+03
