   2.1617208870000002e+04   2.2824121019000002e+04   2.4895438480999997e+04   2.0093024539000002e+04   2.1973343697000000e+04   2.1430941772999999e+04   2.2464036055000000e+04   2.3386681034000001e+04
   2.1925314329000001e+04   2.3223894793000003e+04   2.4981155940000001e+04   2.0152336678000000e+04   2.1945464199999999e+04   2.1343227747000001e+04   2.2300346783000001e+04   2.3030737162999998e+04
   2.2250927731000000e+04   2.3644062706000001e+04   2.5079438934000002e+04   2.0248321024999997e+04   2.1943166146000003e+04   2.1293632309000001e+04   2.2151580989000002e+04   2.2685491829999999e+04
   2.2592096659000003e+04   2.4081309583999999e+04   2.5190180982999998e+04   2.0379877605000001e+04   2.1966055248000001e+04   2.1282930335000001e+04   2.2018764136000002e+04   2.2352945316000001e+04
   2.2946886930000001e+04   2.4532380140000001e+04   2.5313190045000003e+04   2.0545592481000000e+04   2.2013552315000001e+04   2.1311476517999999e+04   2.1902872039999998e+04   2.2035137291999999e+04
   2.3313386961000000e+04   2.4994092973000003e+04   2.5448190758000001e+04   2.0743764587999998e+04   2.2084890044000000e+04   2.1379188179000001e+04   2.1804806266000000e+04   2.1734124734999998e+04
   2.3689730624000003e+04   2.5463386111000000e+04   2.0972461993999998e+04   2.2179146486999998e+04   2.1485555824000003e+04   2.1725398824000000e+04   2.1451970856000000e+04   0.0000000000000000e+00
   2.4758798076000003e+04   2.4074111368999998e+04   2.1229561548999998e+04   2.2295254949000002e+04   2.1629660995999999e+04   2.1665393614999997e+04   2.1190718690000002e+04   2.4585069868000002e+04
   2.4744627033000001e+04   2.4464763826999999e+04   2.1512781129999999e+04   2.2432007070000000e+04   2.1810184982000002e+04   2.1625419843000000e+04   2.0952350147000001e+04   2.4220421968999999e+04
   2.4748645417000000e+04   2.4860009094999998e+04   2.1819751818999997e+04   2.2588105514999999e+04   2.2025477932999998e+04   2.1606011989999999e+04   2.0738788030000000e+04   2.3861820796999997e+04
   2.4770407915000000e+04   2.5258226204999999e+04   2.2148029502999998e+04   2.2762154946999999e+04   2.2273572111000001e+04   2.1607574849000001e+04   2.0551832732000003e+04   2.3510852699999999e+04
   2.2517380306000003e+04   2.4809318480999998e+04   2.2495140283000001e+04   2.2952693263000001e+04   2.2552245475000000e+04   2.1630383765999999e+04   2.0393140539000000e+04   2.3169159689000000e+04
   2.2516644256000000e+04   2.4864652493000001e+04   2.2858619506000003e+04   2.3158214877999999e+04   2.2859069303000000e+04   2.1674585918000001e+04   2.0264196831000001e+04   2.2838429534000003e+04
   2.2545168504000001e+04   2.4935564349000000e+04   2.3236024107999998e+04   2.3377179319999999e+04   2.3191453528999999e+04   2.1740184847000000e+04   2.0166270048999999e+04   2.2520382093000000e+04
   2.2602298039000001e+04   2.5021095107999998e+04   2.3624968432999998e+04   2.3608039907000002e+04   2.3546702129999998e+04   2.1827054875000002e+04   2.0100395826000000e+04   2.2216767447000002e+04
   2.2687111454000002e+04   2.5120185978000001e+04   2.4023126142999998e+04   2.3849244844000001e+04   2.3922045076000002e+04   2.1934925385000002e+04   2.0067337556999999e+04   2.1929337232000002e+04
   2.2798459688000003e+04   2.5231696778000001e+04   2.4428252421999998e+04   2.4099264321999999e+04   2.4314686003999999e+04   2.2063397761999997e+04   2.0067577149000001e+04   2.1659843503000000e+04
   2.2934971606999999e+04   2.5354415138000000e+04   2.4838190807999999e+04   2.4356588653000003e+04   2.4721825532000003e+04   2.2211942671000001e+04   2.0101296256999998e+04   2.1410007322000001e+04
   2.2525054476000001e+04   2.3095097475000002e+04   2.5250878947000001e+04   2.4619750291000000e+04   2.5140697399999997e+04   2.2379912569000000e+04   2.0168375381999998e+04   2.1181509041000001e+04
   2.2178838647999997e+04   2.3277127432000001e+04   2.4887321635000000e+04   2.2566547236999999e+04   2.0268395720000000e+04   2.0975957360000000e+04   0.0000000000000000e+00   0.0000000000000000e+00
   2.1847145798999998e+04   2.3479220201000000e+04   2.0284929226000000e+04   2.5157930763999997e+04   2.2770985525000000e+04   2.0400646279000001e+04   2.0794865579000001e+04   0.0000000000000000e+00
   2.1531945361000002e+04   2.3699438353999998e+04   2.0161298028000001e+04   2.4844438945999998e+04   2.5430258460999998e+04   2.2992273741999998e+04   2.0564146827000000e+04   2.0639627080999999e+04
   2.1235206763999999e+04   2.3935774907000003e+04   2.0085813586000000e+04   2.4357917103000000e+04   2.4424592605000002e+04   2.3229377022999997e+04   2.0757667175999999e+04   2.0511486589000000e+04
   2.0958891134000001e+04   2.4186179179999999e+04   2.0059396747999999e+04   2.4190346589000001e+04   2.4016910846000002e+04   2.3481196753000000e+04   2.0979761506999999e+04   2.0411521166999999e+04
   2.0704914574999999e+04   2.4448582135000001e+04   2.0082337328000001e+04   2.4031525193999998e+04   2.3624186664000001e+04   2.3746574324000001e+04   2.1228795657999999e+04   2.0340611632000000e+04
   2.0475125117000000e+04   2.4720913478999999e+04   2.0154280160999999e+04   2.3881877605999998e+04   2.3249241199000000e+04   2.4024306441000001e+04   2.1502977982000000e+04   2.0299422574000000e+04
   2.0271273592999998e+04   2.5001127976000000e+04   2.0274241752999998e+04   2.3741798723000000e+04   2.2894894914000000e+04   2.4313151309000001e+04   2.1800396579000000e+04   2.0288389778000001e+04
   2.0094981092999999e+04   2.5287216931999999e+04   2.0440644480999999e+04   2.3611655017000001e+04   2.2563934782000000e+04   2.4611845464999999e+04   2.2119046908000000e+04   2.0307706593999999e+04
   1.9947710765000000e+04   2.0651378598000003e+04   2.3491777779000000e+04   2.2259075638999999e+04   2.4919108182999997e+04   2.2456869477000000e+04   2.0357324298000000e+04   0.0000000000000000e+00
   1.9830729008000002e+04   2.3013910634000000e+04   2.0903867404000001e+04   2.3382460210000001e+04   2.1982907934999999e+04   2.2811765602000003e+04   2.0436946274000002e+04   0.0000000000000000e+00
   1.9745082396999998e+04   2.2585380348999999e+04   2.1195154884000000e+04   2.3283964951000002e+04   2.1737855434999998e+04   2.3181627067000001e+04   2.0546037445000002e+04   0.0000000000000000e+00
   1.9691570013000000e+04   2.2178041470000000e+04   2.1521989557999997e+04   2.3196510201000001e+04   2.1526117877999997e+04   2.4537950929999999e+04   2.3564357336000001e+04   2.0683838237000000e+04
   1.9670725065000002e+04   2.1795287102999999e+04   2.1880911848000000e+04   2.3120282153000000e+04   2.1349622624000003e+04   2.4130318241000001e+04   2.3957886932999998e+04   2.0849378627999999e+04
   1.9682800947000000e+04   2.1440500390999998e+04   2.2268329664000001e+04   2.3055427092999998e+04   2.1209979019000002e+04   2.3735350291999999e+04   2.4360186888000000e+04   2.1041504199000003e+04
   1.9727758535999998e+04   2.1116989426000000e+04   2.2680587603000000e+04   2.3002047138000002e+04   2.1108422223999998e+04   2.3356161039000002e+04   2.4769280980000000e+04   2.1258888280000003e+04
   1.9805277464000003e+04   2.0827935661000000e+04   2.3114032358000000e+04   2.2960211916000000e+04   2.1045789362000000e+04   2.2995914572999998e+04   2.5183254763999998e+04   2.1500070287000002e+04
   1.9914757146000000e+04   2.0576312054000002e+04   2.4409568125000002e+04   2.3565054942999999e+04   2.2929948999000000e+04   2.1022486899000000e+04   2.2657781354999999e+04   2.1763472930000000e+04
   2.0055339048999998e+04   2.0364819464000000e+04   2.4225869927000000e+04   2.4030144776999998e+04   2.2911253271000001e+04   2.1038484682999999e+04   2.2344905354999999e+04   2.2047432923999997e+04
   2.0225916428000000e+04   2.0195793287000000e+04   2.4049574949000002e+04   2.4505892315000001e+04   2.2904073239999998e+04   2.1093303408000000e+04   2.2060341024999998e+04   2.2350216975000003e+04
   2.0425175910000002e+04   2.0071147166999999e+04   2.3881475396000002e+04   2.4989036754999997e+04   2.2908332785999999e+04   2.1186040688000001e+04   2.1807012549999999e+04   2.2670054057999998e+04
   2.0651614892000001e+04   1.9992299910999998e+04   2.3722361989999998e+04   2.5476470686000001e+04   2.2923914171999997e+04   2.1315391909999998e+04   2.1587640453000000e+04   2.3005149036999999e+04
   2.0903573944000000e+04   1.9960121692000001e+04   2.3573019955000000e+04   2.2950665635000001e+04   2.1479682831000002e+04   2.1404685233000000e+04   2.3684206600000001e+04   2.3353699022999997e+04
   2.1179278484000002e+04   1.9974914486000001e+04   2.3434228321999999e+04   2.2988411399000001e+04   2.1676926045000000e+04   2.1260288311000000e+04   2.3369375878999999e+04   2.3713917410999999e+04
   2.1476858111999998e+04   2.0036388392000001e+04   2.3306749596000001e+04   2.3036938830999999e+04   2.1904860632000000e+04   2.1156202473000001e+04   2.3077354076000000e+04   2.4084038379000001e+04
   2.1794381942000000e+04   2.0143679328000002e+04   2.3191324938999998e+04   2.3096015321999999e+04   2.2161010546000001e+04   2.1093752069999999e+04   2.2810800796000000e+04   2.4462333535000002e+04
   2.2129883162000002e+04   2.0295375973000002e+04   2.3088662690000001e+04   2.3165375103999999e+04   2.2442735516000001e+04   2.1073783263000001e+04   2.2572237647999998e+04   2.4847113627999999e+04
   2.2481381502000000e+04   2.0489575729000000e+04   2.2999444106999999e+04   2.3244738694000000e+04   2.2747288164000001e+04   2.1096645997000000e+04   2.2364004427000000e+04   2.5236741950000000e+04
   2.2846903622000002e+04   2.0723941664000002e+04   2.2924303190000002e+04   2.3333796263999997e+04   2.3071849265999997e+04   2.1162174460999999e+04   2.2188207234000001e+04   0.0000000000000000e+00
   2.3224502758000002e+04   2.0995780039000001e+04   2.2863822479999999e+04   2.3432226050000001e+04   2.3413577368000002e+04   2.1269700086000001e+04   2.2046670506999999e+04   2.4359287660999998e+04
   2.3612268043000000e+04   2.1302113778000003e+04   2.2818530824000001e+04   2.3539685293000002e+04   2.3769642255999999e+04   2.1418068223999999e+04   2.1940890742000000e+04   2.3901893565000002e+04
   2.4008336717000002e+04   2.1639764147999998e+04   2.2788896392999999e+04   2.3655814502999998e+04   2.4137260339000000e+04   2.1605682861000001e+04   2.1872006287000000e+04   2.3454818497000000e+04
   2.4410903939000000e+04   2.2005417686000001e+04   2.2775314383000001e+04   2.3780246525999999e+04   2.4513706034000003e+04   2.1830547500999997e+04   2.1840753976000000e+04   2.3020999855000002e+04
   2.4818233710000000e+04   2.2395691666000002e+04   2.2778107988000003e+04   2.3912596690000002e+04   2.4896349399999999e+04   2.2090324268000000e+04   2.1847457879000001e+04   2.2603471513999997e+04
   2.5228645328000002e+04   2.2807189823000001e+04   2.2797519802000003e+04   2.4052470864999999e+04   2.2382395107000000e+04   2.1892012420999999e+04   2.2205334553000001e+04   2.3989448967999997e+04
   2.3236553390000001e+04   2.2833711013000000e+04   2.1623346059000000e+04   2.4199467590999997e+04   2.2703927304000001e+04   2.1973895246000000e+04   2.1829731127999999e+04   2.3790020760000003e+04
   2.3680492059999997e+04   2.2886758347999999e+04   2.1519122434999997e+04   2.4353178897999998e+04   2.3051929964000003e+04   2.2092172997000001e+04   2.1479803848000000e+04   2.3612362779999999e+04
   2.4135807905000001e+04   2.2956641287999999e+04   2.1436265328000001e+04   2.4513178548000000e+04   2.3423304556000003e+04   2.2245527289999998e+04   2.1158645138000000e+04   2.3458194363999999e+04
   2.4599437575000000e+04   2.3043265949000001e+04   2.1375290725000003e+04   2.4679050249000000e+04   2.3814914054000001e+04   2.2432302241000001e+04   2.0869256171000001e+04   2.3329064236000002e+04
   2.5068444511999998e+04   2.3146436941000000e+04   2.1336583611999999e+04   2.4850359647999998e+04   2.4223606127999999e+04   2.2650533092999998e+04   2.0614473133000000e+04   2.3226309938000002e+04
   2.3265878271999998e+04   2.1320393875999998e+04   2.4646256736000003e+04   2.2898000092999999e+04   2.0396906557999999e+04   2.3151040639999999e+04   0.0000000000000000e+00   0.0000000000000000e+00
   2.3401225824999998e+04   2.1326836024999997e+04   2.1918431719000000e+04   2.5079803033000000e+04   2.3172271709000001e+04   2.0218873432999997e+04   2.3104104440000003e+04   2.3758702749000000e+04
   2.3552040465999999e+04   2.1355888351000001e+04   2.1708478970000000e+04   2.3470765274000001e+04   2.0082336613000003e+04   2.3086085868999999e+04   2.3285950069999999e+04   0.0000000000000000e+00
   2.3717800259000000e+04   2.1407383524999997e+04   2.1518187993000000e+04   2.3790777017000000e+04   1.9988833686999998e+04   2.3097274546999997e+04   2.2829160188000002e+04   0.0000000000000000e+00
   2.3897910377999997e+04   2.1481020425000002e+04   2.1348847118999998e+04   2.4129537570999997e+04   1.9939432364999997e+04   2.3137669462999998e+04   2.2391958890000002e+04   0.0000000000000000e+00
   2.4091716142999998e+04   2.1576367176000000e+04   2.1201658162000000e+04   2.4484242945999998e+04   1.9934693879999999e+04   2.3206979039999998e+04   2.1978048835000001e+04   0.0000000000000000e+00
   2.4298493598000001e+04   2.1692867168000001e+04   2.1077712423999998e+04   2.4852096555000000e+04   1.9974651475999999e+04   2.3304624089000001e+04   2.1591167665000001e+04   0.0000000000000000e+00
   2.4517468579999997e+04   2.1829846561000002e+04   2.0977975092999997e+04   2.5230328559000001e+04   2.0058808885000002e+04   2.3429751171999997e+04   2.1235032208999997e+04   0.0000000000000000e+00
   2.4747815886000000e+04   2.1986521647999998e+04   2.0903261374999998e+04   2.0186152826999998e+04   2.3581246598999998e+04   2.0913268622000000e+04   0.0000000000000000e+00   0.0000000000000000e+00
   2.4988670998000001e+04   2.2162021035999998e+04   2.0854234116000000e+04   2.0355200397999997e+04   2.3757775811000000e+04   2.0629344086000001e+04   0.0000000000000000e+00   0.0000000000000000e+00
   2.5239124427999999e+04   2.2355384333000002e+04   2.0831374174000000e+04   2.5566810620000000e+04   2.0564030975000001e+04   2.3957786368000001e+04   2.0386472113000003e+04   0.0000000000000000e+00
   2.5498250721000000e+04   2.2565582624000002e+04   2.0834985514000000e+04   2.5316786343000000e+04   2.0810359924000000e+04   2.4179552285000002e+04   2.0187529438999998e+04   0.0000000000000000e+00
   2.2791531271000000e+04   2.0865180672999999e+04   2.5069354471000002e+04   2.1091598870999998e+04   2.4421199357999998e+04   2.0034966601000000e+04   0.0000000000000000e+00   0.0000000000000000e+00
   2.3032092051000000e+04   2.0921875609999999e+04   2.4825749920000002e+04   2.1404918471999998e+04   2.4680737877000000e+04   1.9930715283000001e+04   2.5103764170999999e+04   0.0000000000000000e+00
   2.3286095064000001e+04   2.1004796234999998e+04   2.4587257480000000e+04   2.1747322649000002e+04   2.4956081023999999e+04   1.9876126447000002e+04   2.4717030142000000e+04   2.4501741048000000e+04
   2.3552349997999998e+04   2.1113488370999999e+04   2.4355206019999998e+04   2.2115711596000001e+04   1.9871922375999999e+04   2.4333338367000000e+04   2.4021145944000000e+04   0.0000000000000000e+00
   2.3829643346000001e+04   2.1247310898000000e+04   2.4130953550999999e+04   2.2506925252000001e+04   1.9918150043999998e+04   2.3954685795000001e+04   2.3549804849000000e+04   0.0000000000000000e+00
   2.4116762493000002e+04   2.1405466217000001e+04   2.3915889877999998e+04   2.2917808359000002e+04   2.4995104056000000e+04   2.0014202429000001e+04   2.3583167309000000e+04   2.3090868014000000e+04
   2.4412494682999997e+04   2.1587003100999998e+04   2.3711412763999997e+04   2.3345235126000000e+04   2.4650323649000002e+04   2.0158822208000001e+04   2.3220948515000000e+04   2.2647594004999999e+04
   2.4715639673999998e+04   2.1790840281000001e+04   2.3518932901000000e+04   2.3786153198000000e+04   2.4312368894000003e+04   2.0350167249000002e+04   2.2870277524999998e+04   2.2223340437999999e+04
   2.5025000589000003e+04   2.2015772366000001e+04   2.3339841543000002e+04   2.4237596699999998e+04   2.3982653853000000e+04   2.0585860045000001e+04   2.2533446372999999e+04   2.1821514063999999e+04
   2.5339416151999998e+04   2.2260506470000000e+04   2.3175513557999999e+04   2.4696717740000000e+04   2.3662609774999997e+04   2.0863090102000002e+04   2.2212794870000002e+04   2.1445555195999998e+04
   2.2523667969000002e+04   2.3027282771000002e+04   2.5160786824000003e+04   2.3353678519000001e+04   2.1178688405000001e+04   2.1910675777000000e+04   2.1098869677999999e+04   0.0000000000000000e+00
   2.2803818719999999e+04   2.2896421912999998e+04   2.3057307074000000e+04   2.1529220910999997e+04   2.1629427372000002e+04   2.5042098364999998e+04   2.0784773472000001e+04   0.0000000000000000e+00
   2.3099483377999997e+04   2.2784138504000002e+04   2.2774932432000001e+04   2.1911083204999999e+04   2.1371353274999998e+04   2.4826265660999998e+04   2.0506433408000001e+04   0.0000000000000000e+00
   2.3409155309000002e+04   2.2691543756999999e+04   2.2507970974000000e+04   2.2320567223000002e+04   2.1138677707999999e+04   2.4623808497000002e+04   2.0266781907000001e+04   0.0000000000000000e+00
   2.3731310914999998e+04   2.2619642159000003e+04   2.2257806048999999e+04   2.2753932787999998e+04   2.0933506074999998e+04   2.4435567780000001e+04   2.0068440375999999e+04   0.0000000000000000e+00
   2.4064432623000001e+04   2.2569317353999999e+04   2.2025778600000001e+04   2.3207478326000000e+04   2.0757801421000000e+04   2.4262305633000000e+04   1.9913656333999999e+04   0.0000000000000000e+00
   2.4407006782000000e+04   2.2541309929000003e+04   2.1813158673000002e+04   2.3677562570000002e+04   2.0613319918000001e+04   2.4104684079999999e+04   1.9804206910999997e+04   0.0000000000000000e+00
   2.4757536687000000e+04   2.2536210819000000e+04   2.1621142148999999e+04   2.4160656649000000e+04   2.0501589751000000e+04   2.3963257360000000e+04   1.9741357247000000e+04   0.0000000000000000e+00
   2.5114560481000000e+04   2.2554450118000001e+04   2.1450833118999999e+04   2.4653369916000000e+04   2.0423869272999997e+04   2.3838478425999998e+04   1.9725809417000000e+04   0.0000000000000000e+00
   2.5476638784000002e+04   2.2596284572000000e+04   2.1303220104000000e+04   2.5152458585000000e+04   2.0381109975000003e+04   2.3730689269000002e+04   1.9757671211000001e+04   0.0000000000000000e+00
   2.5308147089000002e+04   2.2661798116000002e+04   2.1179165965000000e+04   2.0373936032999998e+04   2.3640104228999997e+04   1.9836456203999998e+04   0.0000000000000000e+00   0.0000000000000000e+00
   2.4880622775000000e+04   2.2750896590000000e+04   2.1079395166000002e+04   2.0402629914999998e+04   2.3566831968999999e+04   1.9961105099000000e+04   0.0000000000000000e+00   0.0000000000000000e+00
   2.4464154569999999e+04   2.2863308083000000e+04   2.1004475517999999e+04   2.0467117282000003e+04   2.3510853502000002e+04   2.0130016802000002e+04   2.4359416548000001e+04   0.0000000000000000e+00
   2.4061738798000002e+04   2.2998593739999997e+04   2.0954814903000002e+04   2.0566978177000001e+04   2.3472036313000001e+04   2.0341112976000000e+04   2.3950299019999999e+04   0.0000000000000000e+00
   2.3676417399000002e+04   2.3156147062000000e+04   2.0930648723999999e+04   2.0701455278999998e+04   2.3450133515000001e+04   2.0591901990999999e+04   2.3546151296999997e+04   2.4958238953000000e+04
   2.3311256743000002e+04   2.3335210918000001e+04   2.0932038563999999e+04   2.0869475118999999e+04   2.3444788740000000e+04   2.0879559546999997e+04   2.3148907751999999e+04   2.4599322368000001e+04
   2.2969307510999999e+04   2.3534887651999998e+04   2.0958871276000002e+04   2.1069679495000000e+04   2.3455548230999997e+04   2.1201004581000001e+04   2.2760582611999998e+04   2.4243355132000001e+04
   2.2653562329000000e+04   2.3754148712999999e+04   2.1010859226000000e+04   2.1300455500999997e+04   2.3481852759000001e+04   2.1552975054000002e+04   2.2383256938000002e+04   2.3892457726000001e+04
   2.2366907689000000e+04   2.3991853102000001e+04   2.1087547942000001e+04   2.1559974302000002e+04   2.3523061185999999e+04   2.1932099759000001e+04   2.2019072813000002e+04   2.3548847844000000e+04
   2.2112077169000000e+04   2.4246762147999998e+04   2.1188327015999999e+04   2.1846234374000003e+04   2.3578457774999999e+04   2.2334961401000000e+04   2.1670222160000001e+04   2.3214814502000001e+04
   2.1891583842999997e+04   2.4517559269000001e+04   2.1312437850000002e+04   2.2157095537000001e+04   2.3647258171999998e+04   2.2758149649999999e+04   2.1338924942000001e+04   2.2892715853000002e+04
   2.1707671234999998e+04   2.4802847661000000e+04   2.1458989124000003e+04   2.2490317392000001e+04   2.3728618207000000e+04   2.3198303629999999e+04   2.1027411107000000e+04   2.2584959955999999e+04
   2.1562248640999998e+04   2.5101197662999999e+04   2.1626972738000000e+04   2.2843596386999998e+04   2.3821649942000000e+04   2.3652142383999999e+04   2.0737894090000002e+04   2.2293977314000000e+04
   2.1456844300000001e+04   2.5411119602999999e+04   2.1815278385999998e+04   2.3214594996000000e+04   2.3925431307999999e+04   2.4116501508000001e+04   2.0472540914000001e+04   2.2022202195999998e+04
   2.1392559164000002e+04   2.5731113459000000e+04   2.2022713784000003e+04   2.3600968486000002e+04   2.4039011947999999e+04   2.4588336897999998e+04   2.0233443056000000e+04   2.1772042173999998e+04
   2.1370023010000001e+04   2.4780053366000000e+04   2.2248010090000000e+04   2.4000383815000001e+04   2.4161422311999999e+04   2.5064743721999999e+04   2.0022566790000001e+04   2.1545831598000001e+04
   2.1389392594999998e+04   2.4538819480000002e+04   2.3432611612000001e+04   2.2489855886000001e+04   2.4410551724000001e+04   2.4291694276999999e+04   1.9841733272000001e+04   2.1345815929000000e+04
   2.1450329087000002e+04   2.4314955383000000e+04   2.3231685826000001e+04   2.2746895098000001e+04   2.4829223978999999e+04   2.4428854507000000e+04   1.9692561447000000e+04   2.1174087917000001e+04
   2.1552016094999999e+04   2.4110280383000001e+04   2.3051064992000000e+04   2.3017753922000000e+04   2.5254217488000002e+04   2.4571946693999998e+04   1.9576441956999999e+04   2.1032561486000002e+04
   2.1693183279000001e+04   2.3926490781000000e+04   2.2892581451000002e+04   2.3301041559999998e+04   2.4720021876999999e+04   1.9494492611000001e+04   2.0916015460000002e+04   2.0922920458999997e+04
   2.1872144265999999e+04   2.3765141878999999e+04   2.2757941714000001e+04   2.3595370804999999e+04   2.4872160535999999e+04   1.9447534126999999e+04   2.0771622464000000e+04   2.0846582910999998e+04
   2.2086843718000000e+04   2.3627617515999998e+04   2.2648698359999999e+04   2.3899365202000001e+04   2.5027468991999998e+04   1.9436065041999998e+04   2.0656428534000002e+04   2.0804667122000003e+04
   2.2334911598000002e+04   2.3515097045999999e+04   2.2566211633999999e+04   2.4211662920000002e+04   2.5185091905999998e+04   1.9460243731999999e+04   2.0571171918000000e+04   2.0797956675000001e+04
   2.2613729188000001e+04   2.3428554157000002e+04   2.2511637666000002e+04   2.4530931929000002e+04   2.5344206638000000e+04   1.9519894630999999e+04   2.0516352862000000e+04   2.0826888351000001e+04
   2.2920469813000000e+04   2.3368707657999999e+04   2.3370701834000000e+04   2.2485880638999999e+04   2.4855862469000000e+04   1.9614492872000003e+04   2.0492208216999999e+04   2.0891525719999998e+04
   2.3252179188000002e+04   2.3336034829999997e+04   2.2925535210000002e+04   2.2489596557999997e+04   2.5185187357999999e+04   1.9743200461000000e+04   2.0498720568000001e+04   2.0991573664000000e+04
   2.3605813451999999e+04   2.3330742511000000e+04   2.2498554837000000e+04   2.2523166170000000e+04   2.5517677629999998e+04   1.9904877862000001e+04   2.0535612039000000e+04   2.1126379441000001e+04
   2.3978289798000002e+04   2.3352771858000000e+04   2.2093383065000002e+04   2.2586686987000001e+04   2.4779237969999998e+04   2.0098115291999999e+04   2.0602347360000000e+04   2.1294949415999999e+04
   2.4366526708999998e+04   2.3401788403000002e+04   2.1713683271000002e+04   2.2679969482000000e+04   2.4711374108000000e+04   2.0321269723000001e+04   2.0698149457000000e+04   2.1495974999999999e+04
   2.4767481270000000e+04   2.3477205730999998e+04   2.1363112269999998e+04   2.2802550560000000e+04   2.4647904804000002e+04   2.0572504958000001e+04   2.0822019565999999e+04   2.1727872897999998e+04
   2.5178169526999998e+04   2.3578179652999999e+04   2.1045253570000001e+04   2.2953690664999998e+04   2.4589291249999998e+04   2.0849826138999997e+04   2.0972752853999998e+04   2.1988812007000000e+04
   2.3703634817999999e+04   2.0763548352999998e+04   2.3132399078000002e+04   2.4536004428000000e+04   2.1151122749999999e+04   2.1148968643000000e+04   2.2276759846999998e+04   0.0000000000000000e+00
   2.3008381515000001e+04   2.3852287516000000e+04   2.0521216063000000e+04   2.3337453550999999e+04   2.4488529975999998e+04   2.1474207440999999e+04   2.1349139567000002e+04   2.2589526102000003e+04
   2.2690481161000000e+04   2.4022658669000000e+04   2.0321162474000001e+04   2.3567424072000002e+04   2.4447352296000001e+04   2.1816842310000000e+04   2.1571613526999998e+04   2.2924792842999999e+04
   2.2388165177999999e+04   2.4213114952000000e+04   2.0165900644999998e+04   2.3820698015000002e+04   2.4412960500000001e+04   2.2176776608000000e+04   2.1814648677999998e+04   2.3280161693999999e+04
   2.2103114563000003e+04   2.4421881399999998e+04   2.0057463368999997e+04   2.4095510116999998e+04   2.4385836649000001e+04   2.2551766937000000e+04   2.2076433162000001e+04   2.3653183375999997e+04
   2.1836976405999998e+04   2.4647075709000001e+04   1.9997334543000001e+04   2.4389972403000000e+04   2.4366454779000000e+04   2.2939600853999997e+04   2.2355116839000002e+04   2.4041385613999999e+04
   2.1591342883000001e+04   2.4886736057999999e+04   1.9986393396000003e+04   2.4702101307000001e+04   2.4355271179000003e+04   2.3338111563000002e+04   2.2648829358999999e+04   2.4442299289000002e+04
   2.1367735618000002e+04   2.0024883881999998e+04   2.5029840896000002e+04   2.3695073776000001e+04   2.4352724896000003e+04   2.3745199195000001e+04   2.2955706881000002e+04   2.4853493986000001e+04
   2.1167577293000002e+04   2.0112401331000001e+04   2.5371091752000000e+04   2.3323854927000000e+04   2.4359227562000000e+04   2.4158828127000001e+04   2.3273897135000003e+04   0.0000000000000000e+00
   2.0992173358000000e+04   2.2609514227000003e+04   2.0247913317999999e+04   2.2967214549000000e+04   2.4375163171000000e+04   2.4577047113000001e+04   2.3601592627999999e+04   1.9835467388000001e+04
   2.0842684916000002e+04   2.2776733452000000e+04   2.0429794424000000e+04   2.2628096056999999e+04   2.4400873221999998e+04   2.4997990758000000e+04   2.3937021603000001e+04   1.9871132369999999e+04
   2.0720115912999998e+04   2.2970809085000001e+04   2.4579369004000000e+04   2.0655893702000001e+04   2.2309463056000001e+04   2.4436666603000001e+04   2.4278479489000001e+04   1.9938504954999997e+04
   2.0625281168999998e+04   2.3189677272000001e+04   2.4261363705000000e+04   2.0923599639000000e+04   2.2014252661999999e+04   2.4482801157000002e+04   2.4624313837000002e+04   2.0036931670000002e+04
   2.0558803204000000e+04   2.3431128361000003e+04   2.3946145780999999e+04   2.1229933814000000e+04   2.1745344859000001e+04   2.4539487368999999e+04   2.4972950131999998e+04   2.0165517857000003e+04
   2.0521088309999999e+04   2.3692832923999998e+04   2.3635133936000002e+04   2.1571626579999996e+04   2.1505500655000000e+04   2.4606877527000001e+04   2.5322882053000001e+04   2.0323139478999998e+04
   2.0512323885999998e+04   2.3972388727000001e+04   2.5385252133000002e+04   2.3329808034000001e+04   2.1945208693999997e+04   2.1297317899999998e+04   2.4685076925999998e+04   2.0508474298000001e+04
   2.0532470511000000e+04   2.4267349025000000e+04   2.5000605149999999e+04   2.3031706994000000e+04   2.2347086615000000e+04   2.1123167936999998e+04   2.4774120379000000e+04   2.0720029708999999e+04
   2.0581271860000001e+04   2.4575260019000001e+04   2.4619899020000001e+04   2.2742415033000001e+04   2.2773613074000001e+04   2.0985145282999998e+04   2.4873991081999997e+04   2.0956176089000001e+04
   2.0658247352999999e+04   2.4893674596000001e+04   2.4244937482999998e+04   2.2463555405999999e+04   2.3221139717000002e+04   2.0885006197000002e+04   2.4984603806000003e+04   2.1215167440000001e+04
   2.0762713989000000e+04   2.5220189493999998e+04   2.3877598515999998e+04   2.2196782585000001e+04   2.3686070039000002e+04   2.0824122788000001e+04   2.5105807067999998e+04   2.1495180752999997e+04
   2.0893797477000000e+04   2.3519819807999997e+04   2.1943766660000001e+04   2.4164899285000000e+04   2.0803446776000001e+04   2.5177125829000001e+04   2.5237393698000000e+04   2.1794338647999997e+04
   2.1050448570000000e+04   2.3173600473000002e+04   2.1706180357999998e+04   2.4654232252999998e+04   2.0823474635000002e+04   2.4714764004999997e+04   2.2110732891000000e+04   0.0000000000000000e+00
   2.1231465646000001e+04   2.2840980285000001e+04   2.4996245981000000e+04   2.1485679633000000e+04   2.5150811703000003e+04   2.0884238910000000e+04   2.4262478720999999e+04   2.2442450677000001e+04
   2.1435524758000000e+04   2.2524035958999997e+04   2.4655988896999999e+04   2.1283893831000001e+04   2.4514013227000003e+04   2.0985309350000003e+04   2.3823440701000000e+04   2.2787594816000001e+04
   2.1661184448000000e+04   2.2224846287000000e+04   2.4321810579000001e+04   2.1102389962999998e+04   2.4929425414999998e+04   2.1125796638000000e+04   2.3400899034999999e+04   2.3144285957000000e+04
   2.1906924260000003e+04   2.1945486624000001e+04   2.3995936592000002e+04   2.0942659900999999e+04   2.5355652864000000e+04   2.1304394364000000e+04   2.2998163940999999e+04   2.3510695787000001e+04
   2.2171159068999998e+04   2.1687993008000001e+04   2.3680654451000002e+04   2.5049970612000001e+04   2.0806094269999998e+04   2.1519406698999999e+04   2.2618562881000002e+04   2.3885036078000001e+04
   2.2452263910999998e+04   2.1454342428000000e+04   2.3378305557000000e+04   2.4686691159000002e+04   2.0693961265000002e+04   2.1768806466999999e+04   2.2265412354000000e+04   2.4265582923000002e+04
   2.2748590753000000e+04   2.1246419697999998e+04   2.3091260835999998e+04   2.4327442793000002e+04   2.0607381364000001e+04   2.2050281533000001e+04   2.1941956584000000e+04   2.4650676754000000e+04
   2.3058485976000000e+04   2.1065982335000001e+04   2.2821897005999999e+04   2.3973747087000000e+04   2.0547305971000002e+04   2.2361295298000001e+04   2.1651308916000002e+04   2.5038725272999996e+04
   2.3380297133000000e+04   2.0914624642999999e+04   2.2572564822000000e+04   2.3627172482999998e+04   2.0514491482000001e+04   2.2699128634000001e+04   2.1396385159000001e+04   0.0000000000000000e+00
   2.3712400375999998e+04   2.0793756965999997e+04   2.4514458225000002e+04   2.2345571447999999e+04   2.3289348185999999e+04   2.0509498852000001e+04   2.3060956142000003e+04   2.1179844953000000e+04
   2.4053200721000001e+04   2.0704560458000000e+04   2.4298789920000003e+04   2.2143128923999997e+04   2.2961945909999999e+04   2.0532665220999999e+04   2.3443869846999998e+04   2.1004010364999998e+04
   2.4401132899000000e+04   2.0647965964000003e+04   2.4096115517999999e+04   2.1967324122999999e+04   2.2646669719999998e+04   2.0584101761999998e+04   2.3844932144999999e+04   2.0870801405000002e+04
   2.4754690870999999e+04   2.0624632195999999e+04   2.3908268512999999e+04   2.1820081471000001e+04   2.2345256838000001e+04   2.0663696061000002e+04   2.4261217628999999e+04   2.0781681467999999e+04
   2.5112408398000000e+04   2.0634925625000000e+04   2.3737028688999999e+04   2.1703117391000000e+04   2.2059451552999999e+04   2.0771106427000002e+04   2.4689823787000001e+04   2.0737601083999998e+04
   2.5472878122000002e+04   2.0678910679000001e+04   2.3584101611000002e+04   2.1617905081000001e+04   2.1790993564000000e+04   2.0905772182999997e+04   2.0738967679999998e+04   0.0000000000000000e+00
   2.0756352983000001e+04   2.3451101181999999e+04   2.1565641243000002e+04   2.1541605556999999e+04   2.1066929882000000e+04   2.3485229795000003e+04   2.2978401151000002e+04   2.0785632947999999e+04
   2.0866713447000002e+04   2.3339506289000001e+04   2.1547208316000000e+04   2.1312958162999999e+04   2.1253615714000003e+04   2.3113329515000001e+04   2.3183543763999998e+04   2.0876887745000000e+04
   2.1009180829000001e+04   2.3250665137000000e+04   2.1563167081000000e+04   2.1106666313999998e+04   2.1464702011000001e+04   2.2753504401999999e+04   2.3408230412000001e+04   2.1011502546000000e+04
   2.1182673057999997e+04   2.3185740624999999e+04   2.1613725963000001e+04   2.0924247758000001e+04   2.1698905938000000e+04   2.2407726349000000e+04   2.3650365375999998e+04   2.1187749953999999e+04
   2.1385878226000001e+04   2.3145713052999999e+04   2.1698749881000000e+04   2.0767110745999998e+04   2.1954815894000003e+04   2.2077999738000002e+04   2.3907807635000001e+04   2.1403475897999997e+04
   2.1617271811999999e+04   2.3131341839000001e+04   2.1817752512999999e+04   2.0636517958000000e+04   2.2230909766000001e+04   2.1766332585000000e+04   2.4178386052000002e+04   2.1656150374000001e+04
   2.1875155179000001e+04   2.3143164449000000e+04   2.1969916421999998e+04   2.0533567902999999e+04   2.2525582467000000e+04   2.1474720320999997e+04   2.4459936206999999e+04   2.1942944982000001e+04
   2.2157688531000000e+04   2.3181480381000001e+04   2.2154115109999999e+04   2.0459172528999999e+04   2.2837167219999999e+04   2.1205126515000000e+04   2.2260804589000003e+04   2.2808241059000000e+04
   2.2462912208999998e+04   2.3246331253000000e+04   2.2368928179999999e+04   2.0414024923999998e+04   2.0959440989999999e+04   2.2606504465999999e+04   2.2553131125999997e+04   0.0000000000000000e+00
   2.2788802563000001e+04   2.3337533298000002e+04   2.2612701840999998e+04   2.0398610589000000e+04   2.0739475761000002e+04   2.2976738180000000e+04   2.2326921772000002e+04   0.0000000000000000e+00
   2.3133275497999999e+04   2.3454648899000000e+04   2.2883558397000001e+04   2.0413168100999999e+04   2.0546908926000000e+04   2.3368150140999998e+04   2.2131544405000001e+04   0.0000000000000000e+00
   2.3494223811000000e+04   2.3597007269000002e+04   2.3179447204000000e+04   2.0457696607000002e+04   2.0383263209000001e+04   2.3777393432999997e+04   2.1968673618000001e+04   0.0000000000000000e+00
   2.3869536201999999e+04   2.3763719581999998e+04   2.3498179776000001e+04   2.0531954578000001e+04   2.0249873727999999e+04   2.1839692951000001e+04   0.0000000000000000e+00   0.0000000000000000e+00
   2.4257122673999998e+04   2.3953695897000001e+04   2.3837469000999998e+04   2.0635464506000000e+04   2.0147857853000001e+04   2.2895586850000000e+04   2.3446784800999998e+04   2.1745654391000000e+04
   2.4654920193000002e+04   2.4165663639999999e+04   2.4194960181999999e+04   2.0767525065999998e+04   2.0078088497000001e+04   2.2521013738000001e+04   2.3084136103999997e+04   2.1687250484000000e+04
   2.5060922159000002e+04   2.4398186395000001e+04   2.4568260702000000e+04   2.0927225812000001e+04   2.0041172177000000e+04   2.2164651621000001e+04   2.2738611776000002e+04   2.1664798999000002e+04
   2.4649694237000000e+04   2.4954970021000001e+04   2.1113463906000001e+04   2.0037430693999999e+04   2.1828993681000000e+04   2.2412406182999999e+04   2.1678226296000001e+04   0.0000000000000000e+00
   2.4918501421999998e+04   2.3927474362000001e+04   2.1324979252000001e+04   2.0066905629000001e+04   2.1516524202000001e+04   2.2107679173000000e+04   2.1727083677000002e+04   0.0000000000000000e+00
   2.5202831447999997e+04   2.3592145534000003e+04   2.1560354141000000e+04   2.0129332405000001e+04   2.1229656530000000e+04   2.1826500079999998e+04   2.1810533217999997e+04   0.0000000000000000e+00
   2.5500845969999998e+04   2.3278507989000002e+04   2.1818070438000002e+04   2.0224180026999999e+04   2.0970729449000002e+04   2.1570850376999999e+04   2.1927404167000001e+04   0.0000000000000000e+00
   2.2989390146000002e+04   2.2096504541999999e+04   2.0350635193999999e+04   2.0741929714999998e+04   2.1342559020000001e+04   2.2076190552000000e+04   0.0000000000000000e+00   0.0000000000000000e+00
   2.2727525897000000e+04   2.2393969486999998e+04   2.0507643894000001e+04   2.0545275027000000e+04   2.1143291197000002e+04   2.2255116830999999e+04   0.0000000000000000e+00   0.0000000000000000e+00
   2.2495493684999998e+04   2.2708733006999999e+04   2.0693926782999999e+04   2.0382551728999999e+04   2.0974501767000002e+04   2.2462156021000003e+04   0.0000000000000000e+00   0.0000000000000000e+00
   2.2295665448000000e+04   2.3039035265000002e+04   2.0908008585000000e+04   2.0255276943000001e+04   2.0837404271000003e+04   2.2695089780999999e+04   0.0000000000000000e+00   0.0000000000000000e+00
   2.2130159991999997e+04   2.3383105589000003e+04   2.1148257807999998e+04   2.3919966860000000e+04   2.0164660684999999e+04   2.0732949432000001e+04   2.2951547603999999e+04   0.0000000000000000e+00
   2.2000784740999999e+04   2.3739183842999999e+04   2.1412907531000001e+04   2.3645339678000000e+04   2.0111567698999999e+04   2.0661793586000000e+04   2.3229048261000000e+04   0.0000000000000000e+00
   2.1908995059999997e+04   2.4105529352000001e+04   2.1700093616999999e+04   2.3386925337000001e+04   2.0096494846999998e+04   2.5243444143000001e+04   2.0624286263000002e+04   2.3525040878000000e+04
   2.1855849897999997e+04   2.4480429585000002e+04   2.2007882947999999e+04   2.3147045203000001e+04   2.0119556443999998e+04   2.4912940194999999e+04   2.0620458383000001e+04   2.3836942092000001e+04
   2.1841993081999997e+04   2.4862216284999999e+04   2.2334304539999997e+04   2.2927955712000003e+04   2.0180485519000002e+04   2.4586580673000000e+04   2.0650029068000000e+04   2.4162173333999999e+04
   2.1867615306000003e+04   2.5249262568999999e+04   2.2677365839000002e+04   2.2731807796000001e+04   2.0278631022999998e+04   2.4265629655000001e+04   2.0712400595999999e+04   2.4498175549000000e+04
   2.1932468831000002e+04   2.3035080784000002e+04   2.2560624214000003e+04   2.0412989568000001e+04   2.3951388471999999e+04   2.0806683528999998e+04   2.4842442659000000e+04   0.0000000000000000e+00
   2.2035862750000000e+04   2.3405482771000003e+04   2.2416252576999999e+04   2.0582226317000001e+04   2.3523628230999999e+04   2.3645192973999998e+04   2.0931714776000001e+04   2.5192536168999999e+04
   2.2176687473000002e+04   2.3786643094999999e+04   2.2300334358000000e+04   2.0784713879999999e+04   2.3092668876000000e+04   2.3348407296000001e+04   2.1086085910999998e+04   2.2466913160000000e+04
   2.2353449557999997e+04   2.4176680991999998e+04   2.2214273497000002e+04   2.1018578852999999e+04   2.2676773020000001e+04   2.3062413863000002e+04   2.1268181201000003e+04   2.2082138389000000e+04
   2.2564308076999998e+04   2.4573771375999997e+04   2.2159202599000000e+04   2.1281738956000001e+04   2.2278957999000002e+04   2.2788612635000001e+04   2.1476204635999999e+04   2.1719366160999998e+04
   2.2807124890999999e+04   2.4976151532000000e+04   2.2135954546000001e+04   2.1571954051000001e+04   2.1902292046999999e+04   2.2528405912000002e+04   2.1708220096000001e+04   2.1381456375999998e+04
   2.3079511970000000e+04   2.5382126851000001e+04   2.2145042899000000e+04   2.1886866072000001e+04   2.1549859142999998e+04   2.2283190059999997e+04   2.1962184388000001e+04   2.1071210629999998e+04
   2.3378887032999999e+04   2.2186658578999999e+04   2.2224042844000000e+04   2.1224718240999999e+04   2.2054340611000000e+04   2.2235983714000002e+04   2.0791324772000000e+04   0.0000000000000000e+00
   2.3702529171999999e+04   2.2260656769000001e+04   2.2581019522999999e+04   2.4423289493000000e+04   2.0929857618999999e+04   2.1843207041000001e+04   2.2527467195000001e+04   2.0544340916999998e+04
   2.4047604103999998e+04   2.2366553030999999e+04   2.2955308282999998e+04   2.3940838786000000e+04   2.0668117370000000e+04   2.1651074385000000e+04   2.2834454375000001e+04   2.0332569489000001e+04
   2.4411238093000000e+04   2.2503561443999999e+04   2.3344462272999997e+04   2.3470563497000003e+04   2.0442163645000001e+04   2.1479182429000000e+04   2.3154794112000000e+04   2.0158068917000001e+04
