  -3.7288060989030641e-04   1.6289595550504084e-05   1.0500565683878761e-04   1.6541455448672315e-04  -6.2346100962693246e-05  -1.2610165657087923e-04  -6.1635171212990659e-04   3.3765472186780940e-05
  -3.7288098162796643e-04   1.6289494416058786e-05   1.0500593608400126e-04   1.6541496588625454e-04  -6.2346417997306421e-05  -1.2610181285433559e-04  -6.1635187968725729e-04   3.3765782458986980e-05
  -3.7288135142498187e-04   1.6289393800026625e-05   1.0500621502288759e-04   1.6541537693442741e-04  -6.2346735787952189e-05  -1.2610197031983383e-04  -6.1635204793242292e-04   3.3766092181309205e-05
  -3.7288171924260290e-04   1.6289293639442771e-05   1.0500649369962838e-04   1.6541578762654284e-04  -6.2347054300227202e-05  -1.2610212837481770e-04  -6.1635221682561283e-04   3.3766401348305788e-05
  -3.7288208507158167e-04   1.6289193861732758e-05   1.0500677216650063e-04   1.6541619796547609e-04  -6.2347373462633680e-05  -1.2610228639741127e-04  -6.1635238630596879e-04   3.3766709964658747e-05
  -3.7288244893193389e-04   1.6289094386333414e-05   1.0500705048262250e-04   1.6541660796142845e-04  -6.2347693170210810e-05  -1.2610244374936053e-04  -6.1635255629358381e-04   3.3767018044591731e-05
  -3.7288281087229195e-04   1.6288995126453317e-05   1.6541701763156017e-04  -6.2348013288943994e-05  -1.2610259978942267e-04  -6.1635272669191728e-04   3.3767325611136446e-05   0.0000000000000000e+00
  -5.7505402223300306e-04  -3.7288317096886164e-04   1.6541742699951331e-04  -6.2348333660843346e-05  -1.2610275388696585e-04  -6.1635289739052866e-04   3.3767632695255193e-05   2.0333818466202219e-05
  -5.7505348704810254e-04  -3.7288352932401351e-04   1.6541783609483519e-04  -6.2348654109571622e-05  -1.2610290543554084e-04  -6.1635306826809001e-04   3.3767939334849958e-05   2.0334110459667406e-05
  -5.7505294769495164e-04  -3.7288388606452694e-04   1.6541824495231404e-04  -6.2348974446494070e-05  -1.2610305386618091e-04  -6.1635323919560499e-04   3.3768245573668381e-05   2.0334402473201141e-05
  -5.7505240334314344e-04  -3.7288424133952500e-04   1.6541865361123821e-04  -6.2349294477018422e-05  -1.2610319866019352e-04  -6.1635341003977561e-04   3.3768551460132942e-05   2.0334694649696453e-05
  -2.0718986431606413e-04  -5.7505185325378678e-04   1.6541906211459405e-04  -6.2349614007087370e-05  -1.2610333936120802e-04  -6.1635358066644628e-04   3.3768857046113724e-05   2.0334987128524828e-05
  -2.0719052659628408e-04  -5.7505129679530560e-04   1.6541947050821533e-04  -6.2349932849685026e-05  -1.2610347558625595e-04  -6.1635375094406478e-04   3.3769162385667069e-05   2.0335280042335771e-05
  -2.0719118892702283e-04  -5.7505073345753073e-04   1.6541987883989873e-04  -6.2350250831218288e-05  -1.2610360703566760e-04  -6.1635392074708376e-04   3.3769467533763252e-05   2.0335573513966496e-05
  -2.0719185130667106e-04  -5.7505016286380503e-04   1.6542028715849964e-04  -6.2350567797636868e-05  -1.2610373350158699e-04  -6.1635408995924790e-04   3.3769772545025762e-05   2.0335867653517163e-05
  -2.0719251372530975e-04  -5.7504958096423993e-04   1.6542069559935223e-04  -6.2350882238405619e-05  -1.2610385190844821e-04  -6.1635425784967819e-04   3.3770077637962828e-05   2.0336163079295337e-05
  -2.0719317616974071e-04  -5.7504898275932172e-04   1.6542110432193525e-04  -6.2351192275051159e-05  -1.2610395842933131e-04  -6.1635442352195064e-04   3.3770383076045057e-05   2.0336460542722342e-05
  -2.0719383865168618e-04  -5.7504837769435169e-04   1.6542151316090509e-04  -6.2351501237289548e-05  -1.2610406045087297e-04  -6.1635458844492067e-04   3.3770688499440149e-05   2.0336758814746250e-05
   4.6673445497084703e-04  -2.0719450116551296e-04   1.6542192214983697e-04  -6.2351809270517556e-05  -1.2610415854864401e-04  -6.1635475264482185e-04   3.3770993929435477e-05   2.0337057866072718e-05
   4.6673480662199349e-04  -2.0719516370453804e-04  -6.2352116548933118e-05  -6.1635491616376427e-04   3.3771299383150729e-05   2.0337357649250471e-05   0.0000000000000000e+00   0.0000000000000000e+00
   4.6673515821763259e-04  -2.0719582626111768e-04  -3.5361322306622263e-04  -6.2352423272343880e-05  -6.1635507905871017e-04   3.3771604873407999e-05   2.0337658099734347e-05   0.0000000000000000e+00
   4.6673550967452190e-04  -2.0719648882674559e-04  -3.5361332748393463e-04   1.9150181801475487e-04  -6.2352729662425765e-05  -6.1635524140016816e-04   3.3771910408692464e-05   2.0337959137234179e-05
   4.6673586090600097e-04  -2.0719715139216150e-04  -3.5361343174892981e-04   6.4208880652496408e-04   1.9150239957619659e-04  -6.1635540327064709e-04   3.3772215993200269e-05   2.0338260667324701e-05
   4.6673621182579419e-04  -2.0719781394746574e-04  -3.5361353582110880e-04   6.4208810414289610e-04   1.9150297943416419e-04  -6.1635556476288800e-04   3.3772521626970765e-05   2.0338562583284416e-05
   4.6673656235183576e-04  -2.0719847648224230e-04  -3.5361363966466988e-04   6.4208740139799119e-04   1.9150355719821380e-04  -6.1635572597792292e-04   3.3772827306097287e-05   2.0338864768131311e-05
   4.6673691241001851e-04  -2.0719913898568614e-04  -3.5361374324860244e-04   6.4208669837166133e-04   1.9150413251552199e-04  -6.1635588702298291e-04   3.3773133023011345e-05   2.0339167096818820e-05
   4.6673726193778380e-04  -2.0719980144673656e-04  -3.5361384654709953e-04   6.4208599514959698e-04   1.9150470507788993e-04  -6.1635604800930701e-04   3.3773438766833579e-05   2.0339469438556668e-05
   4.6673761088745743e-04  -2.0720046385421157e-04  -3.5361394953989524e-04   6.4208529182037193e-04   1.9150527462804360e-04  -6.1635620904987992e-04   3.3773744523783652e-05   2.0339771659216014e-05
   4.6673795922925321e-04  -3.5361405221251256e-04   6.4208458847400565e-04   1.9150584096511511e-04  -6.1635637025715044e-04   3.3774050277641275e-05   2.0340073623781190e-05   0.0000000000000000e+00
   4.6673830695385872e-04  -4.4544790226817436e-04  -3.5361415455642482e-04   6.4208388520052486e-04   1.9150640394920393e-04   3.3774356010249871e-05   2.0340375198807738e-05   0.0000000000000000e+00
   4.6673865255341437e-04  -4.4544817322773932e-04  -3.5361425647689238e-04   6.4208318217426645e-04   1.9150696177237258e-04   3.3774661694568420e-05   2.0340676021022850e-05   0.0000000000000000e+00
   4.6673899410558666e-04  -4.4544844392451573e-04  -3.5361435785857690e-04   6.4208247959146093e-04   1.9150751219409095e-04   1.5174501282891358e-04   3.3774967300558959e-05   2.0340975666082734e-05
   4.6673933540804496e-04  -4.4544871454044996e-04  -3.5361445893733072e-04   6.4208177732317758e-04   1.9150805952859495e-04   1.5174529427406741e-04   3.3775272825941907e-05   2.0341274593651915e-05
   4.6673967673552908e-04  -4.4544898509675404e-04  -3.5361455973952484e-04   6.4208107543502798e-04   1.9150860411699889e-04   1.5174557139245801e-04   3.3775578251293251e-05   2.0341572728650828e-05
   4.6674001837338381e-04  -4.4544925561613443e-04  -3.5361466029602671e-04   6.4208037398679352e-04   1.9150914635127984e-04   1.5174584458281593e-04   3.3775883558007142e-05   2.0341870006405033e-05
   4.6674036061068627e-04  -4.4544952612234789e-04  -3.5361476064146147e-04   6.4207967303166744e-04   1.9150968666530602e-04   1.5174611433247949e-04   3.3776188728825899e-05   2.0342166373467347e-05
   4.6674070373314142e-04  -4.4544979663973475e-04   1.2842600252369946e-04  -3.5361486081341873e-04   6.4207897261559562e-04   1.9151022552517749e-04   1.5174638120649529e-04   2.0342461788276336e-05
   4.6674104801589563e-04  -4.4545006719273912e-04   1.2842617625924215e-04  -3.5361496085161678e-04   6.4207827277671845e-04   1.9151076341905566e-04   1.5174664583538747e-04   2.0342756221647466e-05
   4.6674139371640698e-04  -4.4545033780542476e-04   1.2842634783941700e-04  -3.5361506079704469e-04   6.4207757354491643e-04   1.9151130084666648e-04   1.5174690890182267e-04   2.0343049657093926e-05
   4.6674174106751335e-04  -4.4545060850099255e-04   1.2842651665837069e-04  -3.5361516069108657e-04   6.4207687494147484e-04   1.9151183830866476e-04   1.5174717112641670e-04   2.0343342090976916e-05
   4.6674209027084199e-04  -4.4545087930131038e-04   1.2842668215964358e-04  -3.5361526057465164e-04   6.4207617697885659e-04   1.9151237629604775e-04   1.5174743325293251e-04   2.0343633532486730e-05
   4.6674244149070117e-04  -4.4545115022646113e-04   1.2842684384910407e-04   6.4207547966059855e-04   1.9151291527980715e-04   1.5174769603313207e-04  -1.3871739697609171e-04   2.0343924003456463e-05
   4.6674279484857972e-04  -4.4545142129432048e-04   1.2842700130685585e-04   6.4207478298132438e-04   1.9151345570100366e-04   1.5174796021154367e-04  -1.3871726081442369e-04   2.0344213538015036e-05
   4.6674315041838693e-04  -4.4545169252016651e-04   1.2842715419788064e-04   6.4207408692687560e-04   1.9151399796144342e-04   1.5174822651040917e-04  -1.3871712306005236e-04   2.0344502182083969e-05
   4.6674350822254444e-04  -4.4545196391633410e-04   1.2842730228119966e-04   6.4207339147456127e-04   1.9151454241512643e-04   1.5174849561506979e-04  -1.3871698327301706e-04   2.0344789992726692e-05
   4.6674387025728858e-04  -4.4545223558783439e-04   1.2842744191786506e-04   6.4207269667954580e-04   1.9151509149207947e-04   1.5174877037557350e-04  -1.3871683926429252e-04   2.0345076993077857e-05
   4.6674423904733933e-04  -4.4545250766385035e-04   1.2842756856703888e-04   6.4207200261410385e-04   1.9151564817493989e-04   1.5174905421697787e-04  -1.3871668838300949e-04   2.0345363202939793e-05
   4.6674460946672920e-04  -4.4545277991078942e-04   1.2842769090039971e-04   6.4207130902132830e-04   1.9151620739909570e-04   1.5174934219397358e-04  -1.3871653476619470e-04   0.0000000000000000e+00
   4.6674498106403535e-04  -4.4545305231501707e-04   1.2842780953871720e-04   6.4207061583854532e-04   1.9151676900060305e-04   1.5174963444326495e-04  -1.3871637843247320e-04  -1.5300006133152613e-04
   4.6674535335189897e-04  -4.4545332485996532e-04   1.2842792518128873e-04   6.4206992299822971e-04   1.9151733276171273e-04   1.5174993102747049e-04  -1.3871621946000718e-04  -1.5300051776885647e-04
   4.6674572581760271e-04  -4.4545359752651558e-04   1.2842803858967322e-04   6.4206923042918810e-04   1.9151789841784336e-04   1.5175023193636660e-04  -1.3871605798375803e-04  -1.5300097406594133e-04
   4.6674609793424343e-04  -4.4545387029342240e-04   1.2842815057026520e-04   6.4206853805778407e-04   1.9151846566540219e-04   1.5175053708929082e-04  -1.3871589419177128e-04  -1.5300143015376281e-04
   4.6674646917230033e-04  -4.4545414313777038e-04   1.2842826195603538e-04   6.4206784580919532e-04   1.9151903417028877e-04   1.5175084633862318e-04  -1.3871572832056478e-04  -1.5300188596794139e-04
   4.6674683901139262e-04  -4.4545441603545556e-04   1.2842837358777718e-04   6.4206715360867641e-04   1.5175115947424944e-04  -1.3871556064971570e-04  -1.5300234145041532e-04   1.5599677992501882e-04
  -4.4545468896168156e-04   1.2842848629520382e-04  -2.7128127743462342e-05   6.4206646138281461e-04   1.5175147622890434e-04  -1.3871539149575037e-04  -1.5300279655103825e-04   1.5599773988974073e-04
  -4.4545496189146234e-04   1.2842860087824452e-04  -2.7128228570378823e-05   6.4206576906075381e-04   1.5175179628427690e-04  -1.3871522120544768e-04  -1.5300325122906161e-04   1.5599869983463568e-04
  -4.4545523480012431e-04   1.2842871808888386e-04  -2.7128326732689774e-05   6.4206507657537759e-04   1.5175211927775673e-04  -1.3871505014867544e-04  -1.5300370545447324e-04   1.5599965974861726e-04
  -4.4545550766379537e-04   1.2842883861388402e-04  -2.7128421537940189e-05   6.4206438386442194e-04   1.5175244480969115e-04  -1.3871487871088301e-04  -1.5300415920916214e-04   1.5600061962128838e-04
  -4.4545578045987407e-04   1.2842896305871517e-04  -2.7128512349244152e-05   6.4206369087151235e-04   1.5175277245102072e-04  -1.3871470728537704e-04  -1.5300461248788313e-04   1.5600157944311484e-04
   1.2842909193300851e-04  -2.7128598600084402e-05   1.5175310175115567e-04  -1.3871453626550990e-04  -1.5300506529899614e-04   1.5600253920558163e-04   0.0000000000000000e+00   0.0000000000000000e+00
   1.2842922977517802e-04  -2.7128676493135566e-05  -1.5576512690676519e-04   1.5175343128910748e-04  -1.3871436672057924e-04  -1.5300551717001087e-04   1.5600349887957778e-04   1.6283363815619063e-05
   1.2842938219735100e-04  -2.7128741371112817e-05  -1.5576549026172606e-04  -1.3871419990168525e-04  -1.5300596750005295e-04   1.5600445843099762e-04   1.6283260067073284e-05   0.0000000000000000e+00
   1.2842953919415878e-04  -2.7128801092436190e-05  -1.5576585410692674e-04  -1.3871403447770461e-04  -1.5300641755556442e-04   1.5600541790856007e-04   1.6283156596118986e-05   0.0000000000000000e+00
   1.2842970027789134e-04  -2.7128855897475999e-05  -1.5576621840762613e-04  -1.3871387068276799e-04  -1.5300686746237341e-04   1.5600637731168828e-04   1.6283053358475915e-05   0.0000000000000000e+00
   1.2842986486322002e-04  -2.7128906115219242e-05  -1.5576658312119250e-04  -1.3871370872156760e-04  -1.5300731735494406e-04   1.5600733664110215e-04   1.6282950303214488e-05   0.0000000000000000e+00
   1.2843003228249782e-04  -2.7128952154231296e-05  -1.5576694819810827e-04  -1.3871354876622284e-04  -1.5300776737356902e-04   1.5600829589876205e-04   1.6282847373937787e-05   0.0000000000000000e+00
   1.2843020180259391e-04  -2.7128994492220642e-05  -1.5576731358309004e-04  -1.3871339095365698e-04  -1.5300821766142810e-04   1.5600925508779407e-04   1.6282744510075122e-05   0.0000000000000000e+00
   1.2843037264292809e-04  -2.7129033664424947e-05  -1.5576767921630087e-04  -1.5300866836156612e-04   1.5601021421239863e-04   1.6282641648264473e-05   0.0000000000000000e+00   0.0000000000000000e+00
   1.2843054399435687e-04  -2.7129070251052216e-05  -1.5576804503463632e-04  -1.5300911961384280e-04   1.5601117327774418e-04   1.6282538723796670e-05   0.0000000000000000e+00   0.0000000000000000e+00
   1.2843071503854990e-04  -2.7129104864022644e-05  -1.5576841097305661e-04  -3.4983239691171710e-04  -1.5300957155191001e-04   1.5601213228984872e-04   1.6282435672095816e-05   0.0000000000000000e+00
   1.2843088496749069e-04  -2.7129138133264817e-05  -1.5576877696594433e-04  -3.4983274659848129e-04  -1.5301002430026829e-04   1.5601309125545088e-04   1.6282332430209043e-05   0.0000000000000000e+00
  -2.7129170692825387e-05  -1.5576914294846276e-04  -3.4983309545020880e-04  -1.5301047797145772e-04   1.5601405018187371e-04   1.6282228938277221e-05   0.0000000000000000e+00   0.0000000000000000e+00
  -2.7129203167052413e-05  -1.5576950885789150e-04  -3.4983344370642118e-04  -1.5301093266343341e-04   1.5601500907688168e-04   1.6282125140961993e-05   1.0502574515310702e-04   0.0000000000000000e+00
  -2.7129236157111313e-05  -1.5576987463491481e-04  -3.4983379161724444e-04  -1.5301138845717595e-04   1.5601596794853552e-04   1.6282020988799888e-05   1.0502602360279567e-04  -1.2611107413747910e-04
  -2.7129270228086023e-05  -1.5577024022484163e-04  -3.4983413943914029e-04  -1.5301184541458213e-04   1.6281916439460505e-05   1.0502630207302732e-04  -1.2611120415833974e-04   0.0000000000000000e+00
  -2.7129308430462432e-05  -1.5577060535582038e-04  -3.4983448747515913e-04  -1.5301230422340133e-04   1.6281811185391908e-05   1.0502658055383327e-04  -1.2611133336643709e-04   0.0000000000000000e+00
  -2.7129354486082185e-05  -1.5577096969849564e-04  -3.4983483603879986e-04  -1.5301276573556546e-04  -3.7290879624189428e-04   1.6281704849446294e-05   1.0502685904072785e-04  -1.2611146100104090e-04
  -2.7129402562502515e-05  -1.5577133376574049e-04  -3.4983518526976475e-04  -1.5301322835842494e-04  -3.7290916174584224e-04   1.6281598088489279e-05   1.0502713746700143e-04  -1.2611158822943468e-04
  -2.7129452660061036e-05  -1.5577169755884188e-04  -3.4983553540080079e-04  -1.5301369198399606e-04  -3.7290952597882608e-04   1.6281490932157071e-05   1.0502741580693277e-04  -1.2611171504148133e-04
  -2.7129504719187001e-05  -1.5577206108596312e-04  -3.4983588664996200e-04  -1.5301415648631296e-04  -3.7290988907704185e-04   1.6281383418688677e-05   1.0502769403694592e-04  -1.2611184144100952e-04
  -2.7129558625165684e-05  -1.5577242436170421e-04  -3.4983623921691165e-04  -1.5301462172418142e-04  -3.7291025119569164e-04   1.6281275594124045e-05   1.0502797213608923e-04  -1.2611196744635299e-04
  -1.5577278740655032e-04  -3.4983659327949347e-04  -1.5301508754419379e-04  -3.7291061250670736e-04   1.6281167511369680e-05   1.0502825008647740e-04  -1.2611209309060527e-04   0.0000000000000000e+00
  -1.5577315024622150e-04  -3.4983694899062406e-04  -3.7291097319621823e-04   1.6281059229149223e-05   1.0502852787368863e-04   1.6544822196975725e-04  -1.2611221842158968e-04   0.0000000000000000e+00
  -1.5577351291093752e-04  -3.4983730647555195e-04  -3.7291133346181190e-04   1.6280950810858388e-05   1.0502880548711158e-04   1.6544863033312861e-04  -1.2611234350154169e-04   0.0000000000000000e+00
  -1.5577387543461236e-04  -3.4983766582952837e-04  -3.7291169350962220e-04   1.6280842323344670e-05   1.0502908292023466e-04   1.6544903882341597e-04  -1.2611246840650819e-04   0.0000000000000000e+00
  -1.5577423785399552e-04  -3.4983802711593005e-04  -3.7291205355129224e-04   1.6280733835632841e-05   1.0502936017087400e-04   1.6544944745231868e-04  -1.2611259322547154e-04   0.0000000000000000e+00
  -1.5577460020777472e-04  -3.4983839036486824e-04  -3.7291241380085565e-04   1.6280625417618268e-05   1.0502963724133354e-04   1.6544985622797190e-04  -1.2611271805920823e-04   0.0000000000000000e+00
  -1.5577496253565843e-04  -3.4983875557230730e-04  -3.7291277447158255e-04   1.6280517138750164e-05   1.0502991413849456e-04   1.6545026515469059e-04  -1.2611284301889615e-04   0.0000000000000000e+00
  -1.5577532487745372e-04  -3.4983912269972582e-04  -3.7291313577283834e-04   1.6280409066726896e-05   1.0503019087383093e-04   1.6545067423277693e-04  -1.2611296822448841e-04   0.0000000000000000e+00
  -1.5577568727215702e-04  -3.4983949167432480e-04  -3.7291349790699672e-04   1.6280301266225335e-05   1.0503046746334802e-04   1.6545108345840002e-04  -1.2611309380287418e-04   0.0000000000000000e+00
  -1.5577604989644431e-04  -3.4983986336948578e-04  -3.7291386136467983e-04   1.6280193981171346e-05   1.0503074380337463e-04   1.6545149298350238e-04  -1.2611321961904264e-04   0.0000000000000000e+00
  -3.5362035295049930e-04  -3.4984023890890061e-04  -3.7291422670968695e-04   1.0503101975864045e-04   1.6545190300200604e-04  -1.2611334546376680e-04   0.0000000000000000e+00   0.0000000000000000e+00
  -3.5362044999311045e-04  -3.4984061571812825e-04  -3.7291459337383283e-04   1.0503129566225712e-04   1.6545231310497677e-04  -1.2611347212710330e-04   0.0000000000000000e+00   0.0000000000000000e+00
  -3.5362054725535580e-04  -3.4984099348017006e-04  -3.7291496146670434e-04   1.0503157156143325e-04   1.6545272325277656e-04  -1.2611359977469236e-04  -6.1636718315025195e-04   0.0000000000000000e+00
  -3.5362064481250365e-04  -3.4984137186237644e-04  -3.7291533108065381e-04   1.0503184750527298e-04   1.6545313340375189e-04  -1.2611372856511190e-04  -6.1636735590838115e-04   0.0000000000000000e+00
  -3.5362074273831401e-04  -3.4984175052360630e-04  -3.7291570229006511e-04   1.0503212354379296e-04   1.6545354351521485e-04  -1.2611385864632897e-04  -6.1636752872338196e-04   5.2061741948126582e-04
  -3.5362084110342852e-04  -3.4984212912152413e-04  -3.7291607515084984e-04   1.0503239972691537e-04   1.6545395354445472e-04  -1.2611399015224011e-04  -6.1636770138004794e-04   5.2061738992661836e-04
  -3.5362093997377912e-04  -3.4984250731989676e-04  -3.7291644970016756e-04   1.0503267610345527e-04   1.6545436344975986e-04  -1.2611412319935854e-04  -6.1636787366215482e-04   5.2061735963655287e-04
  -3.5362103940904095e-04  -3.4984288479576118e-04  -3.7291682595637132e-04   1.0503295272011883e-04   1.6545477319143470e-04  -1.2611425788371282e-04  -6.1636804535703611e-04   5.2061732866059290e-04
  -3.5362113946116092e-04  -3.4984326124632716e-04  -3.7291720391916916e-04   1.0503322962052966e-04   1.6545518273278876e-04  -1.2611439427801175e-04  -6.1636821626012586e-04   5.2061729706023461e-04
  -3.5362124017299058e-04  -3.4984363639548884e-04  -3.7291758356999268e-04   1.0503350684430112e-04   1.6545559204108489e-04  -1.2611453242913334e-04  -6.1636838617937153e-04   5.2061726490757333e-04
  -3.5362134157705015e-04  -3.4984400999981839e-04  -3.7291796487256423e-04   1.0503378442617076e-04   1.6545600108842365e-04  -1.2611467235598844e-04  -6.1636855493945198e-04   5.2061723228378045e-04
  -3.5362144369445036e-04  -3.4984438185392769e-04  -3.7291834777365148e-04   1.0503406239521280e-04   1.6545640985255020e-04  -1.2611481404780812e-04  -6.1636872238571110e-04   5.2061719927745881e-04
  -3.5362154653399442e-04  -3.4984475179508575e-04  -3.7291873220399050e-04   1.0503434077414372e-04   1.6545681831756597e-04  -1.2611495746289717e-04  -6.1636888838774266e-04   5.2061716598292328e-04
  -3.5362165009148697e-04  -3.4984511970699513e-04  -3.7291911807936951e-04   1.0503461957873461e-04   1.6545722647453055e-04  -1.2611510252789201e-04  -6.1636905284255148e-04   5.2061713249842848e-04
  -3.5362175478662446e-04  -3.4984548339048849e-04  -3.7291950527100341e-04   1.0503489903094080e-04   1.6545763408825983e-04  -1.2611525004322053e-04  -6.1636921467645442e-04   5.2061709947002631e-04
  -3.5362186115151098e-04   1.9154922750517562e-04  -3.7291989362883351e-04   1.0503517940655458e-04   1.6545804086396998e-04  -1.2611540103892486e-04  -6.1636937255942327e-04   5.2061706770151249e-04
  -3.5362196806712628e-04   1.9154976585940381e-04  -4.6567267092601972e-05  -3.7292028310736400e-04   1.0503546017372721e-04   1.6545844738972892e-04  -6.1636952894197482e-04   5.2061703595265147e-04
  -3.5362207542127708e-04   1.9155030472374143e-04  -4.6567347997121716e-05  -3.7292067357974987e-04   1.0503574129086165e-04   1.6545885371652559e-04  -6.1636968397481165e-04   5.2061700425312261e-04
  -3.5362218309305027e-04   1.9155084433246955e-04  -4.6567431991241894e-05  -3.7292106491106797e-04   1.0503602271047177e-04   1.6545925990104862e-04  -6.1636983783409374e-04   5.2061697263343896e-04
  -3.5362229095528617e-04   1.9155138490358398e-04  -4.6567518761875467e-05  -3.7292145695985078e-04   1.6545966600452206e-04  -6.1636999071719542e-04   3.3799096379294498e-05   5.2061694112569994e-04
  -3.5362239887718340e-04   1.9155192663544113e-04  -4.6567607943339533e-05  -3.7292184957965610e-04   1.6546007209145233e-04  -6.1637014283808422e-04   3.3799399359779431e-05   5.2061690976435034e-04
  -3.5362250672697461e-04   1.9155246970370044e-04  -4.6567699125207904e-05  -3.7292224262066068e-04   1.6546047822830912e-04  -6.1637029442241677e-04   3.3799702100644387e-05   5.2061687858690310e-04
  -3.5362261437463927e-04   1.9155301425860326e-04  -4.6567791860911616e-05  -3.7292263593125186e-04   1.6546088448216435e-04  -6.1637044570243544e-04   3.3800004623724663e-05   5.2061684763460444e-04
  -3.5362272169459324e-04   1.9155356042262835e-04  -4.6567885676936261e-05  -3.7292302935961255e-04   1.6546129091931251e-04  -6.1637059691177043e-04   3.3800306953858431e-05   5.2061681695301251e-04
  -3.5362282856831758e-04   1.9155410828855575e-04   1.5176886130628729e-04  -4.6567980082456615e-05  -3.7292342275527083e-04  -6.1637074828023311e-04   3.3800609118480517e-05   5.2061678659245784e-04
  -3.5362293488687196e-04   1.9155465791797236e-04   1.5176915285145163e-04  -4.6568074579245285e-05  -3.7292381597061063e-04  -6.1637090002870400e-04   3.3800911147183027e-05   5.2061675660836321e-04
  -3.5362304055325234e-04   1.9155520934023925e-04   1.5176945277278371e-04  -4.6568168671688228e-05  -3.7292420886231705e-04  -6.1637105236420726e-04   3.3801213071250012e-05   5.2061672706139948e-04
  -3.5362314548454397e-04   1.9155576255194592e-04   1.5176976120610726e-04  -4.6568261876738927e-05  -6.2383648303924273e-05  -6.1637120547526473e-04   3.3801514923174524e-05   5.2061669801745287e-04
  -3.5362324961383227e-04   1.9155631751686009e-04   1.5177007814902403e-04  -4.6568353733644520e-05  -6.2383967447655084e-05  -6.1637135952761362e-04   3.3801816736165173e-05   5.2061666954738520e-04
  -3.5362335233132212e-04   1.9155687480219019e-04   1.5177040753542518e-04  -4.6568442788865238e-05  -6.2384289768325075e-05  -6.1637151571327915e-04   3.3802118606377601e-05   5.2061664085977627e-04
  -3.5362345288454309e-04   1.9155743512707418e-04   1.5177075432913655e-04  -4.6568527333896858e-05  -6.2384616900698295e-05  -6.1637167549796052e-04   3.3802420647784752e-05   5.2061661091710012e-04
   1.9155799680033514e-04   1.5177110807274870e-04  -4.6568609544044923e-05  -6.2384945805625785e-05  -6.1637183637278776e-04   3.3802722738771499e-05   5.2061658192995638e-04   0.0000000000000000e+00
   4.6677164734902664e-04   1.9155855958595934e-04   1.5177146768117935e-04  -4.6568689260730202e-05  -6.2385276275736710e-05  -6.1637199825028614e-04   3.3803024902842654e-05   5.2061655408871567e-04
   4.6677203593217153e-04   1.9155912322841204e-04   1.5177183196823390e-04  -4.6568766377724396e-05  -6.2385608065145321e-05  -6.1637216101689297e-04   3.3803327162465753e-05   5.2061652757590712e-04
   4.6677242917597840e-04   1.9155968745794520e-04   1.5177219966975170e-04  -4.6568840842448856e-05  -6.2385940894873441e-05  -6.1637232453635494e-04   3.3803629538915357e-05   5.2061650256130714e-04
   4.6677282621036814e-04   1.9156025199612033e-04   1.5177256946813085e-04  -4.6568912656413678e-05  -6.2386274458845904e-05  -6.1637248865355383e-04   3.3803932052136820e-05   5.2061647919709672e-04
   4.6677322609231655e-04   1.9156081656145771e-04   1.5177294001781125e-04  -4.6568981874802904e-05  -6.2386608430346356e-05  -6.1637265319869317e-04   3.3804234720629526e-05   5.2061645761318455e-04
   4.6677362782701246e-04   1.9156138087511306e-04   1.5177330997127525e-04  -4.6569048605220293e-05  -6.2386942468817949e-05  -6.1637281799175605e-04   3.3804537561348879e-05   5.2061643791279392e-04
   4.6677403038981218e-04   1.5177367800512336e-04  -4.6569113005619830e-05   1.5606972943406033e-04  -6.2387276226885818e-05  -6.1637298284715567e-04   3.3804840589626405e-05   5.2061642016841417e-04
   4.6677443274858961e-04   1.5177404284577668e-04  -4.6569175281454784e-05   1.5607069054236289e-04  -6.2387609357479512e-05  -6.1637314757848288e-04   3.3805143819106939e-05   0.0000000000000000e+00
   4.6677483388608712e-04  -4.4547564810283971e-04   1.5177440329436397e-04   1.5607165139627490e-04  -6.2387941520929604e-05  -6.1637331200326548e-04   3.3805447261701415e-05   2.0370486452514002e-05
   4.6677523282186465e-04  -4.4547591752196246e-04   1.5177475825036040e-04   1.5607261197163151e-04  -6.2388272391915162e-05  -6.1637347594765480e-04   3.3805750927554885e-05   2.0370788931120122e-05
   4.6677562863345470e-04  -4.4547618691190098e-04   6.4201136680334763e-04   1.5177510673355823e-04   1.5607357224906891e-04  -6.2388601666140778e-05   3.3806054825027291e-05   2.0371091698382318e-05
   4.6677602047634530e-04  -4.4547645634062305e-04   6.4201067148010236e-04   1.5177544790397288e-04   1.5607453221452391e-04  -6.2388929066624292e-05   3.3806358960686521e-05   2.0371394732374288e-05
   4.6677640370253442e-04  -4.4547672589762542e-04   6.4200997648620507e-04   1.5177577625281638e-04   1.5607549167256552e-04  -6.2389253089774780e-05   3.3806663295931873e-05   2.0371698319474063e-05
   4.6677677265250119e-04  -4.4547699567708184e-04   6.4200928168661406e-04   1.5177608505203427e-04   1.5607645037983935e-04  -6.2389571907063538e-05   3.3806967777878589e-05   2.0372002830572589e-05
   4.6677713639488208e-04  -4.4547726568794767e-04   1.2844023193152827e-04   6.4200858724931635e-04   1.5177638582754096e-04   1.5607740879960657e-04  -6.2389888448963191e-05   2.0372307452692389e-05
   4.6677749504038974e-04  -4.4547753598656649e-04   1.2844038146107322e-04   6.4200789315100248e-04   1.5177667903893015e-04   1.5607836696504511e-04  -6.2390202753915806e-05   2.0372612101191470e-05
   4.6677784881138460e-04  -4.4547780662448314e-04   1.2844053116842176e-04   6.4200719936679694e-04   1.5177696529735854e-04   1.5607932491384024e-04  -6.2390514897779677e-05   2.0372916689343371e-05
   4.6677819803334699e-04  -4.4547807764754065e-04   1.2844068100871303e-04   6.4200650587044761e-04   1.5177724534830265e-04   1.5608028268732066e-04  -6.2390824990964870e-05   2.0373221130186607e-05
   4.6677854312452387e-04  -4.4547834909506033e-04   1.2844083094604031e-04   6.4200581263451010e-04   1.5177752005207534e-04   1.5608124032953110e-04  -6.2391133175005657e-05   2.0373525338401649e-05
   4.6677888458398662e-04   1.2844098095278746e-04   6.4200511963051965e-04   1.5177779036247910e-04   1.5608219788625885e-04   1.6274810862356447e-05  -6.2391439618649555e-05   2.0373829232181391e-05
   4.6677922297834543e-04   1.2844113100873213e-04   6.4200442682916224e-04   1.5177805730399950e-04   1.5608315540403399e-04   1.6274703594461563e-05   2.0374132735059108e-05   0.0000000000000000e+00
   4.6677955892739347e-04   1.2844128109994467e-04  -5.7497523056378522e-04   6.4200373420043172e-04   1.5177832194796198e-04   1.5608411292911993e-04   1.6274596550656872e-05   2.0374435777658677e-05
   4.6677989308895783e-04   1.2844143121751780e-04  -5.7497465558916511e-04   6.4200304171378568e-04  -1.3870121376417224e-04   1.5608507050651386e-04   1.6274489784902682e-05   2.0374738299333441e-05
   4.6678022614324554e-04   1.2844158135616050e-04  -5.7497408184555097e-04   6.4200234933829551e-04  -1.3870103148977899e-04   1.5608602817897472e-04   1.6274383346162821e-05   2.0375040249660068e-05
   4.6678055877698207e-04   1.2844173151269476e-04  -5.7497350943720217e-04   6.4200165704279128e-04  -1.3870084979408038e-04   1.5608698598609772e-04   1.6274277277494663e-05   2.0375341589756837e-05
   4.6678089166763206e-04   1.2844188168449418e-04  -5.7497293843187885e-04  -2.7135498094700268e-05   6.4200096479600675e-04   1.5608794396345209e-04   1.6274171615235505e-05   2.0375642293396685e-05
   4.6678122546799490e-04   1.2844203186790237e-04  -5.7497236885727316e-04  -2.7135623738558795e-05   6.4200027256672005e-04   1.5608890214179866e-04   1.6274066388300541e-05   2.0375942347889470e-05
   4.6678156347590817e-04   1.2844218230482571e-04  -5.7497180251454534e-04  -2.7135758497338272e-05   6.4199958036718354e-04   1.5608986076918037e-04   1.6273961850341594e-05   2.0376241156632305e-05
   4.6678190971001184e-04   1.2844233330463239e-04  -5.7497124168383166e-04  -2.7135907043256290e-05   6.4199888822246234e-04   1.5609082015180260e-04   1.6273858313678867e-05   2.0376537965093153e-05
   4.6678225807278472e-04   1.2844248424214073e-04  -5.7497068179951426e-04  -2.7136060685158530e-05   6.4199819599603750e-04   1.5609177975528583e-04   1.6273755210563897e-05   0.0000000000000000e+00
   4.6678260865158709e-04   1.2844263506426863e-04  -2.0728365194239363e-04  -5.7497012248718094e-04  -2.7136218842538139e-05   6.4199750365298883e-04   1.5609273955806616e-04   1.6273652507278784e-05
   4.6678296147248128e-04   1.2844278571241821e-04  -2.0728431145273561e-04  -5.7496956334499472e-04  -2.7136380831347258e-05   6.4199681115958323e-04   1.5609369953364794e-04   1.6273550163461444e-05
   4.6678331650267673e-04   1.2844293612252177e-04  -2.0728497103547695e-04  -5.7496900395272491e-04  -2.7136545877839915e-05   6.4199611848359320e-04   1.5609465965141470e-04   1.6273448133180410e-05
   4.6678367365409932e-04   1.2844308622523743e-04  -2.0728563069696151e-04  -5.7496844388125253e-04  -2.7136713134025423e-05   6.4199542559460873e-04   1.5609561987751952e-04   1.6273346366100540e-05
   4.6678403278797403e-04   1.2844323594629826e-04  -2.0728629044370939e-04  -5.7496788270238082e-04  -2.7136881694449180e-05   6.4199473246433756e-04   1.5609658017583808e-04   1.6273244808718082e-05
   4.6678439372030021e-04   1.2844338520701624e-04  -2.0728695028226260e-04  -5.7496731999876719e-04  -2.7137050614000205e-05   6.4199403906688266e-04   1.6273143405642855e-05   0.0000000000000000e+00
   1.2844353392493991e-04  -2.0728761021902403e-04  -5.7496675537378695e-04  -2.7137218926433085e-05   6.4199334537900121e-04  -1.5580119058564330e-04  -1.5305075186829346e-04   1.6273042100902325e-05
   1.2844368201466141e-04  -2.0728827026009704e-04  -5.7496618846116475e-04  -2.7137385663282927e-05   6.4199265138034265e-04  -1.5580155376649163e-04  -1.5305120779263764e-04   1.6272940839246120e-05
   1.2844382938876934e-04  -2.0728893041112350e-04  -5.7496561893417180e-04  -2.7137549872847364e-05   6.4199195705364994e-04  -1.5580191701776964e-04  -1.5305166324833949e-04   1.6272839567424950e-05
   1.2844397595893821e-04  -2.0728959067713024e-04  -5.7496504651422800e-04  -2.7137710638909471e-05   6.4199126238493806e-04  -1.5580228036157653e-04  -1.5305211820758509e-04   1.6272738235422238e-05
   1.2844412163714520e-04  -2.0729025106238139e-04  -5.7496447097873254e-04  -2.7137867098879194e-05   6.4199056736363345e-04  -1.5580264381793004e-04  -1.5305257265134419e-04   1.6272636797615028e-05
   1.2844426633700266e-04  -2.0729091157024288e-04  -5.7496389216796608e-04  -2.7138018461038969e-05   6.4198987198267501e-04  -1.5580300740429675e-04  -1.5305302656990445e-04   1.6272535213842574e-05
   1.2844441026773370e-04  -2.0729157224447329e-04  -5.7496330783613652e-04  -2.7138160996748322e-05   6.4198917619530014e-04  -1.5580337120282150e-04  -1.5305347973609341e-04   1.6272433195244361e-05
   1.2844455372749999e-04  -2.0729223313964941e-04  -5.7496271518947225e-04  -2.7138290206967137e-05   6.4198847994586714e-04  -1.5580373531179503e-04   1.6272330386642282e-05  -1.2612351444679851e-04
   1.2844469592539009e-04  -2.0729289415410070e-04  -5.7496211957809562e-04  -2.7138413027949214e-05  -1.5580409957250936e-04   1.6272227395912782e-05  -1.2612364518307484e-04   0.0000000000000000e+00
   1.2844483676070442e-04  -2.0729355528148813e-04  -5.7496152140421302e-04  -2.7138529467457677e-05  -1.5580446398012689e-04   1.6272124244257429e-05  -1.2612377564553252e-04   0.0000000000000000e+00
   1.2844497614497027e-04  -2.0729421651455836e-04  -5.7496092112855213e-04  -2.7138639638529639e-05  -1.5580482852629345e-04   1.6272020959240571e-05  -1.2612390588396044e-04   0.0000000000000000e+00
   1.2844511400471244e-04  -2.0729487784528760e-04  -5.7496031926099298e-04  -2.7138743754277472e-05  -1.5580519319926837e-04   1.6271917573974335e-05  -1.2612403594800597e-04   0.0000000000000000e+00
   1.2844525028410736e-04  -2.0729553926504204e-04  -5.7495971635031543e-04  -2.7138842121148063e-05  -1.5580555798410997e-04  -1.2612416588623395e-04   0.0000000000000000e+00   0.0000000000000000e+00
   1.2844538494746820e-04  -2.0729620076474463e-04  -5.7495911297322972e-04  -2.7138935130799862e-05  -1.5580592286291021e-04  -3.4986947787719744e-04   1.0505378062299251e-04  -1.2612429574524589e-04
   1.2844551798151004e-04  -2.0729686233505372e-04  -5.7495850972289625e-04  -2.7139023250773769e-05  -1.5580628781507850e-04  -3.4986982703819774e-04   1.0505406300821287e-04  -1.2612442556886612e-04
   1.2844564939734645e-04  -2.0729752396654138e-04  -5.7495790719712739e-04  -2.7139107014147373e-05  -1.5580665281766863e-04  -3.4987017619641695e-04   1.0505434552929830e-04  -1.2612455539741103e-04
  -2.0729818564987703e-04  -5.7495730598647722e-04  -2.7139187008372725e-05  -1.5580701784574378e-04  -3.4987052611120729e-04   1.0505462822010749e-04  -1.2612468526704680e-04   0.0000000000000000e+00
  -2.0729884737600505e-04  -3.5362894139139765e-04  -2.7139263863505937e-05  -1.5580738287277561e-04  -3.4987087751226246e-04   1.0505491111230542e-04  -1.2612481520924714e-04   0.0000000000000000e+00
  -2.0729950913631897e-04  -3.5362903859988235e-04  -2.7139338240041687e-05  -1.5580774787107097e-04  -3.4987123107905235e-04   1.0505519423470986e-04  -1.2612494525035691e-04   0.0000000000000000e+00
  -2.0730017092282664e-04  -3.5362913599077425e-04  -2.7139410816568374e-05  -1.5580811281222059e-04  -3.4987158742135659e-04   1.0505547761268356e-04  -1.2612507541126598e-04   0.0000000000000000e+00
  -3.5362923357364610e-04  -2.7139482277458958e-05  -1.5580847766756464e-04  -3.4987194706130131e-04   1.0505576126758122e-04  -1.2612520570720153e-04   0.0000000000000000e+00   0.0000000000000000e+00
  -3.5362933131124130e-04  -2.7139555420974176e-05  -1.5580884242046315e-04  -3.4987231563680970e-04   1.0505604532468906e-04  -1.2612533633878543e-04   0.0000000000000000e+00   0.0000000000000000e+00
  -3.5362942915155630e-04  -2.7139633638806865e-05  -1.5580920705837896e-04  -3.4987270017320608e-04   1.0505632993564587e-04  -1.2612546755602964e-04   0.0000000000000000e+00   0.0000000000000000e+00
  -3.5362952720869451e-04  -2.7139712356088690e-05  -1.5580957152578403e-04  -3.4987308802547840e-04   1.0505661484089824e-04  -1.2612559888771477e-04   0.0000000000000000e+00   0.0000000000000000e+00
  -3.5362962549084916e-04  -2.7139791904602960e-05  -1.5580993579630747e-04   1.9159184113816234e-04  -3.4987347858672098e-04   1.0505690002832958e-04  -1.2612573030319462e-04   0.0000000000000000e+00
  -3.5362972400460084e-04  -2.7139872587975148e-05  -1.5581029984577664e-04   1.9159241710775288e-04  -3.4987387115647075e-04   1.0505718548120164e-04  -1.2612586176868036e-04   0.0000000000000000e+00
  -3.5362982275495927e-04  -2.7139954681705620e-05  -1.5581066365268558e-04   1.9159299435390163e-04  -3.4987426495832955e-04  -3.7294965953682687e-04   1.0505747117851112e-04  -1.2612599324844431e-04
  -3.5362992174540559e-04  -2.7140038433789508e-05  -1.5581102719863107e-04   1.9159357254779771e-04  -3.4987465915927292e-04  -3.7295000962293156e-04   1.0505775709541127e-04  -1.2612612470605883e-04
  -3.5363002097794178e-04  -2.7140124065843734e-05  -1.5581139046870837e-04   1.9159415133803822e-04  -3.4987505289025926e-04  -3.7295035889914395e-04   1.0505804320369194e-04  -1.2612625610564630e-04
  -3.5363012045314004e-04  -2.7140211774654810e-05  -1.5581175345185942e-04   1.9159473035718769e-04  -3.4987544526773309e-04  -3.7295070782298966e-04   1.0505832947230742e-04  -1.2612638741311041e-04
  -3.5363022017019361e-04  -1.5581211614116780e-04   1.9159530922864077e-04  -3.4987583541560424e-04  -3.7295105685879084e-04   1.0505861586794469e-04  -1.2612651859732692e-04   0.0000000000000000e+00
  -3.5363032012696965e-04  -1.5581247853409548e-04   1.9159588757367314e-04  -3.4987622248727431e-04  -4.6573557381169366e-05  -3.7295140646798790e-04   1.0505890235562023e-04  -1.2612664963126312e-04
  -3.5363042032006143e-04  -1.5581284063265508e-04   1.9159646501856279e-04  -3.4987660568728434e-04  -4.6573643807395934e-05  -3.7295175709949925e-04   1.0505918889929765e-04   5.2061520685917843e-04
  -3.5363052074484163e-04  -1.5581320244351354e-04   1.9159704120166413e-04  -3.4987698429215776e-04  -4.6573729176083991e-05  -3.7295210918027069e-04   1.0505947546251399e-04   5.2061517359057680e-04
  -3.5363062139551584e-04  -1.5581356397802409e-04   1.9159761578031582e-04  -3.4987735767002626e-04  -4.6573812914295614e-05  -3.7295246310619376e-04   1.0505976200900572e-04   5.2061514097727498e-04
  -3.5363072226517330e-04  -1.5581392525218396e-04   1.9159818843746750e-04  -3.4987772529863773e-04  -4.6573894475777974e-05  -3.7295281923354170e-04   1.0506004850332343e-04   5.2061510936604496e-04
  -3.5363082333172182e-04  -1.5581428617047848e-04   1.9159875798835989e-04  -3.4987808190042966e-04  -4.6573971820243795e-05  -3.7295317920200803e-04   1.0506033483739339e-04   5.2061508153027915e-04
  -3.5363092456798729e-04   1.9159932302643604e-04  -3.4987842092979268e-04  -4.6574042515584760e-05  -3.7295354498045479e-04   1.0506062088376735e-04   5.2061506090558124e-04   0.0000000000000000e+00
  -3.5363102599869498e-04   1.9159988555568852e-04  -3.4987875426525960e-04   1.5179375496641718e-04  -4.6574109928960803e-05  -3.7295391349414809e-04   1.0506090679466662e-04   5.2061504163218337e-04
  -3.5363112761472822e-04   1.9160044552889510e-04  -3.4987908255815811e-04   1.5179406268737435e-04  -4.6574173922029249e-05  -3.7295428470720025e-04   1.0506119255259041e-04   5.2061502354453317e-04
  -3.5363122940598214e-04   1.9160100294116029e-04  -3.4987940657717784e-04   1.5179437123311450e-04  -4.6574234420132108e-05  -3.7295465852660347e-04   1.0506147814273287e-04   5.2061500643378817e-04
