   1.3091328180000000e+09
   1.3091328780000000e+09
   1.3091329380000000e+09
   1.3091329980000000e+09
   1.3091330580000000e+09
   1.3091331180000000e+09
   1.3091331780000000e+09
   1.3091332380000000e+09
   1.3091332980000000e+09
   1.3091333580000000e+09
   1.3091334180000000e+09
   1.3091334780000000e+09
   1.3091335380000000e+09
   1.3091335980000000e+09
   1.3091336580000000e+09
   1.3091337180000000e+09
   1.3091337780000000e+09
   1.3091338380000000e+09
   1.3091338980000000e+09
   1.3091339580000000e+09
   1.3091340180000000e+09
   1.3091340780000000e+09
   1.3091341380000000e+09
   1.3091341980000000e+09
   1.3091342580000000e+09
   1.3091343180000000e+09
   1.3091343780000000e+09
   1.3091344380000000e+09
   1.3091344980000000e+09
   1.3091345580000000e+09
   1.3091346180000000e+09
   1.3091346780000000e+09
   1.3091347380000000e+09
   1.3091347980000000e+09
   1.3091348580000000e+09
   1.3091349180000000e+09
   1.3091349780000000e+09
   1.3091350380000000e+09
   1.3091350980000000e+09
   1.3091351580000000e+09
   1.3091352180000000e+09
   1.3091352780000000e+09
   1.3091353380000000e+09
   1.3091353980000000e+09
   1.3091354580000000e+09
   1.3091355180000000e+09
   1.3091355780000000e+09
   1.3091356380000000e+09
   1.3091356980000000e+09
   1.3091357580000000e+09
   1.3091358180000000e+09
   1.3091358780000000e+09
   1.3091359380000000e+09
   1.3091359980000000e+09
   1.3091360580000000e+09
   1.3091361180000000e+09
   1.3091361780000000e+09
   1.3091362380000000e+09
   1.3091362980000000e+09
   1.3091363580000000e+09
   1.3091364180000000e+09
   1.3091364780000000e+09
   1.3091365380000000e+09
   1.3091365980000000e+09
   1.3091366580000000e+09
   1.3091367180000000e+09
   1.3091367780000000e+09
   1.3091368380000000e+09
   1.3091368980000000e+09
   1.3091369580000000e+09
   1.3091370180000000e+09
   1.3091370780000000e+09
   1.3091371380000000e+09
   1.3091371980000000e+09
   1.3091372580000000e+09
   1.3091373180000000e+09
   1.3091373780000000e+09
   1.3091374380000000e+09
   1.3091374980000000e+09
   1.3091375580000000e+09
   1.3091376180000000e+09
   1.3091376780000000e+09
   1.3091377380000000e+09
   1.3091377980000000e+09
   1.3091378580000000e+09
   1.3091379180000000e+09
   1.3091379780000000e+09
   1.3091380380000000e+09
   1.3091380980000000e+09
   1.3091381580000000e+09
   1.3091382180000000e+09
   1.3091382780000000e+09
   1.3091383380000000e+09
   1.3091383980000000e+09
   1.3091384580000000e+09
   1.3091385180000000e+09
   1.3091385780000000e+09
   1.3091386380000000e+09
   1.3091386980000000e+09
   1.3091387580000000e+09
   1.3091388180000000e+09
   1.3091388780000000e+09
   1.3091389380000000e+09
   1.3091389980000000e+09
   1.3091390580000000e+09
   1.3091391180000000e+09
   1.3091391780000000e+09
   1.3091392380000000e+09
   1.3091392980000000e+09
   1.3091393580000000e+09
   1.3091394180000000e+09
   1.3091394780000000e+09
   1.3091395380000000e+09
   1.3091395980000000e+09
   1.3091396580000000e+09
   1.3091397180000000e+09
   1.3091397780000000e+09
   1.3091398380000000e+09
   1.3091398980000000e+09
   1.3091399580000000e+09
   1.3091400180000000e+09
   1.3091400780000000e+09
   1.3091401380000000e+09
   1.3091401980000000e+09
   1.3091402580000000e+09
   1.3091403180000000e+09
   1.3091403780000000e+09
   1.3091404380000000e+09
   1.3091404980000000e+09
   1.3091405580000000e+09
   1.3091406180000000e+09
   1.3091406780000000e+09
   1.3091407380000000e+09
   1.3091407980000000e+09
   1.3091408580000000e+09
   1.3091409180000000e+09
   1.3091409780000000e+09
   1.3091410380000000e+09
   1.3091410980000000e+09
   1.3091411580000000e+09
   1.3091412180000000e+09
   1.3091412780000000e+09
   1.3091413380000000e+09
   1.3091413980000000e+09
   1.3091414580000000e+09
   1.3091415180000000e+09
   1.3091415780000000e+09
   1.3091416380000000e+09
   1.3091416980000000e+09
   1.3091417580000000e+09
   1.3091418180000000e+09
   1.3091418780000000e+09
   1.3091419380000000e+09
   1.3091419980000000e+09
   1.3091420580000000e+09
   1.3091421180000000e+09
   1.3091421780000000e+09
   1.3091422380000000e+09
   1.3091422980000000e+09
   1.3091423580000000e+09
   1.3091424180000000e+09
   1.3091424780000000e+09
   1.3091425380000000e+09
   1.3091425980000000e+09
   1.3091426580000000e+09
   1.3091427180000000e+09
   1.3091427780000000e+09
   1.3091428380000000e+09
   1.3091428980000000e+09
   1.3091429580000000e+09
   1.3091430180000000e+09
   1.3091430780000000e+09
   1.3091431380000000e+09
   1.3091431980000000e+09
   1.3091432580000000e+09
   1.3091433180000000e+09
   1.3091433780000000e+09
   1.3091434380000000e+09
   1.3091434980000000e+09
   1.3091435580000000e+09
   1.3091436180000000e+09
   1.3091436780000000e+09
   1.3091437380000000e+09
   1.3091437980000000e+09
   1.3091438580000000e+09
   1.3091439180000000e+09
   1.3091439780000000e+09
   1.3091440380000000e+09
   1.3091440980000000e+09
   1.3091441580000000e+09
   1.3091442180000000e+09
   1.3091442780000000e+09
   1.3091443380000000e+09
   1.3091443980000000e+09
   1.3091444580000000e+09
   1.3091445180000000e+09
   1.3091445780000000e+09
   1.3091446380000000e+09
   1.3091446980000000e+09
   1.3091447580000000e+09
