   6.9892543911575544e-01  -1.6298617692090450e-01   7.8403171824555540e-01   2.7162909213174844e+00   2.3193517844001748e+00   1.4720712918312253e+00  -1.0081661197044121e+00  -1.5003736858053494e+00
   7.1169243683880357e-01  -1.5544024897331249e-01   8.0524697695823666e-01   2.7153832028669256e+00   2.3084883559354750e+00   1.4668933866677218e+00  -1.0068334253820970e+00  -1.4925830060150211e+00
   7.2456616868541490e-01  -1.4770760744991387e-01   8.2639270319699365e-01   2.7142394901987417e+00   2.2974065054155530e+00   1.4615591129100438e+00  -1.0053129491103374e+00  -1.4846449134901700e+00
   7.3754430665934134e-01  -1.3978888201805742e-01   8.4746627899688576e-01   2.7128598286023431e+00   2.2861074556660599e+00   1.4560702780233288e+00  -1.0036059339945682e+00  -1.4765616619125812e+00
   7.5062450109392687e-01  -1.3168473094885327e-01   8.6846510852637815e-01   2.7112442962697565e+00   2.2745924621084614e+00   1.4504287141105208e+00  -1.0017136643207818e+00  -1.4683355358811885e+00
   7.6380437930562395e-01  -1.2339585139231897e-01   8.8938659905517725e-01   2.7093930100794736e+00   2.2628628123074770e+00   1.4446362776559953e+00  -9.9963745923526570e-01  -1.4599688357221854e+00
   7.7708154991627876e-01  -1.1492297437068823e-01   2.7073061200778561e+00   2.2509198301153539e+00   1.4386948480772526e+00  -9.9737866814997478e-01  -1.4514638857758673e+00   0.0000000000000000e+00
  -1.5112940880185652e+00   7.9045359724341824e-01   2.7049838123331078e+00   2.2387648659430095e+00   1.4326063330596808e+00  -9.9493868281468290e-01  -1.4428230352349691e+00   4.2855513166763465e-01
  -1.4918689000407261e+00   8.0391808770769402e-01   2.7024263068136416e+00   2.2263993132978626e+00   1.4263726632784279e+00  -9.9231892146516554e-01  -1.4340486507742094e+00   4.2580470998580860e-01
  -1.4723317438128205e+00   8.1747256721493167e-01   2.6996338599567409e+00   2.2138245915748063e+00   1.4199957888565258e+00  -9.8952084296387077e-01  -1.4251431229187810e+00   4.2285175897449334e-01
  -1.4526852217211803e+00   8.3111456158325614e-01   2.6966067628279538e+00   2.2010421486976455e+00   1.4134776900070958e+00  -9.8654593686866676e-01  -1.4161088628927234e+00   4.1969591115530896e-01
  -2.2756604679711465e+00  -1.4329319516410448e+00   2.6933453423168086e+00   2.1880534783927486e+00   1.4068203634667247e+00  -9.8339572415690668e-01  -1.4069482989020745e+00   4.1633684203204463e-01
  -2.2624180383722625e+00  -1.4130745596461001e+00   2.6898499582341229e+00   2.1748600916123784e+00   1.4000258345119259e+00  -9.8007176704669097e-01  -1.3976638852727268e+00   4.1277425231795700e-01
  -2.2489745863566033e+00  -1.3931156984880126e+00   2.6861210075034418e+00   2.1614635433777862e+00   1.3930961460288076e+00  -9.7657564914540385e-01  -1.3882580872177199e+00   4.0900789124222958e-01
  -2.2353318142260052e+00  -1.3730580244878108e+00   2.6821589225667832e+00   2.1478654118631488e+00   1.3860333649274184e+00  -9.7290899941552600e-01  -1.3787333970394160e+00   4.0503753579019802e-01
  -2.2214914708330653e+00  -1.3529042177949273e+00   2.6779641656567663e+00   2.1340673119706417e+00   1.3788395795663990e+00  -9.6907346804492411e-01  -1.3690923164075226e+00   4.0086300595033797e-01
  -2.2074553214023185e+00  -1.3326569612405299e+00   2.6735372431999180e+00   2.1200708848898659e+00   1.3715169019541886e+00  -9.6507074769516399e-01  -1.3593373781062328e+00   3.9648415225247957e-01
  -2.1932251702037959e+00  -1.3123189628397764e+00   2.6688786892615495e+00   2.1058778083606335e+00   1.3640674601105136e+00  -9.6090255427396010e-01  -1.3494711204170782e+00   3.9190086686325115e-01
  -1.2787567589989263e-01  -2.1788028499930010e+00   2.6639890754834372e+00   2.0914897918749529e+00   1.3564934063440817e+00  -9.5657063699588218e-01  -1.3394961030882435e+00   3.8711307660746025e-01
  -1.3855063190047703e-01  -2.1641902226703347e+00   2.0769085640856195e+00  -9.5207678345274327e-01  -1.3294149041172136e+00   3.8212074517777272e-01   0.0000000000000000e+00   0.0000000000000000e+00
  -1.4939537391844077e-01  -2.1493891780903085e+00  -1.0953574144658889e+00   2.0621358966332277e+00  -9.4742280187634675e-01  -1.3192301140304636e+00   3.7692387378063380e-01   0.0000000000000000e+00
  -1.6040846076702395e-01  -2.1344016400506205e+00  -1.1100505522217712e+00  -8.7325010190261931e-01   2.0471735835205846e+00  -9.4261053895271085e-01  -1.3089443426350451e+00   3.7152249749828592e-01
  -1.7158841526515162e-01  -2.1192295538654280e+00  -1.1247857076350898e+00   4.0632672120280971e-03  -8.6044290181449889e-01  -9.3764186319641218e-01  -1.2985602120084911e+00   3.6591669696343504e-01
  -1.8293373459528794e-01  -2.1038749026690051e+00  -1.1395602919209382e+00   1.3361007300180198e-02  -8.4772168022486127e-01  -9.3251868354856648e-01  -1.2880803623392032e+00   3.6010657770236865e-01
  -1.9444288054220540e-01  -2.0883396922248560e+00  -1.1543717025448899e+00   2.2469658204405881e-02  -8.3508871615990288e-01  -9.2724292827472732e-01  -1.2775074431056301e+00   3.5409229030007328e-01
  -2.0611428516997768e-01  -2.0726259533631186e+00  -1.1692173285780993e+00   3.1388176319060913e-02  -8.2254626567521216e-01  -9.2181656123797040e-01  -1.2668441228519218e+00   3.4787402239128573e-01
  -2.1794635023929398e-01  -2.0567357484263535e+00  -1.1840945485277801e+00   4.0115564496666520e-02  -8.1009657170836258e-01  -9.1624157241142745e-01  -1.2560930803493564e+00   3.4145199537949700e-01
  -2.2993744578229175e-01  -2.0406711739298489e+00  -1.1990007309381088e+00   4.8650857620398419e-02  -7.9774185799981789e-01  -9.1051997895063475e-01  -1.2452570073969609e+00   3.3482646865985771e-01
  -2.4208591462094520e-01  -1.2139332342601052e+00   5.6993129668166331e-02  -7.8548432224337705e-01  -9.0465383006089173e-01  -1.2343386105012262e+00   3.2799773653099168e-01   0.0000000000000000e+00
  -2.5439006546180243e-01  -1.2138994843227007e+00  -1.2288894115224076e+00   6.5141490604337299e-02  -7.7332615321928189e-01  -1.2233406045042394e+00   3.2096613758106762e-01   0.0000000000000000e+00
  -2.6684818152106238e-01  -1.2020168890241334e+00  -1.2438666028202663e+00   7.3095088681003298e-02  -7.6126950950153560e-01  -1.2122657185782675e+00   3.1373204017270268e-01   0.0000000000000000e+00
  -2.7945851607793964e-01  -1.1901319153883014e+00  -1.2588621444271120e+00   8.0853115847068016e-02  -7.4931652990578845e-01   1.0743925523291347e+00  -1.2011166904881663e+00   3.0629585124224717e-01
  -2.9221929150607773e-01  -1.1782471419912532e+00  -1.2738733646882869e+00   8.8414793557204926e-02  -7.3746933838718731e-01   1.0775333651343380e+00  -1.1898962694376587e+00   2.9865801612698034e-01
  -3.0512870417346238e-01  -1.1663651465382607e+00  -1.2888975823912177e+00   9.5779389731574155e-02  -7.2573003127512925e-01   1.0804978202694562e+00  -1.1786072147942699e+00   2.9081901562910412e-01
  -3.1818492205916776e-01  -1.1544885029503076e+00  -1.3039321125264922e+00   1.0294620375762985e-01  -7.1410068590591802e-01   1.0832844062001912e+00  -1.1672522955368834e+00   2.8277936774703655e-01
  -3.3138608345255671e-01  -1.1426197789776587e+00  -1.3189742622698672e+00   1.0991458005052217e-01  -7.0258335608133204e-01   1.0858916431208840e+00  -1.1558342893285400e+00   2.7453962847808477e-01
  -3.4473030132335186e-01  -1.1307615402471223e+00   3.4605816587951849e-01  -1.3340213354745682e+00   1.1668389709332821e-01  -6.9118007154771444e-01   1.0883180840773654e+00   2.6610038852260093e-01
  -3.5821566049752829e-01  -1.1189163458511902e+00   3.4618290846343697e-01  -1.3490706287015926e+00   1.2325357771662113e-01  -6.7989284167036323e-01   1.0905623091605829e+00   2.5746227899255336e-01
  -3.7184021763985309e-01  -1.1070867492210537e+00   3.4612193577180250e-01  -1.3641194360027904e+00   1.2962307631709327e-01  -6.6872364851633925e-01   1.0926229361146298e+00   2.4862596182865149e-01
  -3.8560200794382288e-01  -1.0952752994138506e+00   3.4587628178880236e-01  -1.3791650465685077e+00   1.3579189310071699e-01  -6.5767445596422103e-01   1.0944986128924208e+00   2.3959214246917510e-01
  -3.9949903491966943e-01  -1.0834845365953747e+00   3.4544701182191856e-01  -1.3942047447568724e+00   1.4175956665189227e-01  -6.4674719591015861e-01   1.0961880161147903e+00   2.3036155412933407e-01
  -4.1352927929108801e-01  -1.0717169958911794e+00   3.4483521666655043e-01   1.4752566980163390e-01  -6.3594378179450772e-01   1.0976898621734468e+00   1.8299579662669563e+00   2.2093497645759225e-01
  -4.2769069760914186e-01  -1.0599752057969205e+00   3.4404202848068843e-01   1.5308982029060145e-01  -6.2526609862992455e-01   1.0990028925341755e+00   1.8319920797676990e+00   2.1131321695312202e-01
  -4.4198121706316429e-01  -1.0482616814515535e+00   3.4306860327297972e-01   1.5845167480235373e-01  -6.1471600758987299e-01   1.1001258878668219e+00   1.8338356929788002e+00   2.0149712512248766e-01
  -4.5639874552909926e-01  -1.0365789385118043e+00   3.4191613171146523e-01   1.6361092487090190e-01  -6.0429534432656273e-01   1.1010576600322244e+00   1.8354876304142465e+00   1.9148758132481089e-01
  -4.7094116488278709e-01  -1.0249294767380097e+00   3.4058583136755660e-01   1.6856731312031434e-01  -5.9400591376078937e-01   1.1017970529180452e+00   1.8369467489513094e+00   1.8128550628462653e-01
  -4.8560632995633773e-01  -1.0133157901951024e+00   3.3907895677606065e-01   1.7332060656338738e-01  -5.8384949990895174e-01   1.1023429472975035e+00   1.8382119359109261e+00   1.7089185663316039e-01
  -5.0039207803548602e-01  -1.0017403614156373e+00   3.3739678757143426e-01   1.7787062471175394e-01  -5.7382785693233984e-01   1.1026942533210904e+00   1.8392821092283029e+00   0.0000000000000000e+00
  -5.1529621756984745e-01  -9.9020566483368966e-01   3.3554063147486329e-01   1.8221721909601146e-01  -5.6394271355551540e-01   1.1028499225916126e+00   1.8401562311344417e+00   2.5547177407707031e+00
  -5.3031653882885366e-01  -9.7871416328912886e-01   3.3351183105467097e-01   1.8636028195388768e-01  -5.5419576865480491e-01   1.1028089339954954e+00   1.8408332850110651e+00   2.5606091236813926e+00
  -5.4545080793379785e-01  -9.6726830733786207e-01   3.3131175410904501e-01   1.9029975473386862e-01  -5.4458869461150738e-01   1.1025703028471678e+00   1.8413122906537636e+00   2.5662652149236607e+00
  -5.6069676871867802e-01  -9.5587053855514481e-01   3.2894179937949752e-01   1.9403560710851905e-01  -5.3512313372673337e-01   1.1021330818264883e+00   1.8415923061589943e+00   2.5716855084005958e+00
  -5.7605214520751202e-01  -9.4452328691918264e-01   3.2640339114989786e-01   1.9756785153168538e-01  -5.2580070349921859e-01   1.1014963558120463e+00   1.8416724136417857e+00   2.5768695331282734e+00
  -5.9151463887239575e-01  -9.3322896571216063e-01   3.2369798557986385e-01   2.0089654270733584e-01   1.1006592454131892e+00   1.8415517408846547e+00   2.5818168554538081e+00  -1.5413762416166629e-01
  -9.2198998235928953e-01   3.2082706930617422e-01  -1.6823290218838034e+00   2.0402177810787905e-01   1.0996209064881721e+00   1.8412294364816000e+00   2.5865270768919366e+00  -1.5334785895343292e-01
  -9.1080872508618449e-01   3.1779214809384704e-01  -1.6836575059707684e+00   2.0694368741712291e-01   1.0983805300605538e+00   1.8407046977430586e+00   2.5909998338333620e+00  -1.5238887902304987e-01
  -8.9968757223643425e-01   3.1459476252001417e-01  -1.6847847167070167e+00   2.0966244582208493e-01   1.0969373430774989e+00   1.8399767433436096e+00   2.5952348012713551e+00  -1.5126170793534219e-01
  -8.8862888329881373e-01   3.1123647831803986e-01  -1.6857095490397107e+00   2.1217826811006643e-01   1.0952906080253622e+00   1.8390448330331095e+00   2.5992316874579084e+00  -1.4996740548275103e-01
  -8.7763501061720151e-01   3.0771888436451067e-01  -1.6864309329781211e+00   2.1449140660123675e-01   1.0934396250838498e+00   1.8379082634147261e+00   2.6029902398109983e+00  -1.4850706435399935e-01
   3.0404359871340475e-01  -1.6869478309517028e+00   1.0913837248134124e+00   1.8365663547324615e+00   2.6065102407535345e+00  -1.4688180955986307e-01   0.0000000000000000e+00   0.0000000000000000e+00
   3.0021226917941940e-01  -1.6872592367574770e+00  -1.0754859656573412e+00   1.0891222783887011e+00   1.8350184719036642e+00   2.6097915086478074e+00  -1.4509279911290326e-01   5.8277794579987763e-01
   2.9622656285238286e-01  -1.6873641840303446e+00  -1.0679225193721587e+00   1.8332640155396902e+00   2.6128338985536383e+00  -1.4314122207402782e-01   5.9931487267069883e-01   0.0000000000000000e+00
   2.9208817503294904e-01  -1.6872617326312003e+00  -1.0601478585785942e+00   1.8313024116845151e+00   2.6156373019271535e+00  -1.4102830131797742e-01   6.1594598356454167e-01   0.0000000000000000e+00
   2.8779882986570765e-01  -1.6869509815575323e+00  -1.0521623758824052e+00   1.8291331291824069e+00   2.6182016479947481e+00  -1.3875528936487977e-01   6.3266895235971077e-01   0.0000000000000000e+00
   2.8336026713910728e-01  -1.6864310639032409e+00  -1.0439664982324923e+00   1.8267556697502640e+00   2.6205268992386950e+00  -1.3632347110427656e-01   6.4948142861817526e-01   0.0000000000000000e+00
   2.7877426079590512e-01  -1.6857011469517960e+00  -1.0355606933732324e+00   1.8241695702788576e+00   2.6226130576184041e+00  -1.3373416318850762e-01   6.6638104599255732e-01   0.0000000000000000e+00
   2.7404260142661158e-01  -1.6847604305878592e+00  -1.0269454580410831e+00   1.8213744018228863e+00   2.6244601608352660e+00  -1.3098871464120426e-01   6.8336542269283385e-01   0.0000000000000000e+00
   2.6916710629239698e-01  -1.6836081511665923e+00  -1.0181213339503772e+00   2.6260682818222625e+00  -1.2808850039344283e-01   7.0043215447975982e-01   0.0000000000000000e+00   0.0000000000000000e+00
   2.6414961697362094e-01  -1.6822435806018654e+00  -1.0090888893954770e+00   2.6274375313811564e+00  -1.2503493199540108e-01   7.1757882333384404e-01   0.0000000000000000e+00   0.0000000000000000e+00
   2.5899199867193623e-01  -1.6806660235981643e+00  -9.9984873531460394e-01   9.6146339475792408e-01   2.6285680557277429e+00  -1.2182944825517768e-01   7.3480299292991968e-01   0.0000000000000000e+00
   2.5369613400818602e-01  -1.6788748236281452e+00  -9.9040151581432290e-01   9.8168014764127354e-01   2.6294600392946084e+00  -1.1847351566060285e-01   7.5210221040929326e-01   0.0000000000000000e+00
  -1.6768693537898365e+00  -9.8074791268252037e-01   1.0017765626001132e+00   2.6301137003034927e+00  -1.1496863548552086e-01   7.6947400433780588e-01   0.0000000000000000e+00   0.0000000000000000e+00
  -1.6746490273982153e+00  -9.7088863961564764e-01   1.0217502642739691e+00   2.6305292953673831e+00  -1.1131633214721053e-01   7.8691589317806121e-01   1.9945675926708859e+00   0.0000000000000000e+00
  -1.6722132905913176e+00  -9.6082444913346032e-01   1.0415988966658545e+00   2.6307071169687966e+00  -1.0751816630636815e-01   8.0442537332665431e-01   2.0051364899078581e+00   8.1773322493292788e-01
  -1.6695616276980247e+00  -9.5055612768508113e-01   1.0613201248015696e+00   2.6306474928775936e+00   8.2199993266543714e-01   2.0154974385197142e+00   8.0706803833405838e-01   0.0000000000000000e+00
  -1.6666935558800084e+00  -9.4008449696150542e-01   1.0809116270599231e+00   2.6303507885180371e+00   8.3963703821979818e-01   2.0256494967280942e+00   7.9642164974209873e-01   0.0000000000000000e+00
  -1.6636086269297881e+00  -9.2941041223796383e-01   1.1003711175942932e+00   2.6298174062006789e+00   1.7895879461176534e+00   8.5733415003203350e-01   2.0355917541470130e+00   7.8579668562765048e-01
  -1.6603064325702075e+00  -9.1853476718027727e-01   1.1196963165369147e+00   2.6290477813555144e+00   1.8028546810746815e+00   8.7508870637203484e-01   2.0453233320153283e+00   7.7519576759104281e-01
  -1.6567865990296262e+00  -9.0745848896528791e-01   1.1388849708479489e+00   2.6280423881939949e+00   1.8160203446669652e+00   8.9289813880082913e-01   2.0548433868703788e+00   7.6462150855032385e-01
  -1.6530487882576639e+00  -8.9618253638266743e-01   1.1579348525212902e+00   2.6268017351539688e+00   1.8290822561535998e+00   9.1075986162135525e-01   2.0641511042388681e+00   7.5407651994729619e-01
  -1.6490926919979390e+00  -8.8470790342453565e-01   1.1768437513118482e+00   2.6253263690649629e+00   1.8420377517546915e+00   9.2867128067328841e-01   2.0732457095137349e+00   7.4356340431204493e-01
  -8.7303562394959988e-01   1.1956094814389642e+00   2.6236168711137742e+00   1.8548841802500708e+00   9.4662978579972812e-01   2.0821264525279530e+00   7.3308475538238504e-01   0.0000000000000000e+00
  -8.6116675840646439e-01   1.2142298803570784e+00   1.8676189045953118e+00   9.6463275793971470e-01   2.0907926261704799e+00   1.9218941081737486e+00   7.2264316109966120e-01   0.0000000000000000e+00
  -8.4910240346735288e-01   1.2327028065192267e+00   1.8802393066306928e+00   9.8267756763329717e-01   2.0992435487486851e+00   1.9047623390375452e+00   7.1224120225556276e-01   0.0000000000000000e+00
  -8.3684369243939272e-01   1.2510261413285322e+00   1.8927427806864887e+00   1.0007615695612155e+00   2.1074785739382365e+00   1.8875061915555078e+00   7.0188144465962632e-01   0.0000000000000000e+00
  -8.2439178528614154e-01   1.2691977956003031e+00   1.9051267393229556e+00   1.0188821166390269e+00   2.1154970953137981e+00   1.8701281338867173e+00   6.9156645435383213e-01   0.0000000000000000e+00
  -8.1174788638659168e-01   1.2872156949580222e+00   1.9173886090834662e+00   1.0370365421922272e+00   2.1232985315513253e+00   1.8526306670038823e+00   6.8129877830351027e-01   0.0000000000000000e+00
  -7.9891322136831455e-01   1.3050777949614789e+00   1.9295258375725188e+00   1.0552221767275802e+00   2.1308823386092439e+00   1.8350162990412853e+00   6.7108095975651350e-01   0.0000000000000000e+00
  -7.8588905380521989e-01   1.3227820788069262e+00   1.9415358889758776e+00   1.0734363426445721e+00   2.1382480112552584e+00   1.8172875593422193e+00   6.6091553136193326e-01   0.0000000000000000e+00
  -7.7267668261833278e-01   1.3403265458844233e+00   1.9534162415729603e+00   1.0916763455646203e+00   2.1453950711181586e+00   1.7994469918663254e+00   6.5080500840066657e-01   0.0000000000000000e+00
  -7.5927743408376513e-01   1.3577092306883667e+00   1.9651643999401123e+00   1.1099394940889120e+00   2.1523230770435786e+00   1.7814971608169043e+00   6.4075190250943093e-01   0.0000000000000000e+00
  -2.0902765337700986e+00   1.3749281874664652e+00   1.9767778792497790e+00   2.1590316221599406e+00   1.7634406486676903e+00   6.3075870705550940e-01   0.0000000000000000e+00   0.0000000000000000e+00
  -2.1013370874048882e+00   1.3919814941153721e+00   1.9882542196185531e+00   2.1655203349373848e+00   1.7452800415229766e+00   6.2082790727640014e-01   0.0000000000000000e+00   0.0000000000000000e+00
  -2.1122548313013003e+00   1.4088672604846597e+00   1.9995909820129227e+00   2.1717888755463188e+00   1.7270179558651551e+00   6.1096197216538350e-01  -3.2881871734176465e-01   0.0000000000000000e+00
  -2.1230275327732278e+00   1.4255836166677140e+00   2.0107857400973463e+00   2.1778369403823361e+00   1.7086570138602339e+00   6.0116335910716601e-01  -3.1892575057646139e-01   0.0000000000000000e+00
  -2.1336529855521076e+00   1.4421287274592398e+00   2.0218360973239413e+00   2.1836642594660383e+00   1.6901998572460935e+00   5.9143451376576095e-01  -3.0906345005682795e-01  -1.4195328438612251e+00
  -2.1441289999226933e+00   1.4585007745768799e+00   2.0327396706540819e+00   2.1892705989020413e+00   1.6716491344535578e+00   5.8177786133065490e-01  -2.9923457736538001e-01  -1.4313328668276804e+00
  -2.1544534101153268e+00   1.4746979765332697e+00   2.0434941047805788e+00   2.1946557573906138e+00   1.6530075173143108e+00   5.7219581716997081e-01  -2.8944188455306169e-01  -1.4429285073603821e+00
  -2.1646240726979471e+00   1.4907185734266641e+00   2.0540970632442050e+00   2.1998195695579001e+00   1.6342776816578317e+00   5.6269078217027113e-01  -2.7968811695555768e-01  -1.4543187906228221e+00
  -2.1746388637071967e+00   1.5065608311102066e+00   2.0645462307526397e+00   2.2047619028423151e+00   1.6154623217634860e+00   5.5326513580891501e-01  -2.6997600583664927e-01  -1.4655027807502874e+00
  -2.1844956854439026e+00   1.5222230500682812e+00   2.0748393175381499e+00   2.2094826611175069e+00   1.5965641450209700e+00   5.4392124777931983e-01  -2.6030827545892138e-01  -1.4764795757285103e+00
  -2.1941924609918351e+00   1.5377035544993096e+00   2.0849740543706545e+00   2.2139817817999732e+00   1.5775858638093379e+00   5.3466146778832491e-01  -2.5068763843339681e-01  -1.4872483107760945e+00
  -2.2037271376111476e+00   1.5530006997547356e+00   2.0949481990222969e+00   2.2182592388728426e+00   1.5585302123932356e+00   5.2548812986559645e-01  -2.4111679570810424e-01  -1.4978081508816070e+00
  -2.2130976854377327e+00   1.5681128663353301e+00   2.1047595280699789e+00   2.2223150371737219e+00   1.5393999245138461e+00   5.1640354675731825e-01  -2.3159843398586369e-01  -1.5081583064303323e+00
  -2.2223020985062245e+00   1.5830384661493386e+00   2.1144058465274465e+00   2.2261492207285838e+00   1.5201977533837792e+00   5.0741002115121703e-01  -2.2213523311289540e-01  -1.5182980163772242e+00
  -2.2313383998407743e+00   1.5977759408242966e+00   2.1238849833701154e+00   2.2297618654383577e+00   1.5009264587690383e+00   4.9850983198412951e-01  -2.1272985417799734e-01  -1.5282265627058738e+00
  -2.2402046290261244e+00  -2.6711500223984197e-01   2.1331947915844580e+00   2.2331530800802670e+00   1.4815888081487676e+00   4.8970523624291845e-01  -2.0338494606433008e-01  -1.5379432500470194e+00
  -2.2488988567259871e+00  -2.6720073157931529e-01  -1.0103610273156123e+00   2.1423331492690907e+00   2.2363230130044585e+00   1.4621875827170796e+00  -1.9410314536892767e-01  -1.5474474372209637e+00
  -2.2574191768418448e+00  -2.6746666863447494e-01  -1.0263433352378046e+00   2.1512979623553425e+00   2.2392718415402091e+00   1.4427255695716896e+00  -1.8488707099103366e-01  -1.5567385036520991e+00
  -2.2657637115346518e+00  -2.6791243539827381e-01  -1.0421533832889223e+00   2.1600871608582715e+00   2.2419997830525431e+00   1.4232055606632732e+00  -1.7573933068596312e-01  -1.5658158777135558e+00
  -2.2739306049689620e+00  -2.6853761873884807e-01  -1.0577895099453491e+00   2.1686987016785797e+00   1.4036303635253626e+00  -1.6666251348549729e-01  -3.2414361976363865e-01  -1.5746790144378005e+00
  -2.2819180325792749e+00  -2.6934177228978523e-01  -1.0732500843138209e+00   2.1771305707146253e+00   1.3840027889724846e+00  -1.5765919071479581e-01  -3.1597605913535787e-01  -1.5833274088312548e+00
  -2.2897241919486020e+00  -2.7032440541893726e-01  -1.0885335145471864e+00   2.1853807775005989e+00   1.3643256502820966e+00  -1.4873192006988714e-01  -3.0794630631889719e-01  -1.5917605970922906e+00
  -2.2973473106776763e+00  -2.7148499577453261e-01  -1.1036382288566071e+00   2.1934473626527562e+00   1.3446017744878083e+00  -1.3988324171158792e-01  -3.0005631089366852e-01  -1.5999781443046268e+00
  -2.3047856421581363e+00  -2.7282297895730395e-01  -1.1185626913973614e+00   2.2013283909357657e+00   1.3248339897756518e+00  -1.3111567568772484e-01  -2.9230799395184193e-01  -1.6079796601159360e+00
  -2.3120374669594885e+00  -2.7433775799681204e-01   6.4533226243516828e-01  -1.1333053881642190e+00   2.2090219589242466e+00  -1.2243172488380064e-01  -2.8470325052208506e-01  -1.6157647830228070e+00
  -2.3191010971641011e+00  -2.7602869961877852e-01   6.3168587202334181e-01  -1.1478648488484309e+00   2.2165261901401210e+00  -1.1383387666384692e-01  -2.7724394724058427e-01  -1.6233331933381288e+00
  -2.3259748689992290e+00  -2.7789512882584194e-01   6.1785834181981480e-01  -1.1622396232255365e+00   2.2238392370081215e+00  -1.0532459437796481e-01  -2.6993191974881192e-01  -1.6306846068240113e+00
  -2.3326571485843313e+00  -2.7993633833639453e-01   6.0385112263319562e-01  -1.1764282963625838e+00   6.6715159156090276e-02  -9.6906321654694497e-02  -2.6276897306719832e-01  -1.6378187746191462e+00
  -2.3391463319450394e+00  -2.8215157960805831e-01   5.8966569142407987e-01  -1.1904294813545837e+00   4.5282745418258608e-02  -8.8581484263796112e-02  -2.5575688389756807e-01  -1.6447354882925578e+00
  -2.3454408442803318e+00  -2.8454007491318550e-01   5.7530355326754135e-01  -1.2042418305306717e+00   2.3924932633614494e-02  -8.0352488987791251e-02  -2.4889740377742647e-01  -1.6514345697828474e+00
  -2.3515391362004934e+00  -2.8710100081205703e-01   5.6076624934274300e-01  -1.2178640232949463e+00   2.6445080257991374e-03  -7.2221717123906806e-02  -2.4219224545339851e-01  -1.6579158890769436e+00
  -2.8983350650599993e-01   5.4605535780948145e-01  -1.2312947621121941e+00  -1.8555750992423417e-02  -6.4191529661949284e-02  -2.3564309776619899e-01  -1.6641793364765767e+00   0.0000000000000000e+00
  -1.7870371234517202e+00  -2.9273670282195002e-01   5.3117247314060934e-01  -1.2445327973287512e+00  -3.9673092403284295e-02  -5.6264267330894201e-02  -2.2925161436116528e-01  -1.6702248565290152e+00
  -1.8034199341374901e+00  -2.9580966002328879e-01   5.1611923372759494e-01  -1.2575768997063490e+00  -6.0704767333203048e-02  -4.8442245961330239e-02  -2.2301941723248198e-01  -1.6760524175875342e+00
  -1.8197173601522305e+00  -2.9905141717511341e-01   5.0089730544776889e-01  -1.2704258773581052e+00  -8.1648045841590342e-02  -4.0727759115561639e-02  -2.1694810158162622e-01  -1.6816620279995687e+00
  -1.8359267513600548e+00  -3.0246097515537496e-01   4.8550837602621721e-01  -1.2830785743809245e+00  -1.0250021832101899e-01  -3.3123077959509514e-02  -2.1103922595153174e-01  -1.6870537380926856e+00
  -1.8520454733178064e+00  -3.0603730415251229e-01   4.6995416871146495e-01  -1.2955338576982596e+00  -1.2325858925746148e-01  -2.5630450046614413e-02  -2.0529432148710822e-01  -1.6922276284907978e+00
  -1.8680709041605810e+00  -3.0977933523029982e-01   4.5423644637936622e-01  -1.3077906317452725e+00  -1.4392047328556126e-01  -1.8252091861047978e-02  -1.9971487900178925e-01  -1.6971838161509605e+00
  -1.8840004318301609e+00   4.3835698026678011e-01  -1.3198478404443743e+00   2.7868634692451899e-01  -1.6448321742689034e-01  -1.0990206842150520e-02  -1.9430236416548194e-01  -1.7019224608691574e+00
  -1.8998314606555111e+00   4.2231758582122714e-01  -1.3317044509485794e+00   2.8746046815063214e-01  -1.8494416714775139e-01  -3.8469669123371891e-03  -1.8905821035875059e-01   0.0000000000000000e+00
  -1.9155614005384356e+00  -3.8254257860999780e-01   4.0612009989952869e-01   2.9625344927465835e-01  -2.0530070394177630e-01   3.1754871003850218e-03  -1.8398381033669517e-01  -1.2362318517198700e+00
  -1.9311876870538474e+00  -3.8133591465469691e-01   3.8976639557492865e-01   3.0506272514905841e-01  -2.2555021700483524e-01   1.0075028583635971e-02  -1.7908053125960754e-01  -1.2561227793093421e+00
  -1.9467077588202513e+00  -3.8030260465641169e-01  -1.1747104684742025e-01   3.7325836404753931e-01   3.1388572499142303e-01  -2.4569011883873482e-01  -1.7434970086215634e-01  -1.2760123227826532e+00
  -1.9621190741703542e+00  -3.7944292611565783e-01  -1.2702892602997995e-01   3.5659793127797279e-01   3.2271987858712881e-01  -2.6571783701448859e-01  -1.6979261233266077e-01  -1.2958974682730247e+00
  -1.9774191065227966e+00  -3.7875712537948231e-01  -1.3666512681799745e-01   3.3978704745259619e-01   3.3156260748522171e-01  -2.8563082863022510e-01  -1.6541053362568661e-01  -1.3157751940868130e+00
  -1.9926053397108616e+00  -3.7824540675032492e-01  -1.4637700421098385e-01   3.2282768965162317e-01   3.4041133654093875e-01  -3.0542656052263439e-01  -1.6120468861552584e-01  -1.3356424754292187e+00
  -2.0076752782142475e+00  -3.7790793956084279e-01  -3.0139581924894698e-01  -1.5616189248629953e-01   3.0572186292042586e-01   3.4926348724584400e-01  -3.2510252933609068e-01  -1.3554962837114253e+00
  -2.0226264435630719e+00  -3.7774487161803488e-01  -3.1079830949229426e-01  -1.6601711364124186e-01   2.8847159664061828e-01   3.5811647841302435e-01  -3.4465624871367567e-01  -1.3753335908921025e+00
  -2.0374563653780067e+00  -3.7775629364861968e-01  -3.2017618466234382e-01  -1.7593997733986530e-01   2.7107895097449775e-01   3.6696773457228998e-01  -3.6408525184483465e-01  -1.3951513536352795e+00
  -2.0521626033314275e+00  -3.7794228108072631e-01  -3.2952693156475887e-01  -1.8592777848472616e-01   2.5354600486130713e-01   3.7581467509672739e-01  -3.8338709761894574e-01  -1.4149465444356311e+00
  -2.0667427206172460e+00  -3.7830285921758239e-01  -3.3884805222709796e-01  -1.9597779611432448e-01   2.3587486698757631e-01   3.8465471992262057e-01  -4.0255936833361849e-01  -1.4347161208797197e+00
  -2.0811943058312505e+00  -3.4813704859256311e-01  -2.0608730113538443e-01   2.1806767095418791e-01   3.9348529241829483e-01   2.0235828656948942e+00  -4.2159966909141222e-01  -1.4544570437583384e+00
  -2.0955149639492046e+00  -3.5739143355240832e-01  -2.1625354915656525e-01   2.0012657398752970e-01   4.0230381805270754e-01   2.0391666004252191e+00  -1.4741662722962083e+00   0.0000000000000000e+00
  -2.1097023156142933e+00  -3.6660872115201210e-01   1.0552138994061318e+00  -2.2647378642586816e-01   1.8205375638921448e-01   4.1110772018812664e-01   2.0546283108436887e+00  -1.4938407662882465e+00
  -2.1237540068186203e+00  -3.7578643532553041e-01   1.0656628504529317e+00  -2.3674524773866065e-01   9.6424485099087764e-01   4.1989442984230613e-01   2.0699655494080540e+00  -1.5134774884559228e+00
  -2.1376676929960396e+00  -3.8492210487606499e-01   1.0759125531864713e+00  -2.4706515725728484e-01   9.4637967497494946e-01   4.2866137746029370e-01   2.0851758788302583e+00  -1.5330733959517207e+00
  -2.1514410575558114e+00  -3.9401326962553951e-01   1.0859623160348326e+00  -2.5743072779632331e-01   9.2838166169882375e-01   4.3740599838936650e-01   2.1002568839268450e+00  -1.5526254545769707e+00
  -2.1650717991312898e+00  -4.0305747159641941e-01   1.0958114836613191e+00  -8.8617365316709429e-01  -2.6783916670432084e-01   4.4612573300042685e-01   2.1152061650939329e+00  -1.5721306300434539e+00
  -2.1785576348670816e+00  -4.1205226809357526e-01   1.1054594385670904e+00  -8.6845200086091967e-01  -2.7828766775135438e-01   4.5481802520564929e-01   2.1300213370446963e+00  -1.5915858840949413e+00
  -2.1918963071107074e+00  -4.2099521890906910e-01   1.1149055942010813e+00  -8.5057733900431043e-01  -2.8877342155966096e-01   4.6348032217338014e-01   2.1447000388262119e+00  -1.6109881898710987e+00
  -2.2050855777879210e+00  -4.2988389613248712e-01   1.1241494010727360e+00  -8.3255170218792218e-01  -2.9929360593931703e-01   4.7211008099758262e-01   2.1592399258231243e+00  -1.6303345219083203e+00
  -2.2181232269117115e+00  -4.3871587951264995e-01   1.1331903494256081e+00  -8.1437715850975123e-01  -3.0984539569516550e-01   4.8070475879028879e-01   2.1736386705840092e+00   0.0000000000000000e+00
  -2.2310070579089194e+00  -4.4748875766030838e-01   4.8307276475702848e-01   1.1420279562009861e+00  -7.9605579647326885e-01  -3.2042595586793959e-01   4.8926182439195309e-01   2.1878939676346265e+00
  -2.2437348966428834e+00  -4.5620013327056619e-01   4.9956078581473312e-01   1.1506617769842737e+00  -7.7758972838067497e-01  -3.3103244979505958e-01   4.9777875294025270e-01   2.2020035285298847e+00
  -2.2563045904101204e+00  -4.6484761590487267e-01   5.1588557409696234e-01   1.1590914055889880e+00  -7.5898109419786353e-01  -3.4166202929673728e-01   5.0625302044911902e-01   2.2159650867913321e+00
  -2.2687140084794688e+00  -4.7342882636826888e-01   5.3204523867649267e-01   1.1673164674384924e+00  -7.4023205173073625e-01  -3.5231184669382043e-01   5.1468212236619870e-01   2.2297763976569986e+00
  -2.2809610432926122e+00  -4.8194139677240155e-01   5.4803793214501484e-01   1.1753366250848085e+00  -7.2134479272339647e-01  -3.6297904532647601e-01   5.2306355027367013e-01   2.2434352346212521e+00
  -2.2930436112279073e+00  -4.9038297213175774e-01   5.6386183032278281e-01   1.1831515768518079e+00  -7.0232152112418877e-01  -3.7366076766149331e-01   2.2569393940197826e+00   0.0000000000000000e+00
  -4.9875120526582545e-01   5.7951513707123503e-01   1.1907610555304982e+00  -6.8316446952411225e-01  -3.8435415381918114e-01   5.1153230692353813e-01   1.8719427101553650e+00   2.2702866932152559e+00
  -5.0704376601265777e-01   5.9499609602836101e-01   1.1981648298487770e+00  -6.6387589027296490e-01  -3.9505633615654828e-01   5.3309507983223658e-01   1.8563256044906309e+00   2.2834749733429689e+00
  -5.1525833686880607e-01   6.1030297018372137e-01   1.2053626991069808e+00  -6.4445806461271826e-01  -4.0576445308499082e-01   5.5468647891239931e-01   1.8406195475670961e+00   2.2965020956986355e+00
  -5.2339260574620372e-01   6.2543406621601361e-01   1.2123545098658328e+00  -6.2491328595478368e-01  -4.1647562981630459e-01   5.7630370407690568e-01   1.8248272419248819e+00   2.3093659446215948e+00
  -5.3144428183842962e-01   6.4038771871352451e-01   1.2191401323546400e+00  -6.0524387465486162e-01  -4.2718700088930561e-01   5.9794393705293281e-01   1.8089514196229035e+00   2.3220644286765748e+00
  -5.3941108729422571e-01   6.5516228600728799e-01   1.2257194749782352e+00  -5.8545217453627818e-01  -4.3789569727550925e-01   6.1960435776535072e-01   1.7929948113286369e+00   2.3345954789675205e+00
  -5.4729075286477535e-01   6.6975617240777918e-01   1.2320924835037670e+00  -5.6554054364116568e-01  -4.4859884565926611e-01   6.4128214479283363e-01   1.7769601616376869e+00   2.3469570507080419e+00
  -5.5508102668095638e-01   6.8416781039725616e-01   1.2382591417060136e+00  -5.4551136257298494e-01  -4.5929357707730140e-01   6.6297446823878003e-01   2.3591471230974168e+00   2.0767721226343519e-01
  -5.6277967391767736e-01   6.9839565574825124e-01   1.2442194606117580e+00  -5.2536703866791923e-01   6.8467849378145773e-01   2.3711637009423554e+00   2.0798851209381108e-01   0.0000000000000000e+00
  -5.7038446948935917e-01   7.1243821239477301e-01   1.2499734936343838e+00  -5.0510998641448079e-01   7.0639138740257246e-01   2.3830048117719635e+00   2.0848346629791922e-01   0.0000000000000000e+00
  -5.7789320990979587e-01   7.2629400889045115e-01   1.2555213230875186e+00  -4.8474265197615574e-01   7.2811030615952976e-01   2.3946685091671434e+00   2.0916245624754082e-01   0.0000000000000000e+00
  -5.8530369880135513e-01   7.3996160899754260e-01   1.2608630748791478e+00  -4.6426748857775679e-01   7.4983240887778069e-01   2.4061528728743760e+00   2.1002582916428172e-01   0.0000000000000000e+00
  -5.9261376517308528e-01   7.5343961090947953e-01   1.2659989008782653e+00  -4.4368697754175429e-01   7.7155484911540262e-01   2.1107389786129932e-01   0.0000000000000000e+00   0.0000000000000000e+00
  -5.9982124684067695e-01   7.6672664901262511e-01   1.2709289951006972e+00  -4.2300361493422128e-01   7.9327478195005785e-01   2.1040055829650584e+00   2.0019036560948713e+00   2.1230693302011786e-01
  -6.0692400385877177e-01   7.7982138695428838e-01   1.2756535790579100e+00  -4.0221991317369615e-01   8.1498935353759594e-01   2.1040515054726985e+00   1.9924396735810519e+00   2.1372516936904254e-01
  -6.1391990852464506e-01   7.9272252709055113e-01   1.2801729165353410e+00  -3.8133840130616142e-01   8.3669571989135250e-01   2.1038807178374008e+00   1.9828368359311599e+00   2.1532880901642512e-01
   8.0542880929153016e-01   1.2844873037789415e+00  -3.6036162748677691e-01   8.5839102751858698e-01   2.1034940013187899e+00   1.9730972944051797e+00   2.1711800981023180e-01   0.0000000000000000e+00
   8.1793900123368235e-01  -2.3531081761873009e+00  -3.3929215733413487e-01   8.8007242625011706e-01   2.1028921685816933e+00   1.9632232190688732e+00   2.1909289405774349e-01   0.0000000000000000e+00
   8.3025191328069137e-01  -2.3467535924238243e+00  -3.1813256473037482e-01   9.0173706524172670e-01   2.1020760690719067e+00   1.9532168004134003e+00   2.2125355113871184e-01   0.0000000000000000e+00
   8.4236638616930537e-01  -2.3401695773948856e+00  -2.9688545142276074e-01   9.2338209443524522e-01   2.1010465819439146e+00   1.9430802490582326e+00   2.2360002444291330e-01   0.0000000000000000e+00
  -2.3333565782482291e+00  -2.7555342406206446e-01   9.4500466493638813e-01   2.0998046250765268e+00   1.9328157973967406e+00   2.2613232998882563e-01   0.0000000000000000e+00   0.0000000000000000e+00
  -2.3263150728934594e+00  -2.5413910791733746e-01   9.6660193328418420e-01   2.0983511422997423e+00   1.9224256903282568e+00   2.2885043329887389e-01   0.0000000000000000e+00   0.0000000000000000e+00
  -2.3190455807370611e+00  -2.3264514777319456e-01   9.8817104894756458e-01   2.0966871139571914e+00   1.9119121957082001e+00   2.3175427405400478e-01   0.0000000000000000e+00   0.0000000000000000e+00
  -2.3115486479171272e+00  -2.1107418705859263e-01   1.0097091758955978e+00   2.0948135536762411e+00   1.9012775995226494e+00   2.3484374942691261e-01   0.0000000000000000e+00   0.0000000000000000e+00
  -2.3038248652044708e+00  -1.8942890220220485e-01   1.0312134711200045e+00  -7.2588134628010959e-01   2.0927315051469186e+00   1.8905242027327946e+00   2.3811872141877757e-01   0.0000000000000000e+00
  -2.2958748564253515e+00  -1.6771196781577130e-01   1.0526810981621995e+00  -7.3623542970663836e-01   2.0904420448357475e+00   1.8796543254778455e+00   2.4157900712343211e-01   0.0000000000000000e+00
  -2.2876992766243207e+00  -1.4592607763175203e-01   1.0741092284935179e+00  -7.4664556994179387e-01   2.0879462844191541e+00   2.2032396489784132e+00   1.8686703045374418e+00   2.4522439398968798e-01
  -2.2792988217508143e+00  -1.2407393702448009e-01   1.0954950306406555e+00  -7.5710920482657185e-01   2.0852453623180760e+00   2.1948074087649392e+00   1.8575744919714019e+00   2.4905462883616589e-01
  -2.2706742187043525e+00  -1.0215826316371900e-01   1.1168356806619435e+00  -7.6762375318000087e-01   2.0823404510903631e+00   2.1861400647065956e+00   1.8463692553593400e+00   2.5306941776397435e-01
  -2.2618262328939625e+00  -8.0181781482006026e-02   1.1381283666493782e+00  -7.7818662858343501e-01   2.0792327575615555e+00   2.1772383105633599e+00   1.8350569824349674e+00   2.5726843730453286e-01
  -2.2527556632256003e+00   1.1593702708992806e+00  -7.8879522855677286e-01   2.0759235142721204e+00   2.1681028779765374e+00   1.8236400687464194e+00   2.6165131445332257e-01   0.0000000000000000e+00
  -2.2434633451144719e+00   1.1805585886619281e+00  -7.9944694220918988e-01   2.0724139893100677e+00  -1.6575964436259611e+00   2.1587345390257213e+00   1.8121209313272102e+00   2.6621765348778514e-01
  -2.2339501416703151e+00   1.2016905191160734e+00  -8.1013913964832385e-01   2.0687054826757367e+00  -1.6566413845869812e+00   2.1491340943657353e+00   1.8005019978757015e+00  -1.6008945836407222e+00
  -2.2242169636505866e+00   1.2227632726909023e+00  -8.2086918782877072e-01   2.0647993214775786e+00  -1.6554893956427721e+00   2.1393023907735946e+00   1.7887857091021910e+00  -1.5937336970178562e+00
  -2.2142647457767439e+00   1.2437740633310506e+00  -8.3163444677049669e-01   2.0606968640641519e+00  -1.6541416038346395e+00   2.1292403088521215e+00   1.7769745255301046e+00  -1.5864338007179672e+00
  -2.2040944594694660e+00   1.2647201097781793e+00  -8.4243225317848869e-01   2.0563994989995900e+00  -1.6525991685059789e+00   2.1189487627656929e+00   1.7650709091910273e+00  -1.5789970145276422e+00
  -2.1937071101037420e+00   1.2855986485942370e+00  -8.5325994654372495e-01   2.0519086506668249e+00  -1.6508632830940078e+00   2.1084287070166297e+00   1.7530773491395615e+00  -1.5714254796247762e+00
  -2.1831037430709195e+00  -8.6411485718736669e-01   2.0472257632836830e+00  -1.6489351620490991e+00   2.0976811341510335e+00   1.7409963338334156e+00  -1.5637213518431403e+00   0.0000000000000000e+00
  -2.1722854288349338e+00  -8.7499429907745707e-01   2.0423523182263281e+00  -8.9980614524903879e-01  -1.6468160617836007e+00   2.0867070675800137e+00   1.7288303693390348e+00  -1.5558868136976671e+00
  -2.1612532781587532e+00  -8.8589559016320873e-01   2.0372898259937759e+00  -9.2123754163322991e-01  -1.6445072650708310e+00   2.0755075705117494e+00   1.7165819773459912e+00  -1.5479240630140261e+00
  -2.1500084305216181e+00  -8.9681603115031017e-01   2.0320398220469147e+00  -9.4265520038337502e-01  -1.6420100836689673e+00   2.0640837406916628e+00   1.7042536796086833e+00  -1.5398353147248036e+00
