   1.7866545556081674e+00
   1.8900558586963307e+00
   1.9867184610392177e+00
   2.0759464435203108e+00
   2.1570697874201352e+00
   2.2294487825955493e+00
   2.2924784495655905e+00
   2.3455928767287495e+00
   2.3882680894750394e+00
   2.4200237714112016e+00
   2.4404271160016879e+00
   2.4490982497177778e+00
   2.4457134973069836e+00
   2.4300051639215106e+00
   2.4017653548075897e+00
   2.3608505460014824e+00
   2.3071818313046446e+00
   2.2407467390843898e+00
   2.1616016090009826e+00
   2.0698724489694134e+00
   1.9657574785998475e+00
   1.8495251474578116e+00
   1.7215148344516926e+00
   1.5821370393654617e+00
   1.4318727816259207e+00
   1.2712724624483807e+00
   1.1009541923978483e+00
   9.2160113426187718e-01
   7.3395863722759536e-01
   5.3883068596000439e-01
   3.3707612720043029e-01
   1.2960483007053614e-01
  -8.2626446846803037e-02
  -2.9861897612204846e-01
  -5.1733799185217044e-01
  -7.3771751985125378e-01
  -9.5866553905099683e-01
  -1.1790696682900030e+00
  -1.3978025813572226e+00
  -1.6137295238324838e+00
  -1.8257147781706418e+00
  -2.0326257361001070e+00
  -2.2333437530479783e+00
  -2.4267669739603561e+00
  -2.6118163065558586e+00
  -2.7874395694832903e+00
  -2.9526181933733229e+00
  -3.1063744388956849e+00
  -3.2477754469459650e+00
  -3.3759374103318036e+00
  -3.4900309214965666e+00
  -3.5892847144973996e+00
  -3.6729912485788172e+00
  -3.7405095403859030e+00
  -3.7912701498754977e+00
  -3.8247797567092898e+00
  -3.8406225530571505e+00
  -3.8384650218191392e+00
  -3.8180579815938764e+00
  -3.7792381225859861e+00
  -3.7219295907805980e+00
  -3.6461455509137051e+00
  -3.5519902359828159e+00
  -3.4396617676690582e+00
  -3.3094525619520674e+00
  -3.1617498159161279e+00
  -2.9970347812587237e+00
  -2.8158796051124750e+00
  -2.6189483104965805e+00
  -2.4069935892539163e+00
  -2.1808521033653472e+00
  -1.9414435414103435e+00
  -1.6897663593579273e+00
  -1.4268937703400923e+00
  -1.1539687140559971e+00
  -8.7219834113806782e-01
  -5.8284787825524709e-01
  -2.8723530467480485e-01
   1.3275486036389747e-02
   3.1728250726516666e-01
   6.2335256407588824e-01
   9.3002927474009611e-01
   1.2358398384457885e+00
   1.5393033017765541e+00
   1.8389384682942540e+00
   2.1332714887568605e+00
   2.4208435606745087e+00
   2.7002178209986738e+00
   2.9699867243523856e+00
   3.2287790232358060e+00
   3.4752659187366279e+00
   3.7081669302617577e+00
   3.9262562905117275e+00
   4.1283689599117537e+00
   4.3134076760554212e+00
   4.4803470833972909e+00
   4.6282369529912009e+00
   4.7562071175625125e+00
   4.8634699943870485e+00
   4.9493275506634706e+00
   5.0131734141788691e+00
   5.0544965030786662e+00
   5.0728854086090918e+00
   5.0680274376145871e+00
   5.0397140013652599e+00
   4.9878428266656192e+00
   4.9124184230944401e+00
   4.8135567680646858e+00
   4.6914844466167098e+00
   4.5465368292653023e+00
   4.3791592041519820e+00
   4.1899072209096833e+00
   3.9794490892031571e+00
   3.7485609356268874e+00
   3.4981248358977046e+00
   3.2291287765467187e+00
   2.9426619421112048e+00
   2.6399104635322819e+00
   2.3221517935710074e+00
   1.9907493161305689e+00
   1.6471506964977847e+00
   1.2928787190092945e+00
   9.2952210375256394e-01
   5.5873048370629075e-01
   1.8220392962328658e-01
  -1.9831480709086161e-01
  -5.8104706854648236e-01
  -9.6418863571797098e-01
  -1.3459173750555351e+00
  -1.7244042444284171e+00
  -2.0978240211753620e+00
  -2.4643651186431175e+00
  -2.8222374525333160e+00
  -3.1696851774924224e+00
  -3.5049940884120692e+00
  -3.8264924724510654e+00
  -4.1325664508248439e+00
  -4.4216756385113190e+00
  -4.6923528518794209e+00
  -4.9432075327672953e+00
  -5.1729344745839958e+00
  -5.3803218624253333e+00
  -5.5642569723937161e+00
  -5.7237322372746329e+00
  -5.8578495761097535e+00
  -5.9658226601835125e+00
  -6.0469815495561079e+00
  -6.1007767462618512e+00
  -6.1267831549929701e+00
  -6.1247019666234648e+00
  -6.0943626142019438e+00
  -6.0357248264436612e+00
  -5.9488785556199115e+00
  -5.8340448439263257e+00
  -5.6915735947747867e+00
  -5.5219487596743333e+00
  -5.3257882705908708e+00
  -5.1038394458303475e+00
  -4.8569763089909372e+00
  -4.5861993836322918e+00
  -4.2926292683178957e+00
  -3.9775022823857977e+00
  -3.6421663761869740e+00
  -3.2880753402249105e+00
  -2.9167838355723119e+00
  -2.5299415670875858e+00
  -2.1292837222257668e+00
  -1.7166227101758880e+00
  -1.2938392118918001e+00
  -8.6287271227074935e-01
  -4.2571234345232900e-01
   1.5612975792394259e-02
   4.5904468346294863e-01
   9.0250632202859615e-01
   1.3439162378605922e+00
   1.7811975856376163e+00
   2.2122869579464020e+00
   2.6351455575863816e+00
   3.0477712781371187e+00
   3.4482054440776491e+00
   3.8345433756059641e+00
   4.2049442575224427e+00
   4.5576396974525188e+00
   4.8909412726555237e+00
   5.2032480666906764e+00
   5.4930533680633653e+00
   5.7589505798901444e+00
   5.9996395888120384e+00
   6.2139335812697851e+00
   6.4007634536951619e+00
   6.5591816144939648e+00
   6.6883631699559452e+00
   6.7876080303254431e+00
   6.8563495061166675e+00
   6.8941527457846883e+00
   6.9007205784369496e+00
   6.8758929577891541e+00
   6.8196482338195299e+00
   6.7321041907119588e+00
   6.6135178095186262e+00
