   1.1534130969278962e+00  -8.8105422112014475e-01  -3.0445214675965343e-01   1.4256278435121253e-01   3.9708013545917603e-01  -2.2468376971126984e+00   2.2132674056546873e+00   2.3650083818495471e+00
   1.1703985688295599e+00  -8.6045062392795280e-01  -3.0714548730596075e-01   1.3292565687060215e-01   3.8729977198610360e-01  -2.2558514424097078e+00   2.2285841968143125e+00   2.3721667852523685e+00
   1.1872029235235855e+00  -8.3986787048391409e-01  -3.1000694510948873e-01   1.2329311509349775e-01   3.7759604881490183e-01  -2.2646906396333448e+00   2.2437543923021752e+00   2.3791190045016686e+00
   1.2038242756637010e+00  -8.1930876108560380e-01  -3.1303573184420613e-01   1.1366779047020642e-01   3.6797142519049736e-01  -2.2733533428260895e+00   2.2587752796448317e+00   2.3858633474615658e+00
   1.2202607744317937e+00  -7.9877609643369674e-01  -3.1623102705479605e-01   1.0405231428770553e-01   3.5842834423516223e-01  -2.2818376322085010e+00   2.2736441669159335e+00   2.3923981557430540e+00
   1.2365106001643342e+00  -7.7827266003798024e-01  -3.1959197910414433e-01   9.4449319447433372e-02   3.4896923685503040e-01  -2.2901416117177864e+00   2.2883583859799952e+00   2.3987218022184638e+00
   1.2525719676827280e+00  -7.5780122967573227e-01   8.4861431943209636e-02   3.3959651328070128e-01  -2.2982634126780419e+00   2.3029152877099901e+00   2.4048326903201054e+00   0.0000000000000000e+00
  -1.9537912419075440e-01   1.2684431157427303e+00   7.5291278937615100e-02   3.3031256940577208e-01  -2.3062011910398499e+00   2.3173122477391828e+00   2.4107292607386914e+00   1.4271567729773069e+00
  -1.9234452667599122e-01   1.2841223269397644e+00   6.5741485225822446e-02   3.2111978483340659e-01  -2.3139531295689482e+00   2.3315466634762885e+00   2.4164099836327102e+00   1.4071265074092425e+00
  -1.8946819596505246e-01   1.2996079090194443e+00   5.6214671693089753e-02   3.1202052092595367e-01  -2.3215174360737270e+00   2.3456159569390218e+00   2.4218733631016702e+00   1.3870391480628923e+00
  -1.8675124760799919e-01   1.3148982040903612e+00   4.6713453043386970e-02   3.0301712078159276e-01  -2.3288923496660967e+00   2.3595175732864080e+00   2.4271179390806128e+00   1.3668975220383881e+00
  -1.4067447818500586e-01  -1.8419477269461612e-01   3.7240444951973102e-02   2.9411191214493793e-01  -2.3360761314758811e+00   2.3732489833544053e+00   2.4321422844758067e+00   1.3467044630999256e+00
  -1.3265159248451822e-01  -1.8179982359945066e-01   2.7798254749658559e-02   2.8530720012186617e-01  -2.3430670741080100e+00   2.3868076823651583e+00   2.4369450066287386e+00   1.3264628101981082e+00
  -1.2473936644050310e-01  -1.7956742413233573e-01   1.8389485960568275e-02   2.7660527359296500e-01  -2.3498634957910678e+00   2.4001911914819982e+00   2.4415247451927033e+00   1.3061754054206829e+00
  -1.1694000686871979e-01  -1.7749856302212758e-01   9.0167390398808878e-03   2.6800840167855289e-01  -2.3564637440810374e+00   2.4133970583968889e+00   2.4458801772765728e+00   1.2858451015753667e+00
  -1.0925570169833711e-01  -1.7559419994596864e-01  -3.1739630722770661e-04   2.5951883172382506e-01  -2.3628661986283586e+00   2.4264228561414831e+00   2.4500100155126603e+00   1.2654747521900802e+00
  -1.0168860950987109e-01  -1.7385525551568581e-01  -9.6103316239052640e-03   2.5113879531012184e-01  -2.3690692563112514e+00   2.4392661880780362e+00   2.4539130047789142e+00   1.2450672203706739e+00
  -9.4240872733258263e-02  -1.7228262138015393e-01  -1.8859487205217056e-02   2.4287050001081292e-01  -2.3750713560535130e+00   2.4519246817717613e+00   2.4575879266737561e+00   1.2246253655396593e+00
   2.1885123628345182e-01  -8.6914610070356363e-02  -2.8062290565339688e-02   2.3471613222817672e-01  -2.3808709614978629e+00   2.4643959942426354e+00   2.4610336008831011e+00   1.2041520548401443e+00
   1.9782289613365384e-01  -7.9711914394209771e-02   2.2667785862551673e-01   2.4766778119426918e+00   2.4642488791396797e+00   1.1836501569524913e+00   0.0000000000000000e+00   0.0000000000000000e+00
   1.7688769796179463e-01  -7.2634860114078353e-02  -1.2085324953714576e+00   2.1875782253831019e-01   2.4887678495394381e+00   2.4672326526795612e+00   1.1631225444538091e+00   0.0000000000000000e+00
   1.5604833307552668e-01  -6.5685491930369572e-02  -1.2207294311152277e+00   1.0098187323472856e+00   2.1095814710721458e-01   2.5006638516498993e+00   2.4699838473991322e+00   1.1425720926283516e+00
   1.3530747537154394e-01  -5.8865835782585037e-02  -1.2327262886386874e+00  -5.1404122500097515e-01   9.9410647956534537e-01   2.5123635921278415e+00   2.4725014262379608e+00   1.1220016733073788e+00
   1.1466777546531229e-01  -5.2177887023145159e-02  -1.2445220392940457e+00  -5.3592900681130062e-01   9.7821248282337947e-01   2.5238648768140730e+00   2.4747843885438603e+00   1.1014141649900049e+00
   9.4131861051066273e-02  -4.5623622286333446e-02  -1.2561156847926618e+00  -5.5787092859093079e-01   9.6213839771923004e-01   2.5351655412542389e+00   2.4768317712856294e+00   1.0808124426505150e+00
   7.3702342828779244e-02  -3.9204988987806534e-02  -1.2675062667327404e+00  -5.7986394841098587e-01   9.4588590836560804e-01   2.5462634539207745e+00   2.4786426473998331e+00   1.0601993862394290e+00
   5.3381803845429107e-02  -3.2923910137180913e-02  -1.2786928592992592e+00  -6.0190501732726576e-01   9.2945673264258988e-01   2.5571565133102885e+00   2.4802161288016400e+00   1.0395778683844037e+00
   3.3172805763593376e-02  -2.6782281414668086e-02  -1.2896745702222747e+00  -6.2399107539721821e-01   9.1285262565465120e-01   2.5678426510933621e+00   2.4815513630194741e+00   1.0189507673036891e+00
   1.3077887431068415e-02  -1.3004505418800720e+00  -6.4611905119527624e-01   8.9607536560121459e-01   2.5783198320682583e+00   2.4826475378013964e+00   9.9832095696672651e-01   0.0000000000000000e+00
  -6.9004365790917540e-03   1.9579450364286499e+00  -1.3110199576745782e+00  -6.6828585254220474e-01   8.7912676930454381e-01   2.4835038740493394e+00   9.7769130892408340e-01   0.0000000000000000e+00
  -2.6759669464127413e-02   1.9505161639162654e+00  -1.3213820253562742e+00  -6.9048838673065838e-01   8.6200868614813153e-01   2.4841196358233777e+00   9.5706469814211781e-01   0.0000000000000000e+00
  -4.6497352392769330e-02   1.9428674591430177e+00  -1.3315359981572690e+00  -7.1272354582281117e-01   8.4472299323922706e-01   2.2824888188898531e+00   2.4844941229307289e+00   9.3644398764620884e-01
  -6.6111042501211442e-02   1.9349993199078694e+00  -1.3414811629169343e+00  -7.3498821445531182e-01   8.2727159714826459e-01   2.2692618345701052e+00   2.4846266733377163e+00   9.1583204163507181e-01
  -8.5598314293634445e-02   1.9269121766596302e+00  -1.3512168341682198e+00  -7.5727926196365802e-01   8.0965644627720923e-01   2.2558771260143415e+00   2.4845166643163932e+00   8.9523172579016796e-01
  -1.0495678562181934e-01   1.9186064913096255e+00  -1.3607423720562803e+00  -7.7959355751064818e-01   7.9187950071595226e-01   2.2423370609593696e+00   2.4841635092544161e+00   8.7464589207289378e-01
  -1.2418408549570119e-01   1.9100827713155244e+00  -1.3700571638092998e+00  -8.0192795560137531e-01   7.7394277043617865e-01   2.2286440310294666e+00   2.4835666629088160e+00   8.5407739772056490e-01
  -1.4327787689721491e-01   1.9013415492978334e+00  -1.7051431962167383e+00  -1.3791606425273490e+00  -8.2427930495184720e-01   7.5584828532358261e-01   2.2148004487444370e+00   8.3352908578837015e-01
  -1.6223584534013238e-01   1.8923834000506079e+00  -1.7227980676270536e+00  -1.3880522670872397e+00  -8.4664444998741228e-01   7.3759810231020595e-01   2.2008087455900038e+00   8.1300380038677711e-01
  -1.8105570479593697e-01   1.8832089321828673e+00  -1.7403447443186217e+00  -1.3967315399242985e+00  -8.6902022127127776e-01   7.1919431852012894e-01   2.1866713797002091e+00   7.9250437832578924e-01
  -1.9973519887326963e-01   1.8738187890885341e+00  -1.7577808187365622e+00  -1.4051979955076390e+00  -8.9140345355808204e-01   7.0063904769628360e-01   2.1723908222434369e+00   7.7203364828557686e-01
  -2.1827209291885957e-01   1.8642136521580901e+00  -1.7751038987291436e+00  -1.4134512027830459e+00  -9.1379096693569228e-01   6.8193444319982044e-01   2.1579695671672599e+00   7.5159443250860380e-01
  -2.3666418350779383e-01   1.8543942343554434e+00  -1.7923116124241771e+00  -9.3617957960032794e-01   6.6308268017691441e-01   2.1434101314712883e+00   1.9758909424693321e+00   7.3118955077631109e-01
  -2.5490930005952861e-01   1.8443612861221477e+00  -1.8094016046938863e+00  -9.5856610811303067e-01   6.4408596691812914e-01   2.1287150430448070e+00   1.9660677989260156e+00   7.1082180297605213e-01
  -2.7300529101626853e-01   1.8341155950991317e+00  -1.8263715449659725e+00  -9.8094736385829440e-01   6.2494652946006191e-01   2.1138868558275434e+00   1.9561085010337365e+00   6.9049399720295423e-01
  -2.9095004089420262e-01   1.8236579779173530e+00  -1.8432191114699303e+00  -1.0033201528991074e+00   6.0566663448462887e-01   2.0989281385474685e+00   1.9460153759764527e+00   6.7020891733291343e-01
  -3.0874146351674098e-01   1.8129892934153076e+00  -1.8599420086719276e+00  -1.0256812821931478e+00   5.8624856637759060e-01   2.0838414769931188e+00   1.9357907714606124e+00   6.4996934773181847e-01
  -3.2637749462541776e-01   1.8021104266971595e+00  -1.8765379617358997e+00  -1.0480275518514248e+00   5.6669464142893200e-01   2.0686294734524067e+00   1.9254370522277542e+00   6.2977806100949307e-01
  -3.4385610914153986e-01   1.7910223087712731e+00  -1.8930047124680700e+00  -1.0703557671633854e+00   5.4700719771310280e-01   2.0532947497450702e+00   1.9149566034439789e+00   0.0000000000000000e+00
  -3.6117530576704615e-01   1.7797258933571833e+00  -1.9093400271508374e+00  -1.0926627274477743e+00   5.2718860250879329e-01   2.0378399402609610e+00   1.9043518235810979e+00  -5.0194784729399411e-01
  -3.7833311653315982e-01   1.7682221764865622e+00  -1.9255416869494708e+00  -1.1149452308493930e+00   5.0724125121367380e-01   2.0222676978771723e+00   1.8936251299357232e+00  -5.1253879346577191e-01
  -3.9532760304230519e-01   1.7565121883699208e+00  -1.9416074980739848e+00  -1.1372000820573689e+00   4.8716755722960492e-01   2.0065806911075419e+00   1.8827789570223303e+00  -5.2314974101349299e-01
  -4.1215685749678610e-01   1.7445969894572217e+00  -1.9575352899109757e+00  -1.1594240815294043e+00   4.6696996359008863e-01   1.9907816001446861e+00   1.8718157533998263e+00  -5.3377800272536591e-01
  -4.2881900122958794e-01   1.7324776773965220e+00  -1.9733229067956979e+00  -1.1816140296365789e+00   4.4665093853934135e-01   1.9748731212634931e+00   1.8607379844053875e+00  -5.4442088810047062e-01
  -4.4531219636818858e-01   1.7201553803844425e+00  -1.9889682233691253e+00  -1.2037667341602125e+00   1.9588579647351947e+00   1.8495481288867879e+00  -5.5507569771525844e-01   1.7794800692004531e+00
   1.7076312622772134e+00  -2.0044691306907447e+00  -1.9818681324306200e+00  -1.2258790026476922e+00   1.9427388543806388e+00   1.8382486821865958e+00  -5.6573973290160950e-01   1.7978510874898310e+00
   1.6949065190319701e+00  -2.0198235453511137e+00  -1.9695122484945502e+00  -1.2479476450478373e+00   1.9265185261511992e+00   1.8268421497260632e+00  -5.7641028629527691e-01   1.8161067654417971e+00
   1.6819823848410165e+00  -2.0350294037910297e+00  -1.9570328673081967e+00  -1.2699694764976346e+00   1.9101997281395056e+00   1.8153310548216455e+00  -5.8708465276001798e-01   1.8342444665723019e+00
   1.6688601233835321e+00  -2.0500846692582710e+00  -1.9444325150246728e+00  -1.2919413154666404e+00   1.8937852205449386e+00   1.8037179308430278e+00  -5.9776011797079531e-01   1.8522615717157451e+00
   1.6555410303520122e+00  -2.0649873261683527e+00  -1.9317137338457000e+00  -1.3138599852590953e+00   1.8772777754961414e+00   1.7920053239582945e+00  -6.0843396641370218e-01   1.8701554845073527e+00
  -2.0797353818322866e+00  -1.9188790792594133e+00   1.8606801762211553e+00   1.7801957944903410e+00  -6.1910348152437511e-01   1.8879236204005660e+00   0.0000000000000000e+00   0.0000000000000000e+00
  -2.0943268716367327e+00  -1.9059311258824247e+00  -1.4143625529606010e+00   1.8439952165671405e+00   1.7682919130304016e+00  -6.2976594576427025e-01   1.9055634176116771e+00   2.2853317505455811e-01
  -2.1087598500282199e+00  -1.8928724550830829e+00  -1.3964552334013820e+00   1.7562962575967143e+00  -6.4041863397748500e-01   1.9230723327425099e+00   2.4340185075835416e-01   0.0000000000000000e+00
  -2.1230323984058987e+00  -1.8797056718643599e+00  -1.3785382882645123e+00   1.7442114238922186e+00  -6.5105883168010392e-01   1.9404478392077542e+00   2.5810975146046689e-01   0.0000000000000000e+00
  -2.1371426238809845e+00  -1.8664333866650538e+00  -1.3606146242796291e+00   1.7320400107406333e+00  -6.6168381140951771e-01   1.9576874345076765e+00   2.7265527123659355e-01   0.0000000000000000e+00
  -2.1510886569895131e+00  -1.8530582282305934e+00  -1.3426871447555373e+00   1.7197846322860002e+00  -6.7229085504894726e-01   1.9747886352569441e+00   2.8703681370845313e-01   0.0000000000000000e+00
  -2.1648686532389694e+00  -1.8395828345835039e+00  -1.3247587463284356e+00   1.7074479060503973e+00  -6.8287724139221417e-01   1.9917489779347419e+00   3.0125282315077356e-01   0.0000000000000000e+00
  -2.1784807953060068e+00  -1.8260098579732891e+00  -1.3068323251292517e+00   1.6950324638179486e+00  -6.9344024826115114e-01   2.0085660234413765e+00   3.1530177850759972e-01   0.0000000000000000e+00
  -2.1919232903038908e+00  -1.8123419615364860e+00  -1.2889107665549353e+00  -7.0397715902046676e-01   2.0252373496186267e+00   3.2918218059401738e-01   0.0000000000000000e+00   0.0000000000000000e+00
  -2.2051943712099287e+00  -1.7985818183635860e+00  -1.2709969497907050e+00  -7.1448525582273659e-01   2.0417605622148502e+00   3.4289256628473597e-01   0.0000000000000000e+00   0.0000000000000000e+00
  -2.2182922989959235e+00  -1.7847321161466416e+00  -1.2530937509992339e+00  -3.4753927275085239e-01  -7.2496182598806969e-01   2.0581332862691002e+00   3.5643150219238440e-01   0.0000000000000000e+00
  -2.2312153573996643e+00  -1.7707955473427484e+00  -1.2352040332256955e+00  -3.5473445780767171e-01  -7.3540415662005043e-01   2.0743531694937833e+00   3.6979758423751080e-01   0.0000000000000000e+00
  -1.7567748187924483e+00  -1.2173306556884631e+00  -3.6208673866258362e-01  -7.4580954074961137e-01   2.0904178856792526e+00   3.8298944152123843e-01   0.0000000000000000e+00   0.0000000000000000e+00
  -1.7426726455410551e+00  -1.1994764692030828e+00  -3.6959465236933009e-01  -7.5617527296592646e-01   2.1063251320504528e+00   3.9600574145051881e-01  -8.5062257282173737e-01   0.0000000000000000e+00
  -1.7284917503988266e+00  -1.1816443127373368e+00  -3.7725670118765753e-01  -7.6649865502319814e-01   2.1220726291868357e+00   4.0884516689928685e-01  -8.6169484536743102e-01  -2.3567924023790368e+00
  -1.7142348646741581e+00  -1.1638370205960231e+00  -3.8507136278463805e-01  -7.7677699263405964e-01   4.2150645138538084e-01  -8.7280937454076679e-01  -2.3498174631121191e+00   0.0000000000000000e+00
  -1.6999047303022978e+00  -1.1460574098756251e+00  -3.9303708118411090e-01  -7.8700759422374100e-01   4.3398834742627801e-01  -8.8396369018765764e-01  -2.3426083629009442e+00   0.0000000000000000e+00
  -1.6855040913870094e+00  -1.1283082954010570e+00  -4.0115227606255593e-01  -7.9718777438674160e-01   1.8401341197506913e+00   4.4628965085033423e-01  -8.9515530797244980e-01  -2.3351656098737048e+00
  -1.6710357051306697e+00  -1.1105924750406888e+00  -4.0941533513917272e-01  -8.0731485898385791e-01   1.8404602116167679e+00   4.5840917635378553e-01  -9.0638173700774971e-01  -2.3274897446102227e+00
  -1.6565023303259105e+00  -1.0929127430854577e+00  -4.1782462103533158e-01  -8.1738617420860393e-01   1.8405643982428910e+00   4.7034578650282566e-01  -9.1764047509231395e-01  -2.3195813498175473e+00
  -1.6419067350143135e+00  -1.0752718722812826e+00  -4.2637846950135588e-01  -8.2739905621969523e-01   1.8404475888093841e+00   4.8209836766793052e-01  -9.2892900869672401e-01  -2.3114410378661328e+00
  -1.6272516933163661e+00  -1.0576726305407134e+00  -4.3507518438221005e-01  -8.3735084851721930e-01   1.8401107265054641e+00   4.9366584114905909e-01  -9.4024482024515410e-01  -2.3030694657524551e+00
  -1.0401177720493822e+00  -4.4391304686682598e-01  -8.4723890264436374e-01   1.8395547922304654e+00   5.0504716005664452e-01  -9.5158537790779041e-01  -2.2944673262561555e+00   0.0000000000000000e+00
  -1.0226100383302563e+00  -4.5289030949387937e-01   1.8387808034127946e+00   5.1624131421845099e-01  -9.6294814524881944e-01  -4.1288095708503836e-01  -2.2856353471379420e+00   0.0000000000000000e+00
  -1.0051521527501932e+00  -4.6200519620866420e-01   1.8377898090847813e+00   5.2724733000115298e-01  -9.7433057538446055e-01  -4.1424258760061639e-01  -2.2765742899788619e+00   0.0000000000000000e+00
  -9.8774682805296410e-01  -4.7125590937711787e-01   1.8365828972779050e+00   5.3806425737687225e-01  -9.8573011648695619e-01  -4.1542488677115796e-01  -2.2672849651593587e+00   0.0000000000000000e+00
  -9.7039676427653221e-01  -4.8064061899470889e-01   1.8351611881900218e+00   5.4869119193727400e-01  -9.9714420905777446e-01  -4.1642668044091063e-01  -2.2577682062041151e+00   0.0000000000000000e+00
  -9.5310464661847150e-01  -4.9015747433912321e-01   1.8335258411795792e+00   5.5912725384089090e-01  -1.0085702872151769e+00  -4.1724683260004536e-01  -2.2480248941796339e+00   0.0000000000000000e+00
  -9.3587314359823592e-01  -4.9980459925115983e-01   1.8316780448938879e+00   5.6937160175416146e-01  -1.0200057795626580e+00  -4.1788423458517582e-01  -2.2380559405847720e+00   0.0000000000000000e+00
  -9.1870490812439887e-01  -5.0958009082707145e-01   1.8296190270323758e+00   5.7942342920514589e-01  -1.0314481071180259e+00  -4.1833780953117644e-01  -2.2278622949908122e+00   0.0000000000000000e+00
  -9.0160257426382762e-01  -5.1948201690972984e-01   1.8273500434534398e+00   5.8928196245362008e-01  -1.0428946856388950e+00  -4.1860652210244143e-01  -2.2174449439049764e+00   0.0000000000000000e+00
  -8.8456876835846454e-01  -5.2950843144475079e-01   1.8248723908791813e+00   5.9894646244299476e-01  -1.0543429323225488e+00  -4.1868935989561124e-01  -2.2068049113467594e+00   0.0000000000000000e+00
  -1.5529424758845305e+00  -5.3965735675234894e-01   1.8221873952298546e+00  -1.0657902509420387e+00  -4.1858535171897598e-01  -2.1959432558002465e+00   0.0000000000000000e+00   0.0000000000000000e+00
  -1.5504050671865246e+00  -5.4992678929491312e-01   1.8192964157603015e+00  -1.0772340495248161e+00  -4.1829355589835848e-01  -2.1848610729071591e+00   0.0000000000000000e+00   0.0000000000000000e+00
  -1.5476824435905130e+00  -5.6031470924158666e-01   1.8162008470210294e+00  -1.0886717251588378e+00  -4.1781306546527858e-01  -2.1735594949435164e+00   2.7441432922930273e+00   0.0000000000000000e+00
  -1.5447760335256611e+00  -5.7081906857656095e-01   1.8129021173098030e+00  -1.1001006805191831e+00  -4.1714300708886043e-01  -2.1620396868071690e+00   2.7382511208524360e+00   0.0000000000000000e+00
  -1.5416872971546265e+00  -5.8143779667253226e-01   1.8094016833776221e+00  -1.1115183090092760e+00  -4.1628254459820035e-01  -2.1503028496210241e+00   2.7321037545185254e+00   1.1377586168363014e+00
  -1.5384177235390253e+00  -5.9216880279522843e-01   1.8057010374241018e+00  -1.1229220044269788e+00  -4.1523087145745713e-01  -2.1383502236420826e+00   2.7257019637194655e+00   1.1511198555389637e+00
  -1.5349688307923686e+00  -6.0300997448393434e-01   1.8018017026525355e+00  -1.1343091576875546e+00  -4.1398722206042754e-01  -2.1261830825900163e+00   2.7190465633932539e+00   1.1645158978782006e+00
  -1.5313421651092709e+00  -6.1395917132418842e-01   1.7977052341059530e+00  -1.1456771632442673e+00  -4.1255085807502367e-01  -2.1138027344831247e+00   2.7121384116902743e+00   1.1779441834869764e+00
  -1.5275393035373879e+00  -6.2501423695460101e-01   1.7934132184388114e+00  -1.1570234087188984e+00  -4.1092108307580882e-01  -2.1012105236682337e+00   2.7049784040975728e+00   1.1914021491653231e+00
  -1.5235618511940803e+00  -6.3617299710306918e-01   1.7889272748431970e+00  -1.1683452862550825e+00  -4.0909723085673583e-01  -2.0884078262769665e+00   2.6975674858745027e+00   1.2048872218391011e+00
  -1.5194114394058533e+00  -6.4743324517475742e-01   1.7842490487919440e+00  -1.1796401846650457e+00  -4.0707867609168397e-01  -2.0753960556122042e+00   2.6899066376793495e+00   1.2183968130902789e+00
  -1.5150897309968341e+00  -6.5879276509546369e-01   1.7793802257055256e+00  -1.1909054937179238e+00  -4.0486482161751969e-01  -2.0621766562298376e+00   2.6819968847506654e+00   1.2319283310500668e+00
  -1.5105984081718846e+00  -6.7024931631992757e-01   1.7743225088600996e+00  -1.2021386094018811e+00  -4.0245511410438445e-01  -2.0487511157833613e+00   2.6738392958307826e+00   1.2454791783804144e+00
  -1.5059391929018426e+00  -6.8180064071931257e-01   1.7690776427654444e+00  -1.2133369245217986e+00  -3.9984902759932139e-01  -2.0351209431471484e+00   2.6654349781937032e+00   1.2590467459371844e+00
  -1.5011138225826675e+00  -6.9344445666483345e-01   1.7636473945836755e+00  -1.2244978323094784e+00  -3.9704607862692221e-01  -2.0212876888394513e+00   2.6567850805124915e+00   1.2726284219099706e+00
  -1.4961240668764084e+00  -7.5488447216506427e-01   1.7580335624898000e+00  -1.2356187313934675e+00  -3.9404581878241973e-01  -2.0072529339920009e+00   2.6478907907531180e+00   1.2862215802296155e+00
  -1.4909717194553174e+00  -7.7755837585421850e-01   7.7242318777122276e-01   1.7522379752501647e+00  -1.2466970268814230e+00  -3.9084783339110646e-01   2.6387533447251319e+00   1.2998236036661508e+00
  -1.4856586030992516e+00  -8.0019075325224354e-01   7.8523412839603535e-01   1.7462624900557655e+00  -1.2577301190748782e+00  -3.8745174484187994e-01   2.6293740092282176e+00   1.3134318516734487e+00
  -1.4801865630769042e+00  -8.2277852952018415e-01   7.9813971881480528e-01   1.7401089897377640e+00  -1.2687154186344958e+00  -3.8385721283543256e-01   2.6197540970101119e+00   1.3270436924450684e+00
  -1.4745574707650946e+00  -8.4531864250735367e-01   8.1113773209013273e-01   1.7337793890871191e+00  -3.8006393284497142e-01   2.6098949576960986e+00   1.7599583612439564e+00   1.3406564855352618e+00
  -1.4687732231098203e+00  -8.6780803044120258e-01   8.2422592352517388e-01   1.7272756279995205e+00  -3.7607163828980311e-01   2.5997979840728362e+00   1.7421905717509574e+00   1.3542675813418388e+00
  -1.4628357392287583e+00  -8.9024363578344512e-01   8.3740203197743401e-01   1.7205996725883994e+00  -3.7188009869412320e-01   2.5894646063088742e+00   1.7242514282748371e+00   1.3678743378890037e+00
  -1.4567469669679860e+00  -9.1262241580949643e-01   8.5066377320946052e-01   1.7137535184112400e+00  -3.6748911906788118e-01   2.5788962902881183e+00   1.7061432006836383e+00   1.3814740981364213e+00
  -1.4505088742475569e+00  -9.3494132974296273e-01   8.6400884757604379e-01   1.7067391894785200e+00  -3.6289854197266125e-01   2.5680945467963450e+00   1.6878681852910433e+00   1.3950642133218010e+00
  -1.4441234522984217e+00  -9.5719734020482083e-01   8.7546804772062337e-01   8.7743493542481132e-01   1.6995587295581436e+00   2.5570609199008634e+00   1.6694287051289265e+00   1.4086420227019372e+00
  -1.4375927192835614e+00  -9.7938742657159916e-01   8.5844593939411284e-01   8.9093970182761584e-01   1.6922142141880303e+00   2.5457969931390889e+00   1.6508271094886018e+00   1.4222048708188133e+00
  -1.4309187126965162e+00  -1.0015085749914370e+00   8.4149689998907751e-01   9.0452079122743700e-01   1.6847077415993799e+00   2.5343043883818974e+00   1.6320657726574133e+00   1.4357500993666390e+00
  -1.4241034954313214e+00  -1.0235577765224977e+00   8.2462348973240285e-01   9.1817583405197567e-01   2.4720598087608042e-01   2.5225847639459227e+00   1.6131470937068169e+00   1.4492750472133158e+00
  -1.4171491459928165e+00  -1.0455320346498591e+00   8.0782825666936642e-01   9.3190244203101913e-01   2.5668310638420117e-01   2.5106398180329577e+00   1.5940735016930518e+00   1.4627770558135840e+00
  -1.4100577730923367e+00  -1.0674283645659253e+00   7.9111371696081867e-01   9.4569821612295646e-01   2.6633525719027973e-01   2.4984712811430625e+00   1.5748474408659350e+00   1.4762534665153801e+00
  -1.4028315028744172e+00  -1.0892437937509956e+00   7.7448238076285725e-01   9.5956073441594436e-01   2.7616118916848126e-01   2.4860809238600905e+00   1.5554713853016520e+00   1.4897016206788296e+00
  -1.1109753567106719e+00   7.5793673288609342e-01   9.7348756310487383e-01   2.8615962061524453e-01   2.4734705477326280e+00   1.5359478338254862e+00   1.5031188590940048e+00   0.0000000000000000e+00
  -1.1071988662288104e+00  -1.1326201025154787e+00   7.4147924189150716e-01   9.8747625467605793e-01   2.9632924445158498e-01   2.4606419976185800e+00   1.5162793064910844e+00   1.5165025298496353e+00
  -1.1091349270224782e+00  -1.1541750957138557e+00   7.2511235360594650e-01   1.0015243441033224e+00   3.0666870861193857e-01   2.4475971466471576e+00   1.4964683465583399e+00   1.5298499780292771e+00
  -1.1108615753136564e+00  -1.1756374115404200e+00   7.0883849912895625e-01   1.0156293554825784e+00   3.1717663162997245e-01   2.4343379061165011e+00   1.4765175174669998e+00   1.5431585536839161e+00
  -1.1123795654699620e+00  -1.1970041371165638e+00   6.9266007663474771e-01   1.0297887967708514e+00   3.2785159363145611e-01   2.4208662197588269e+00   1.4564294079376705e+00   1.5564256068616253e+00
  -1.1136896882917697e+00  -1.2182723776094013e+00   6.7657947470546587e-01   1.0440001664557623e+00   3.3869215051987422e-01   2.4071840654743033e+00   1.4362066261217310e+00   1.5696484963277206e+00
  -1.1147927708857730e+00  -1.2394392506904397e+00   6.6059906177490513e-01   1.0582609444231754e+00   3.4969681485679371e-01   2.3932934603242764e+00   1.4158518024166562e+00   1.5828245822365137e+00
  -1.1156896706492883e+00   6.4472117667943685e-01   1.0725686046554737e+00   2.6917526573425903e+00   3.6086406973989688e-01   2.3791964465766986e+00   1.3953675879836125e+00   1.5959512306748613e+00
  -1.1163812832286792e+00   6.2894813537670902e-01   1.0869206019066944e+00   2.6955921312171602e+00   3.7219235871953532e-01   2.3648951003796350e+00   1.3747566515129288e+00   0.0000000000000000e+00
  -1.1168685314141289e+00   2.7634631180351443e-01   6.1328223918919988e-01   2.6991927906336612e+00   3.8368010432505173e-01   2.3503915393392814e+00   1.3540216834321042e+00  -6.5640296530766551e-01
  -1.1171523803896353e+00   2.5400916822676151e-01   5.9772576173846970e-01   2.7025543227577589e+00   3.9532568282160596e-01   2.3356878995350865e+00   1.3331653956897658e+00  -6.6415204170673092e-01
  -1.1172338219525821e+00   2.3164508597706296e-01  -2.5933045961228012e+00   5.8228095337424313e-01   2.7056764592625249e+00   4.0712745136382639e-01   1.3121905129632785e+00  -6.7169449913585710e-01
  -1.1171138833972118e+00   2.0925693661856176e-01  -2.6030779552279846e+00   5.6695003825497814e-01   2.7085589639391148e+00   4.1908371874804290e-01   1.2910997864880109e+00  -6.7902989523790669e-01
  -1.1167936248663830e+00   1.8684758884382532e-01  -2.6126101710641696e+00   5.5173522375597495e-01   2.7112016412040063e+00   4.3119277819640794e-01   1.2698959757456203e+00  -6.8615781600753412e-01
  -1.1162741374629805e+00   1.6441990803009213e-01  -2.6218999990305343e+00   5.3663868748173282e-01   2.7136043373398206e+00   4.4345288078485096e-01   1.2485818657305476e+00  -6.9307789442342227e-01
  -1.1155565480561045e+00   1.4197677092015637e-01  -2.6352996010535850e+00  -2.6309462330353135e+00   5.2166257902567637e-01   2.7157669299163985e+00   4.5586224665039227e-01  -6.9978979891058957e-01
  -1.1146420137586859e+00   1.1952105944234595e-01  -2.6339083670564363e+00  -2.6397477118267032e+00   5.0680903471336192e-01   2.7176893436574669e+00   4.6841907242275865e-01  -7.0629323120099852e-01
  -1.1135317209824560e+00   9.7055652525631184e-02  -2.6322958043666493e+00  -2.6483033055799488e+00   4.9208015144735623e-01   2.7193715319306149e+00   4.8112151369353640e-01  -7.1258793318552305e-01
  -1.1122268957983756e+00   7.4583428182847578e-02  -2.6304623324682619e+00  -2.6566119326838353e+00   4.7747800864887574e-01   2.7208134935876243e+00   4.9396770261359346e-01  -7.1867369061084829e-01
  -1.1107287892676854e+00   5.2107269980351187e-02  -2.6284083994465766e+00  -2.6646725462065723e+00   4.6300465496623400e-01   2.7220152604623031e+00   5.0695573567045327e-01  -7.2455032102819850e-01
  -1.1090386846946212e+00  -2.6261344843611876e+00  -2.6724841434886391e+00   4.4866212193990640e-01   2.7229769092060305e+00   8.2776977522892303e-01   5.2008368550069184e-01  -7.3021767693589812e-01
  -1.1071578981530947e+00  -2.6236410939594839e+00  -2.6800457607040182e+00   4.3445239988381862e-01   2.7236985463395382e+00   8.2701389436733075e-01  -7.3567565887566133e-01   0.0000000000000000e+00
  -1.1050877776647390e+00  -2.6209287724127375e+00  -1.2497260424301866e+00  -2.6873564770285876e+00   4.2037746228087153e-01   2.7241803258887169e+00   8.2607601545838150e-01  -7.4092419724950276e-01
  -1.1028296974662755e+00  -2.6179980858075997e+00  -1.2648913463124050e+00  -2.6944154086442285e+00   6.9064483968605672e-01   2.7244224305738514e+00   8.2495729373328175e-01  -7.4596326325017426e-01
  -1.1003850659236791e+00  -2.6148496361280844e+00  -1.2800731364076348e+00  -2.7012217153655373e+00   6.8032267236995370e-01   2.7244250874602547e+00   8.2365891391987789e-01  -7.5079286513459897e-01
  -1.0977553223796661e+00  -2.6114840522764227e+00  -1.2952688343324215e+00  -2.7077746006672685e+00   6.7011955917203481e-01   2.7241885602713949e+00   8.2218209914613150e-01  -7.5541305632064781e-01
  -1.0949419293491320e+00  -2.6079019954199354e+00  -1.3104758468929971e+00  -6.4183680519240494e-01  -2.7140733032886533e+00   2.7237131488645665e+00   8.2052809009623184e-01  -7.5982391520790882e-01
  -1.0919463879857683e+00  -2.6041041564849268e+00  -1.3256915861361931e+00  -6.2961211900726954e-01  -2.7201171103332684e+00   2.7229991910331437e+00   8.1869817038225368e-01  -7.6402556983419001e-01
  -1.0887702228853964e+00  -2.6000912547097106e+00  -1.3409134510613059e+00  -6.1750825589836689e-01  -2.7259053451563262e+00   2.7220470637808654e+00   8.1669364911886144e-01  -7.6801818182858395e-01
  -1.0854149899125447e+00  -2.5958640387533380e+00  -1.3561388371074168e+00  -6.0552721993730907e-01  -2.7314373757216650e+00   2.7208571801775077e+00   8.1451586513787277e-01  -7.7180194925574197e-01
  -1.0818822721045416e+00  -2.5914232889708573e+00  -1.3713651427879963e+00  -5.9367099974446658e-01  -2.7367126107271904e+00   2.7194299929729122e+00   8.1216618881978231e-01   0.0000000000000000e+00
  -1.0781736812826865e+00  -2.5867698137031208e+00  -6.6094412823358695e-01  -1.3865897540306134e+00  -5.8194155364839784e-01  -2.7417305019935054e+00   2.7177659914387475e+00   8.0964601721803597e-01
  -1.0742908606793435e+00  -2.5819044506273436e+00  -6.7640172522022302e-01  -1.4018100558217883e+00  -5.7034080630519723e-01  -2.7464905405687685e+00   2.7158656978952718e+00   8.0695678332633591e-01
  -1.0702354766917008e+00  -2.5768280659985177e+00  -6.9196431986811358e-01  -1.4170234315625214e+00  -5.5887067049225159e-01  -2.7509922631542842e+00   2.7137296786935270e+00   8.0409993977398742e-01
  -1.0660092244407890e+00  -2.5715415548788942e+00  -7.0762955121523818e-01  -1.4322272637990976e+00  -5.4753301937111165e-01  -2.7552352445842159e+00   2.7113585306850521e+00   8.0107697632056629e-01
  -1.0616138300589451e+00  -2.5660458440836056e+00  -7.2339504213688555e-01  -1.4474189302427132e+00  -5.3632970954917103e-01  -2.7592191064848168e+00   2.7087528932863285e+00   7.9788941013656900e-01
  -1.0570510428753490e+00  -2.5603418843981713e+00  -7.3925838881671546e-01  -1.4625958091732960e+00  -5.2526256263203885e-01  -2.7629435094235899e+00   7.9453878424289492e-01   0.0000000000000000e+00
  -2.5544306595911941e+00  -7.5521716502680381e-01  -1.4777552777368275e+00  -5.1433337892131548e-01  -2.7664081553657502e+00  -1.9160582275210684e-03  -1.2299934593231288e+00   7.9102666885846995e-01
  -2.5483131774438879e+00  -7.7126892717516937e-01  -1.4928947106485910e+00  -5.0354392787098168e-01  -2.7696127918493554e+00   5.1886869012503656e-03  -1.2279247724234248e+00   7.8735466555138056e-01
  -2.5419904773099775e+00  -7.8741120871247883e-01  -1.5080114847159685e+00  -4.9289594850764573e-01  -2.7725572062357018e+00   1.2102647789376026e-02  -1.2256440114315259e+00   7.8352440292552616e-01
  -2.5354636255937750e+00  -8.0364152284094448e-01  -1.5231029761108463e+00  -4.8239115736958132e-01  -2.7752412289507280e+00   1.8825235201020300e-02  -1.2231505034593124e+00   7.7953753655874014e-01
  -2.5287337153475744e+00  -8.1995736492518401e-01  -1.5381665627198884e+00  -4.7203123975803840e-01  -2.7776647322627013e+00   2.5355885606979399e-02  -1.2204436251540136e+00   7.7539574478671713e-01
  -2.5218018704025229e+00  -8.3635620328026516e-01  -1.5531996233123249e+00  -4.6181785033366091e-01  -2.7798276317401247e+00   3.1694083309665395e-02  -1.2175227756782507e+00   7.7110073928579437e-01
  -2.5146692360432255e+00  -8.5283549790402080e-01  -1.5681995332956242e+00  -4.5175261672483785e-01  -2.7817298838525599e+00   3.7839340244386975e-02  -1.2143873993957528e+00   7.6665425377522345e-01
  -2.5073369928792255e+00  -8.6939268577254714e-01  -1.5831636820447446e+00  -4.4183713965214166e-01  -2.7833714887589065e+00   4.3791207428935879e-02   7.6205805329586740e-01  -8.7391219256276931e-01
  -2.4998063427821591e+00  -8.8602518156908949e-01  -1.5980894519992781e+00  -4.3207298528466803e-01   4.9549268600806558e-02   7.5731391887420108e-01  -8.5170937065366670e-01   0.0000000000000000e+00
  -2.4920785142367392e+00  -9.0273038602390399e-01  -1.6129742269187977e+00  -4.2246168899334835e-01   5.5113148116612359e-02   7.5242366712177799e-01  -8.2945485951435804e-01   0.0000000000000000e+00
  -2.4841547674124307e+00  -9.1950568472978744e-01  -1.6278154024188114e+00  -4.1300476438533584e-01   6.0482503233000424e-02   7.4738913641444626e-01  -8.0715163514622168e-01   0.0000000000000000e+00
  -2.4760363839799737e+00  -9.3634844273009987e-01  -1.6426103728609931e+00  -4.0370368914302879e-01   6.5657022675594090e-02   7.4221218648865528e-01  -7.8480268398616204e-01   0.0000000000000000e+00
  -2.4677246765069238e+00  -9.5325600814117728e-01  -1.6573565393104737e+00  -3.9455990624339587e-01   7.0636439601095571e-02  -7.6241099346533070e-01   0.0000000000000000e+00   0.0000000000000000e+00
  -2.4592209784966359e+00  -9.7022571868523921e-01  -1.6720513036106770e+00  -3.8557483626361394e-01   7.5420519954166557e-02  -1.5522529078461000e+00  -1.7582513161421331e+00  -7.3997956348359450e-01
  -2.4505266541388120e+00  -9.8725488749295898e-01  -1.6866920768288083e+00  -3.7674986256757231e-01   8.0009059777412531e-02  -1.5641673779640379e+00  -1.7612973178813605e+00  -7.1751140061396745e-01
  -2.4416430911727782e+00  -1.0043408221328445e+00  -1.7012762758211277e+00  -3.6808634175260085e-01   8.4401900233147226e-02  -1.5759934753275620e+00  -1.7641559027166611e+00  -6.9500950927110372e-01
  -1.0214808113918412e+00  -1.7158013216147727e+00  -3.5958559591924322e-01   8.8598911271780087e-02  -1.5877285935119774e+00  -1.7668256560659192e+00  -6.7247690469072974e-01   0.0000000000000000e+00
  -1.0386721283170017e+00  -8.6686577816131605e-01  -3.5124891501948619e-01   9.2600003314051466e-02  -1.5993701366883815e+00  -1.7693051928885093e+00  -6.4991661011825796e-01   0.0000000000000000e+00
  -1.0559120365701058e+00  -8.5594928053481656e-01  -3.4307755896099779e-01   9.6405119742469916e-02  -1.6109155191856095e+00  -1.7715931589976912e+00  -6.2733164483761861e-01   0.0000000000000000e+00
  -1.0731977829957891e+00  -8.4504073855362349e-01  -3.3507275644826418e-01   1.0001424073589656e-01  -1.6223621689608290e+00  -1.7736882308783257e+00  -6.0472503502454900e-01   0.0000000000000000e+00
  -8.3414278624147509e-01  -3.2723570091160298e-01   1.0342738155561053e-01  -1.6337075226951765e+00  -1.7755891106960857e+00  -5.8209980877666023e-01   0.0000000000000000e+00   0.0000000000000000e+00
  -8.2325804754141652e-01  -3.1956755515016089e-01   1.0664459909808228e-01  -1.6449490326858549e+00  -1.7772945390512620e+00  -5.5945900246627689e-01   0.0000000000000000e+00   0.0000000000000000e+00
  -8.1238914348124047e-01  -3.1206944984248364e-01   1.0966597608701589e-01  -1.6560841634750825e+00  -1.7788032830116416e+00  -5.3680564482512338e-01   0.0000000000000000e+00   0.0000000000000000e+00
  -8.0153869505220166e-01  -3.0474247999872278e-01   1.1249163844197464e-01  -1.6671103935465366e+00  -1.7801141409852741e+00  -5.1414277183623491e-01   0.0000000000000000e+00   0.0000000000000000e+00
  -7.9070930962814756e-01  -2.9758771301370984e-01   1.1512174446898915e-01  -2.1720530744596855e+00  -1.6780252137281955e+00  -1.7812259456418238e+00  -4.9147342034829583e-01   0.0000000000000000e+00
  -7.7990359067423820e-01  -2.9060617481491002e-01   1.1755649049953372e-01  -2.1836303651246181e+00  -1.6888261299888783e+00  -1.7821375591089847e+00  -4.6880062293116065e-01   0.0000000000000000e+00
  -7.6912413432802584e-01  -2.8379886654413966e-01   1.1979610901375741e-01  -2.1949823555547794e+00  -1.6995106613453703e+00   9.2817371892307343e-01  -1.7828478768149245e+00  -4.4612741808932899e-01
  -7.5837353077373471e-01  -2.7716675043394406e-01   1.2184086366254702e-01  -2.2061078124598010e+00  -1.7100763455381214e+00   9.1558421661652323e-01  -1.7833558244250520e+00  -4.2345683644643262e-01
  -7.4765436460629586e-01  -2.7071075781790310e-01   1.2369105681493871e-01  -2.2170055414387710e+00  -1.7205207330333503e+00   9.0301733402805662e-01  -1.7836603618048172e+00  -4.0079191341798720e-01
  -7.3696920038694025e-01  -2.6443178052311272e-01   1.2534703069087946e-01  -2.2276743792506539e+00  -1.7308413891878454e+00   8.9047584234698618e-01  -1.7837604826131122e+00  -3.7813567843963003e-01
  -7.2632061024247951e-01   1.2680915362673142e-01  -2.2381132097105678e+00  -1.7410358998317359e+00   8.7796251404314807e-01  -1.7836552108084258e+00  -3.5549116007817450e-01   0.0000000000000000e+00
  -7.1571114491543231e-01   1.2807783470272294e-01  -2.2483209471407033e+00  -1.7511018646693970e+00   1.9292921124988838e+00   8.6548010343582316e-01  -1.7833436078651401e+00  -3.3286138739142962e-01
  -7.0514335048427401e-01   1.2915351731974303e-01  -2.2582965567250146e+00  -1.7610368991866854e+00   1.9413477054418145e+00   8.5303136230460985e-01  -1.7828247620726985e+00   2.2105627272746977e+00
  -6.9461976148188831e-01   1.3003668039107227e-01  -2.2680390348552431e+00  -1.7708386407503276e+00   1.9532850843798522e+00   8.4061903216529077e-01  -1.7820978030645143e+00   2.2157811438854154e+00
  -6.8414290231597086e-01   1.3072783978572364e-01  -2.2775474152816306e+00  -1.7805047409822279e+00   1.9651018431753762e+00   8.2824584255988420e-01  -1.7811618847387254e+00   2.2208108211627686e+00
  -6.7371528360320787e-01   1.3122754297139444e-01  -2.2868207790225981e+00  -1.7900328714726008e+00   1.9767955912319197e+00   8.1591451381154390e-01  -1.7800162035815856e+00   2.2256503146845326e+00
  -6.6333941229661930e-01   1.3153637194859652e-01  -2.2958582469443112e+00  -1.7994207225922838e+00   1.9883639578869337e+00   8.0362775873062098e-01  -1.7786599853664482e+00   2.2302982106494711e+00
  -6.5301777484052292e-01  -2.3046589690324337e+00  -1.8086660035392872e+00   1.9998045860974365e+00   7.9138827528197164e-01  -1.7770924922640290e+00   2.2347531232351412e+00   0.0000000000000000e+00
  -6.4275284855621773e-01  -2.3132221498802656e+00  -1.8177664434725425e+00  -9.2105499133200694e-02   2.0111151377644556e+00   7.7919874850504722e-01  -1.7753130207046073e+00   2.2390136961852338e+00
  -6.3254709715774837e-01  -2.3215470226492285e+00  -1.8267197911811479e+00  -9.6829773091833188e-02   2.0222932915739555e+00   7.6706185766304036e-01  -1.7733208988724121e+00   2.2430786053791900e+00
  -6.2240297440251913e-01  -2.3296328684792038e+00  -1.8355238160149920e+00  -1.0135976314131254e-01   2.0333367442741097e+00   7.5498026357961867e-01  -1.7711154944235172e+00   2.2469465549604402e+00
