   6.3779715613482333e+00
   6.5947758154872238e+00
   6.7810067789744206e+00
   6.9359248069677504e+00
   7.0589314662435170e+00
   7.1495733741312240e+00
   7.2075445329711814e+00
   7.2326847225202622e+00
   7.2249777742159145e+00
   7.1845527187978160e+00
   7.1116794035752031e+00
   7.0067705561086866e+00
   6.8703828985827178e+00
   6.7032108526179552e+00
   6.5060835982156249e+00
   6.2799663878982557e+00
   6.0259508961704142e+00
   5.7452527611528197e+00
   5.4392083048253435e+00
   5.1092684928844889e+00
   4.7569958156695229e+00
   4.3840545466221945e+00
   3.9922030960029393e+00
   3.5832884200312227e+00
   3.1592372257734200e+00
   2.7220468504822368e+00
   2.2737759666408515e+00
   1.8165354959198534e+00
   1.3524775981892228e+00
   8.8378386863677805e-01
   4.1265393141281048e-01
  -5.8705867394409014e-02
  -5.2809326076958840e-01
  -9.9332001281555515e-01
  -1.4522246239079697e+00
  -1.9026838018887067e+00
  -2.3426221555094799e+00
  -2.7700226428300128e+00
  -3.1829382807948505e+00
  -3.5794998166403955e+00
  -3.9579231438506008e+00
  -4.3165196050031351e+00
  -4.6537140211955901e+00
  -4.9680411939985101e+00
  -5.2581514067955961e+00
  -5.5228153057105294e+00
  -5.7609300258220566e+00
  -5.9715248044737219e+00
  -6.1537636674273468e+00
  -6.3069471748767363e+00
  -6.4305161274125018e+00
  -6.5240519278504738e+00
  -6.5872758602166357e+00
  -6.6200480797901040e+00
  -6.6223691360925843e+00
  -6.5943813263758626e+00
  -6.5363642744647796e+00
  -6.4487348908180850e+00
  -6.3320450538882493e+00
  -6.1869760908681393e+00
  -6.0143352690686900e+00
  -5.8150530608395288e+00
  -5.5901802722471858e+00
  -5.3408842661186711e+00
  -5.0684413318687618e+00
  -4.7742303699502004e+00
  -4.4597270874727508e+00
  -4.1264958914136072e+00
  -3.7761846945545154e+00
  -3.4105161404623239e+00
  -3.0312784526545955e+00
  -2.6403184969143574e+00
  -2.2395314612351824e+00
  -1.8308510520971113e+00
  -1.4162396226019742e+00
  -9.9767771833446350e-01
  -5.7715392927212983e-01
  -1.5665555786014160e-01
   2.6184166122472352e-01
   6.7638469562930037e-01
   1.0850534884016889e+00
   1.4859712493229440e+00
   1.8773132824051486e+00
   2.2573161802960682e+00
   2.6242868672946451e+00
   2.9766096362400547e+00
   3.3127539493974640e+00
   3.6312803493338111e+00
   3.9308462089740934e+00
   4.2102120530265177e+00
   4.4682454180792490e+00
   4.7039246752360384e+00
   4.9163421757513417e+00
   5.1047067723340902e+00
   5.2683470936784236e+00
   5.4067128072176667e+00
   5.5193737830533651e+00
   5.6060208269861764e+00
   5.6664639229790916e+00
   5.7006338422880516e+00
   5.7085814120570095e+00
   5.6904732380844383e+00
   5.6465921816066773e+00
   5.5773331455835633e+00
   5.4832001957991112e+00
   5.3648072673555429e+00
   5.2228744798358955e+00
   5.0582242858181070e+00
   4.8717757962801773e+00
   4.6645412153779811e+00
   4.4376217293698339e+00
   4.1922021880757940e+00
   3.9295485453385615e+00
   3.6509994550016414e+00
   3.3579607997725542e+00
   3.0519003604851997e+00
   2.7343391234544865e+00
   2.4068448672917913e+00
   2.0710246999828792e+00
   1.7285164184291257e+00
   1.3809819815001574e+00
   1.0300973149872157e+00
   6.7754387972494523e-01
   3.2500128533351724e-01
  -2.5863121911174361e-02
  -3.7340144371137213e-01
  -7.1599334742897203e-01
  -1.0520560643010690e+00
  -1.3800503212484392e+00
  -1.6984905465069853e+00
  -2.0059531151352190e+00
  -2.3010807183200335e+00
  -2.5825899953379037e+00
  -2.8492794485804578e+00
  -3.1000335262149608e+00
  -3.3338234745974527e+00
  -3.5497139695619593e+00
  -3.7468737764418401e+00
  -3.9245706203738040e+00
  -4.0821732215080404e+00
  -4.2191553994069153e+00
  -4.3350971051327871e+00
  -4.4296843793259901e+00
  -4.5027091174224489e+00
  -4.5540690783669842e+00
  -4.5837654820900582e+00
  -4.5919011816587894e+00
  -4.5786798803172433e+00
  -4.5444062452218725e+00
  -4.4894816100030956e+00
  -4.4144000744873253e+00
  -4.3197470225032948e+00
  -4.2061949408498718e+00
  -4.0744988180553747e+00
  -3.9254889973742650e+00
  -3.7600698502455252e+00
  -3.5792162130020766e+00
  -3.3839688856478118e+00
  -3.1754277501237018e+00
  -2.9547471377195627e+00
  -2.7231279138501896e+00
  -2.4818109890693876e+00
  -2.2320717768651774e+00
  -1.9752135011448861e+00
  -1.7125611892094033e+00
  -1.4454553548348601e+00
  -1.1752446249670900e+00
  -9.0327809622084743e-01
  -6.3089723740514447e-01
  -3.5942867393270295e-01
  -9.0178773543006394e-02
   1.7557333103200243e-01
   4.3658284135935815e-01
   6.9164634078352660e-01
   9.3960851580305860e-01
   1.1793677208937343e+00
   1.4098797286981548e+00
   1.6301628608021295e+00
   1.8393038435273801e+00
   2.0364601320023343e+00
   2.2208635353880366e+00
   2.3918232031712234e+00
   2.5487275544965327e+00
   2.6910459406160521e+00
   2.8183303272115574e+00
   2.9302157875124730e+00
   3.0264207071417299e+00
   3.1067461018041351e+00
   3.1710752368646280e+00
   3.2193728254096752e+00
   3.2516835297148106e+00
   3.2681291867740589e+00
   3.2689063527697857e+00
   3.2542855343499819e+00
   3.2246065511157100e+00
   3.1802771859479835e+00
   3.1217702080874528e+00
   3.0496187243837660e+00
   2.9644132370034177e+00
   2.8667994112769564e+00
