  -2.8350422818696526e+00   3.0048598024810849e+00  -2.9803722896978706e+00   2.0161261835039482e-01   1.6625534593057445e+00  -6.0119466687700529e-01  -1.7092742021657907e+00  -2.5768912259578336e-01
  -2.8214054971796196e+00   3.0131688122534954e+00  -2.9724020209411930e+00   2.2892372719712598e-01   1.6862522156923734e+00  -5.7427652224258119e-01  -1.6849553884561164e+00  -2.2945013372965103e-01
  -2.8075531505024851e+00   3.0212476819964644e+00  -2.9642080392371550e+00   2.5622203782384195e-01   1.7098278750340432e+00  -5.4730865053041944e-01  -1.6604933147128857e+00  -2.0119252015134406e-01
  -2.7934863269239205e+00   3.0290958542706741e+00  -2.9557909504899551e+00   2.8350554369901926e-01   1.7332786396719233e+00  -5.2029304337040283e-01  -1.6358899567086875e+00  -1.7291846960480531e-01
  -2.7792061277208977e+00   3.0367127892546355e+00  -2.9471513781325851e+00   3.1077224798067410e-01   1.7566027292659332e+00  -4.9323169380227566e-01  -1.6111473123224469e+00  -1.4463016401487222e-01
  -2.7647136725680115e+00   3.0440979640545316e+00  -2.9382899600095977e+00   3.3802014921800760e-01   1.7797983651252078e+00  -4.6612660350141805e-01  -1.5862673923307353e+00  -1.1632979018133688e-01
  -2.7500100947169535e+00   3.0512508734849701e+00   3.6524724708423240e-01   1.8028637756867845e+00  -4.3897977682113748e-01  -1.5612522226336489e+00  -8.8019534548581760e-02   0.0000000000000000e+00
   2.6439433561512824e+00  -2.7350965465007597e+00   3.9245154342386612e-01   1.8257972030262055e+00  -4.1179322341124813e-01  -1.5361038436251104e+00  -5.9701585028408409e-02   2.6926444525880164e+00
   2.6586877568194085e+00  -2.7199741912481130e+00   4.1963103686862413e-01   1.8485968871605816e+00  -3.8456895616072834e-01  -1.5108243106877632e+00  -3.1378132108736891e-02   2.7076344116572617e+00
   2.6732235663985007e+00  -2.7046442116408631e+00   4.4678372853236359e-01   1.8712610884827499e+00  -3.5730899486558182e-01  -1.4854156960753924e+00  -3.0513633203704325e-03   2.7224236714370504e+00
   2.6875496562553227e+00  -2.6891078058382898e+00   4.7390761769584616e-01   1.8937880714870683e+00  -3.3001536850289936e-01  -1.4598800827427827e+00   2.5276528770997966e-02   2.7370110830061387e+00
   1.8236805063858317e+00   2.7016649137701503e+00   5.0100070668123597e-01   1.9161761060097924e+00  -3.0269009755378357e-01  -1.4342195724631372e+00   5.3603357556238726e-02   2.7513955092715885e+00
   1.8465828524278323e+00   2.7155682429144585e+00   5.2806099741008350e-01   1.9384234731688159e+00  -2.7533522010323835e-01  -1.4084362726644570e+00   8.1926927451679787e-02   2.7655758268826514e+00
   1.8693463071752268e+00   2.7292585684585635e+00   5.5508649541506716e-01   1.9605284635984501e+00  -2.4795277222886672e-01  -1.3825323145776929e+00   1.1024504902498101e-01   2.7795509265118818e+00
   1.8919691058538144e+00   2.7427348321305529e+00   5.8207520081228992e-01   1.9824893759483302e+00  -2.2054479423337991e-01  -1.3565098343868449e+00   1.3855553327060316e-01   2.7933197114053834e+00
   1.9144494982865901e+00   2.7559959923156438e+00   6.0902512206937542e-01   2.0043045186213053e+00  -1.9311332986779881e-01  -1.3303709884522688e+00   1.6685618688437953e-01   2.8068811002718186e+00
   1.9367857451660337e+00   2.7690410247030686e+00   6.3593426411754550e-01   2.0259722096839718e+00  -1.6566042863524408e-01  -1.3041179421568607e+00   1.9514482415204576e-01   2.8202340241359183e+00
   1.9589761172096003e+00   2.7818689263603877e+00   6.6280063467052186e-01   2.0474907753633613e+00  -1.3818814693725320e-01  -1.2777528724769711e+00   2.2341925219208153e-01   2.8333774302858137e+00
   3.2206029159545007e+00   1.9810188944701266e+00   6.8962224554329932e-01   2.0688585536639099e+00  -1.1069853454708588e-01  -1.2512779753823580e+00   2.5167728701788100e-01   2.8463102778622527e+00
   3.2212816704050944e+00   2.0029123655636676e+00   2.0900738895359314e+00  -1.2246954514768895e+00   2.7991673636249259e-01   2.8590315422996690e+00   0.0000000000000000e+00   0.0000000000000000e+00
   3.2217130638941143e+00   2.0246548367879185e+00  -2.5551631398504377e+00   2.1111351418521491e+00  -1.1980075170404119e+00   3.0813541873202765e-01   2.8715402096602194e+00   0.0000000000000000e+00
   3.2218972367222429e+00   2.0462446137260000e+00  -2.5388216816257598e+00  -2.7866212536804418e+00   2.1320406722352301e+00  -1.1712164045632887e+00   3.3633114653858642e-01   2.8838352844532413e+00
   3.2218343482406615e+00   2.0676800264594557e+00  -2.5222869767740148e+00   3.2138030278492957e+00  -2.8000825506767142e+00  -1.1443243515877588e+00   3.6450173803911395e-01   2.8959157836211427e+00
   3.2215245766556553e+00   2.0889594069968318e+00  -2.5055603065209766e+00   3.2093379112037477e+00  -2.8133319948393654e+00  -1.1173336080398903e+00   3.9264501072366753e-01   2.9077807384293193e+00
   3.2209681189769706e+00   2.1100810992521630e+00  -2.4886429645177079e+00   3.2046197455617311e+00  -2.8263683819548278e+00  -1.0902464407711376e+00   4.2075878588887605e-01   2.9194291965215187e+00
   3.2201651909855693e+00   2.1310434626110988e+00  -2.4715362588098713e+00   3.1996488156766634e+00  -2.8391905211375841e+00  -1.0630651187242517e+00   4.4884088664956340e-01   2.9308602172741436e+00
   3.2191160270651897e+00   2.1518448637994338e+00  -2.4542415138348725e+00   3.1944254289851970e+00  -2.8517972377261387e+00  -1.0357919334098733e+00   4.7688913589259407e-01   2.9420728778081644e+00
   3.2178208803510469e+00   2.1724836848465561e+00  -2.4367600628689732e+00   3.1889499143985063e+00  -2.8641873734118404e+00  -1.0084291740748801e+00   5.0490136416307529e-01   2.9530662697402819e+00
   3.2162800223837653e+00  -2.4190932589070853e+00   3.1832226214799029e+00  -2.8763597844728945e+00  -9.8097914785639539e-01   5.3287539686723628e-01   2.9638394958557126e+00   0.0000000000000000e+00
   3.2144937430116198e+00  -1.6881287450884379e+00  -2.4012424655728912e+00   3.1772439234924135e+00  -2.8883133446470421e+00   5.6080907189927010e-01   2.9743916808548727e+00   0.0000000000000000e+00
   3.2124623505475980e+00  -1.7111651112644803e+00  -2.3832090598778026e+00   3.1710142123830640e+00  -2.9000469421932529e+00   5.8870022201857197e-01   2.9847219576567099e+00   0.0000000000000000e+00
   3.2101861724700376e+00  -1.7340732359041260e+00  -2.3649944359065596e+00   3.1645339048580081e+00  -2.9115594824692552e+00  -1.3725686066234453e+00   6.1654668536603718e-01   2.9948294789383669e+00
   3.2076655531821698e+00  -1.7568513213626704e+00  -2.3465999954832912e+00   3.1578034382992897e+00  -2.9228498885504433e+00  -1.3978106032634272e+00   6.4434630374589608e-01   3.0047134105469104e+00
   3.2049008558354135e+00  -1.7794975699699602e+00  -2.3280271598505022e+00   3.1508232697801057e+00  -2.9339170968288060e+00  -1.4229418618290062e+00   6.7209692417255096e-01   3.0143729344977745e+00
   3.2018924616415791e+00  -1.8020102045342625e+00  -2.3092773581108128e+00   3.1435938801369669e+00  -2.9447600643864407e+00  -1.4479604552926058e+00   6.9979639662832849e-01   3.0238072474133006e+00
   3.1986407701792876e+00  -1.8243874460857747e+00  -2.2903520372652881e+00   3.1361157718817987e+00  -2.9553777612963721e+00  -1.4728644673045739e+00   7.2744256754302372e-01   3.0330155629574631e+00
   3.1951461976591200e+00  -1.8466275339548031e+00   2.4239644006125398e+00  -2.2712526544700751e+00   3.1283894668883860e+00  -2.9657691778129376e+00  -1.4976519897469132e+00   3.0419971085635851e+00
   3.1914091800362350e+00  -1.8687287131902841e+00   2.4058878025951946e+00  -2.2519806787633212e+00   3.1204155112446474e+00  -2.9759333192528508e+00  -1.5223211261299556e+00   3.0507511287699791e+00
   3.1874301690509874e+00  -1.8906892384339324e+00   2.3876411749033974e+00  -2.2325375967162060e+00   3.1121944701476054e+00  -2.9858692099724018e+00  -1.5468699938266686e+00   3.0592768839408460e+00
   3.1832096357576578e+00  -1.9125073750959460e+00   2.3692260741680933e+00  -2.2129249012920038e+00   3.1037269330264663e+00  -2.9955758894947939e+00  -1.5712967108023514e+00   3.0675736488624405e+00
   3.1787480677261493e+00  -1.9341814017398276e+00   2.3506440625301854e+00  -2.1931441035407158e+00   3.0950135079046817e+00  -3.0050524166435340e+00  -1.5955994103074973e+00   3.0756407155575034e+00
   3.1740459703937103e+00  -1.9557095990058100e+00   2.3318967121980583e+00   3.0860548259210789e+00  -3.0142978673744780e+00  -1.6197762426620104e+00  -7.0777849365884671e-01   3.0834773919231302e+00
   3.1691038667110392e+00  -1.9770902654758913e+00   2.3129856024220197e+00   3.0768515401423642e+00  -3.0233113355815782e+00  -1.6438253572147390e+00  -7.3463353935987341e-01   3.0910830006375511e+00
   3.1639222967168181e+00  -1.9983217084818374e+00   2.2939123201363758e+00   3.0674043225542360e+00  -3.0320919332810798e+00  -1.6677449241456421e+00  -7.6142386968618370e-01   3.0984568823941028e+00
   3.1585018179260000e+00  -2.0194022452027123e+00   2.2746784614948319e+00   3.0577138682885527e+00  -3.0406387894376898e+00  -1.6915331200469479e+00  -7.8814735027424598e-01   3.1055983921838290e+00
   3.1528430043049323e+00  -2.0403302032599404e+00   2.2552856275164128e+00   3.0477808946032803e+00  -3.0489510525106245e+00  -1.7151881314903741e+00  -8.1480185897287194e-01   3.1125069032417931e+00
   3.1469464478725104e+00  -2.0611039223559686e+00   2.2357354291132969e+00   3.0376061379846724e+00  -3.0570278892655804e+00  -1.7387081596534906e+00  -8.4138527893273185e-01   3.1191818034466103e+00
   3.1408127571264219e+00  -2.0817217538810748e+00   2.2160294837659369e+00   3.0271903568132976e+00  -3.0648684847724099e+00  -1.7620914141064163e+00  -8.6789550138583627e-01   0.0000000000000000e+00
   3.1344425565965643e+00  -2.1021820583907505e+00   2.1961694148783546e+00   3.0165343307811368e+00  -3.0724720418699167e+00  -1.7853361202682498e+00  -8.9433042976292143e-01   1.0403731648691583e+00
   3.1278364900186051e+00  -2.1224832086434837e+00   2.1761568560134839e+00   3.0056388605228603e+00  -3.0798377825475209e+00  -1.8084405107039623e+00  -9.2068796948211706e-01   1.0142227573794629e+00
   3.1209952143907054e+00  -2.1426235910126947e+00   2.1559934443462780e+00   2.9945047679436172e+00  -3.0869649486212705e+00  -1.8314028299832046e+00  -9.4696604322051026e-01   9.8799306747994686e-01
   3.1139194064041802e+00  -2.1626016019329892e+00   2.1356808225085731e+00   2.9831328961530565e+00  -3.0938527995269269e+00  -1.8542213402470737e+00  -9.7316257404458628e-01   9.6168602824407001e-01
   3.1066097571497524e+00  -2.1824156479325851e+00   2.1152206462992660e+00   2.9715241071323035e+00  -3.1005006148762608e+00  -1.8768943097809243e+00  -9.9927550104630469e-01   9.3530357435737965e-01
   3.0990669756913567e+00  -2.2020641526447746e+00   2.0946145705025274e+00   2.9596792869613253e+00  -1.8994200203112177e+00  -1.0253027672397914e+00   9.0884764743035718e-01   2.4419314016159728e+00
  -2.2215455456987745e+00   2.0738642610374383e+00  -1.0957493981571642e+00   2.9475993402431544e+00  -1.9217967670073757e+00  -1.0512423288540431e+00   8.8232019048120758e-01   2.4242178252342286e+00
  -2.2408582730482234e+00   2.0529713879351723e+00  -1.1217540725334716e+00   2.9352851926612740e+00  -1.9440228569766915e+00  -1.0770921491761574e+00   8.5572316658118064e-01   2.4063119936061121e+00
  -2.2600007928952253e+00   2.0319376254331578e+00  -1.1476692347850992e+00   2.9227377907120085e+00  -1.9660966102295552e+00  -1.1028502038028909e+00   8.2905852822433490e-01   2.3882153694880386e+00
  -2.2789715733439477e+00   2.0107646595463686e+00  -1.1734929513764041e+00   2.9099581028218457e+00  -1.9880163600434455e+00  -1.1285144756826411e+00   8.0232824430086391e-01   2.3699294299865756e+00
  -2.2977690981418455e+00   1.9894541742954694e+00  -1.1992232961911384e+00   2.8969471142215641e+00  -2.0097804523693168e+00  -1.1540829610213286e+00   7.7553428281570869e-01   2.3514556699653353e+00
   1.9680078645237691e+00  -1.2248583508514657e+00  -2.0313872422001342e+00  -1.1795536631724033e+00   7.4867862655748274e-01   2.3327956004746300e+00   0.0000000000000000e+00   0.0000000000000000e+00
   1.9464274316446182e+00  -1.2503962086170319e+00  -2.4737239713348491e+00  -2.0528351038993544e+00  -1.2049245979356416e+00   7.2176325223504889e-01   2.3139507512169271e+00   3.0855518890666325e+00
   1.9247145742777878e+00  -1.2758349712975448e+00  -2.4911593580489089e+00  -1.2301937893554911e+00   6.9479014981903897e-01   2.2949226639961076e+00   3.0796676655834050e+00   0.0000000000000000e+00
   1.9028710076374240e+00  -1.3011727435526201e+00  -2.5084012100259612e+00  -1.2553592756626568e+00   6.6776130818987323e-01   2.2757129001870284e+00   3.0735509484252135e+00   0.0000000000000000e+00
   1.8808984401153379e+00  -1.3264076427502574e+00  -2.5254483161589900e+00  -1.2804191042010680e+00   6.4067872957570082e-01   2.2563230320283836e+00   3.0672022270333952e+00   0.0000000000000000e+00
   1.8587985949583166e+00  -1.3515377948712077e+00  -2.5422994827600163e+00  -1.3053713326882499e+00   6.1354441546601823e-01   2.2367546520909873e+00   3.0606220082165412e+00   0.0000000000000000e+00
   1.8365731946720665e+00  -1.3765613377131449e+00  -2.5589535316624668e+00  -1.3302140312092068e+00   5.8636036904867872e-01   2.2170093695461461e+00   3.0538108143891103e+00   0.0000000000000000e+00
   1.8142239688620450e+00  -1.4014764109717022e+00  -2.5754092985244710e+00  -1.3549452827223385e+00   5.5912860631631478e-01   2.1970888014461338e+00   3.0467691870195508e+00   0.0000000000000000e+00
   1.7917526482891153e+00  -1.4262811680281320e+00  -2.5916656353995289e+00   5.3185114324303906e-01   2.1769945888752851e+00   3.0394976809267291e+00   0.0000000000000000e+00   0.0000000000000000e+00
   1.7691609739134242e+00  -1.4509737731825725e+00  -2.6077214121497452e+00   5.0452999993896486e-01   2.1567283811921953e+00   3.0319968697126312e+00   0.0000000000000000e+00   0.0000000000000000e+00
   1.7464506834784694e+00  -1.4755523958289196e+00  -2.6235755121774798e+00  -2.9414015727656961e+00   4.7716719830804616e-01   2.1362918477095922e+00   3.0242673433834906e+00   0.0000000000000000e+00
   1.7236235243485321e+00  -1.5000152202751316e+00  -2.6392268373098977e+00  -2.9310603091079894e+00   4.4976476875464927e-01   2.1156866672561336e+00   3.0163097072369149e+00   0.0000000000000000e+00
  -1.5243604321116633e+00  -2.6546743024797221e+00  -2.9205031692143937e+00   4.2232474652782204e-01   2.0949145375705376e+00   3.0081245840385837e+00   0.0000000000000000e+00   0.0000000000000000e+00
  -1.5485862394414869e+00  -2.6699168411411742e+00  -2.9097309442831283e+00   3.9484916427999189e-01   2.0739771679464001e+00   2.9997126128397373e+00  -1.8865308459332941e+00   0.0000000000000000e+00
  -1.5726908462861695e+00  -2.6849534007727334e+00  -2.8987444419382915e+00   3.6734006612194026e-01   2.0528762833359808e+00   2.9910744476764264e+00  -1.8648978831006071e+00   1.3670305327659171e+00
  -1.5966724757407429e+00  -2.6997829478685911e+00  -2.8875444843221674e+00   3.3979949057131131e-01   2.9822107616346298e+00  -1.8431221940930715e+00   1.3921702116667669e+00   0.0000000000000000e+00
  -1.6205293603039648e+00  -2.7144044606394848e+00  -2.8761319037742705e+00   3.1222948914358517e-01   2.9731222410675633e+00  -1.8212053807890374e+00   1.4172092072830516e+00   0.0000000000000000e+00
  -1.6442597396610652e+00  -2.7288169394204771e+00  -2.8645075493168415e+00   2.8463211150622092e-01  -1.2795315269852019e+00   2.9638095904575419e+00  -1.7991490453199379e+00   1.4421455318812793e+00
  -1.6678618624901076e+00  -2.7430193958782754e+00  -2.8526722833159095e+00   2.5700940920171939e-01  -1.2536108840121598e+00   2.9542735286121182e+00  -1.7769548088182670e+00   1.4669771945734296e+00
  -1.6913339951656925e+00  -2.7570108604387675e+00  -2.8406269809242639e+00   2.2936344119237231e-01  -1.2275956964816452e+00   2.9445147927314523e+00  -1.7546242935545064e+00   1.4917022157106972e+00
  -1.7146744064985542e+00  -2.7707903795851285e+00  -2.8283725324510449e+00   2.0169626463655832e-01  -1.2014879575434030e+00   2.9345341334961259e+00  -1.7321591423261804e+00   1.5163186190676308e+00
  -1.7378813807356004e+00  -2.7843570151454897e+00  -2.8159098390505970e+00   1.7400994052546398e-01  -1.1752896599538059e+00   2.9243323192619450e+00  -1.7095610019917782e+00   1.5408244395646102e+00
  -2.7977098469995587e+00  -2.8032398175080226e+00   1.4630653681801226e-01  -1.1490028078527323e+00   2.9139101338013660e+00  -1.6868315278529988e+00   1.5652177107092569e+00   0.0000000000000000e+00
  -2.8108479697224165e+00  -2.7903634007482809e+00  -1.1226294073555234e+00   2.9032683762987666e+00  -1.6639723927378940e+00   2.2245859472921472e+00   1.5894964839337604e+00   0.0000000000000000e+00
  -2.8237704967918074e+00  -2.7772815278384835e+00  -1.0961714708262467e+00   2.8924078624801837e+00  -1.6409852757419250e+00   2.2444114997060338e+00   1.6136588054288590e+00   0.0000000000000000e+00
  -2.8364765543659956e+00  -2.7639951588285916e+00  -1.0696310212970845e+00   2.8813294231616173e+00  -1.6178718626554507e+00   2.2640711035199250e+00   1.6377027379120050e+00   0.0000000000000000e+00
  -2.8489652907220750e+00  -2.7505052609059377e+00  -1.0430100818496706e+00   2.8700339044011409e+00  -1.5946338505199358e+00   2.2835631861134638e+00   1.6616263501573945e+00   0.0000000000000000e+00
  -2.8612358654039660e+00  -2.7368128170827175e+00  -1.0163106833396174e+00   2.8585221675420414e+00  -1.5712729526107809e+00   2.3028861820549236e+00   1.6854277122494350e+00   0.0000000000000000e+00
  -2.8732874576329723e+00  -2.7229188250740144e+00  -9.8953486494247800e-01   2.8467950911033664e+00  -1.5477908826839386e+00   2.3220385358084381e+00   1.7091049112249879e+00   0.0000000000000000e+00
  -2.8851192625988697e+00  -2.7088242940717766e+00  -9.6268466589738566e-01   2.8348535686144558e+00  -1.5241893692210349e+00   2.3410187055477860e+00   1.7326560340207466e+00   0.0000000000000000e+00
  -2.8967304924022734e+00  -2.6945302457525804e+00  -9.3576213955859200e-01   2.8226985071024928e+00  -1.5004701489418903e+00   2.3598251626894706e+00   1.7560791806316383e+00   0.0000000000000000e+00
  -2.9081203754128109e+00  -2.6800377145228782e+00  -9.0876933327315912e-01   2.8103308303482377e+00  -1.4766349663675955e+00   2.3784563867845510e+00   1.7793724566313758e+00   0.0000000000000000e+00
  -1.0003032759522834e+00  -2.6653477513241048e+00  -8.8170830813452628e-01  -1.4526855784392927e+00   2.3969108672608890e+00   1.8025339749531140e+00   0.0000000000000000e+00   0.0000000000000000e+00
  -9.7412898398022552e-01  -2.6504614141129865e+00  -8.5458112374333439e-01  -1.4286237489588045e+00   2.4151871129245133e+00   1.8255618616423617e+00   0.0000000000000000e+00   0.0000000000000000e+00
  -9.4788119182107422e-01  -2.6353797791828621e+00  -8.2738984856921194e-01  -1.4044512532082738e+00   2.4332836361501324e+00   1.8484542502073291e+00   8.7455132837557514e-01   0.0000000000000000e+00
  -9.2156189412031309e-01  -2.6201039310933441e+00  -8.0013655394719474e-01  -1.3801698681538521e+00   2.4511989668032106e+00   1.8712092774499349e+00   9.0237507911334092e-01   0.0000000000000000e+00
  -8.9517309034773551e-01  -2.6046349704823379e+00  -7.7282331886783251e-01  -1.3557813841198592e+00   2.4689316458939841e+00   1.8938250956995104e+00   9.3012216424393457e-01  -2.3762054156662211e+00
  -8.6871678312557865e-01  -2.5889740073408007e+00  -7.4545221952873053e-01  -1.3312876062201213e+00   2.4864802236890164e+00   1.9162998642705400e+00   9.5779021924913410e-01  -2.3579543063695789e+00
  -8.4219497991924464e-01  -2.5731221674940694e+00  -7.1802534208739632e-01  -1.3066903405424779e+00   2.5038432693550030e+00   1.9386317556003698e+00   9.8537688221817166e-01  -2.3395221177682570e+00
  -8.1560970126965460e-01  -2.5570805860582659e+00  -6.9054477452886542e-01  -1.2819913968922427e+00   2.5210193576578019e+00   1.9608189439831345e+00   1.0128798042987783e+00  -2.3209103449942683e+00
  -7.8896295840458597e-01  -2.5408504130885832e+00  -6.6301260471432755e-01  -1.2571926050272191e+00   2.5380070808277586e+00   1.9828596207886287e+00   1.0402966394851343e+00  -2.3021204942217355e+00
  -7.6225677686473015e-01  -2.5244328104949969e+00  -6.3543093268129702e-01  -1.2322957976405324e+00   2.5548050416379731e+00   2.0047519817877175e+00   1.0676250590775826e+00  -2.2831540861520261e+00
  -7.3549318311376077e-01  -2.5078289511688703e+00  -6.0780185524129837e-01  -1.2073028122198630e+00   2.5714118570863342e+00   2.0264942378753861e+00   1.0948627378273685e+00  -2.2640126571708432e+00
  -7.0867421075489079e-01  -2.4910400203442511e+00  -5.8012747513004281e-01  -1.1822154988757314e+00   2.5878261574691952e+00   2.0480846073993200e+00   1.1220073651248847e+00  -2.2446977555535623e+00
  -6.8180188876512793e-01  -2.4740672177006293e+00  -5.5240989430760556e-01  -1.1570357132579563e+00   2.6040465854875756e+00   2.0695213211255243e+00   1.1490566383420178e+00  -2.2252109432011569e+00
  -6.5487826142472572e-01  -2.4569117519006607e+00  -5.2465122733566105e-01  -1.1317653169039976e+00   2.6200717985303181e+00   2.0908026182428827e+00   1.1760082625492339e+00  -2.2055537944248154e+00
  -6.2790536913681083e-01  -2.4395748442708447e+00  -4.9685357578939660e-01  -1.1064061835961136e+00   2.6359004655444043e+00   2.1119267485505047e+00   1.2028599585147042e+00  -2.1857278940617855e+00
  -6.0088525369973067e-01  -3.0910532627588942e+00  -4.6901906037223434e-01  -1.0809601904493924e+00   2.6515312712768027e+00   2.1328919766610834e+00   1.2296094560559099e+00  -2.1657348445427345e+00
  -5.7381997182756128e-01  -3.0839889960647748e+00  -2.7994296146409305e+00  -4.4114979263204057e-01  -1.0554292218765358e+00   2.6669629150042411e+00   1.2562544948099978e+00  -2.1455762599590380e+00
  -5.4671157246180790e-01  -3.0766776167213030e+00  -2.7867033662197374e+00  -4.1324789340917306e-01  -1.0298151736589751e+00   2.6821941054188581e+00   1.2827928302094538e+00  -2.1252537631556931e+00
  -5.1956210892993515e-01  -3.0691196242673926e+00  -2.7737681392083267e+00  -3.8531547940378924e-01  -1.0041199443886217e+00   2.6972235699607450e+00   1.3092222232279502e+00  -2.1047689913640406e+00
  -4.9237364059380634e-01  -3.0613155422357425e+00  -2.7606249190590080e+00  -3.5735467614000993e-01   2.7120500490047532e+00   1.3355404500019874e+00   2.5011373082922193e+00  -2.0841235960241282e+00
  -4.6514823026186464e-01  -3.0532659161230007e+00  -2.7472747062925427e+00  -3.2936760750287231e-01   2.7266722969263406e+00   1.3617453002515292e+00   2.5189883698820847e+00  -2.0633192377371814e+00
  -4.3788794120133062e-01  -3.0449713130276090e+00  -2.7337185175279357e+00  -3.0135639317734825e-01   2.7410890828594145e+00   1.3878345731273334e+00   2.5366451066804037e+00  -2.0423575896309947e+00
  -4.1059483918468359e-01  -3.0364323223101142e+00  -2.7199573829636230e+00  -2.7332316908523052e-01   2.7552991888898717e+00   1.4138060817492890e+00   2.5541061560089369e+00  -2.0212403381316202e+00
  -3.8327099141917853e-01  -3.0276495573857463e+00  -2.7059923473087806e+00  -2.4527005852442754e-01   2.7693014149713049e+00   1.4396576523296962e+00   2.5713701695004714e+00  -1.9999691783910034e+00
  -3.5591846897035084e-01  -3.0186236524324799e+00  -2.9461273335493705e+00  -2.6918244682476700e+00  -2.1719919001471855e-01   1.4653871261560421e+00   2.5884358142342232e+00  -1.9785458196610592e+00
  -3.2853934514380950e-01  -3.0093552643847814e+00  -2.9565251590717909e+00  -2.6774548215618221e+00  -1.8911269938376257e-01   1.4909923500140738e+00   2.6053017751063217e+00  -1.9569719808832897e+00
  -3.0113569437892623e-01  -2.9998450719212135e+00  -2.9666959841591676e+00  -2.6628844922987533e+00  -1.6101271382073895e-01   1.5164711971771030e+00   2.6219667495088719e+00  -1.9352493925705936e+00
  -2.7370958968189180e-01  -2.9900937757344357e+00  -2.9766390924907067e+00  -2.6481145834436650e+00   3.2124043658758730e+00   1.5418215414408638e+00   2.6384294521765423e+00  -1.9133797966145394e+00
  -2.4626311201925721e-01  -2.9801021000748742e+00  -2.9863537846163388e+00  -2.6331462085298987e+00   3.2122346081800948e+00   1.5670412786478514e+00   2.6546886144677102e+00  -1.8913649430476225e+00
  -2.1879833962090647e-01  -2.9698707898052064e+00  -2.9958393807383765e+00  -2.6179804972962435e+00   3.2118165372998480e+00   1.5921283190891815e+00   2.6707429833894305e+00  -1.8692065941924407e+00
  -1.9131735314280016e-01  -2.9594006132933139e+00  -3.0050952171527352e+00  -2.6026185945526885e+00   3.2111500827150992e+00   1.6170805816656673e+00   2.6865913209429158e+00  -1.8469065280314267e+00
  -2.9486923584303151e+00  -3.0141206484899463e+00  -2.5870616559422541e+00   3.2102351953467241e+00   1.6418960032438537e+00   2.7022324070312269e+00  -1.8244665245394427e+00   0.0000000000000000e+00
   2.0501433687299393e+00  -2.9377468374706472e+00  -3.0229150468831225e+00  -2.5713108518341605e+00   3.2090718453715543e+00   1.6665725389143207e+00   2.7176650365446902e+00  -1.8018883743567331e+00
   2.0287573218700352e+00  -2.9265648838045570e+00  -3.0314778016196806e+00  -2.5553673669300725e+00   3.2076600227285672e+00   1.6911081522763654e+00   2.7328880216257527e+00  -1.7791738870598388e+00
   2.0072253433812843e+00  -2.9151473524528968e+00  -3.0398083213604377e+00  -2.5392323978810922e+00   3.2059997372796847e+00   1.7155008269171732e+00   2.7479001902149918e+00  -1.7563248717776183e+00
   1.9855490510842184e+00  -2.9034951192121667e+00  -3.0479060304865437e+00  -2.5229071571876536e+00   3.2040910186533074e+00   1.7397485572607332e+00   2.7627003882720285e+00  -1.7333431521230933e+00
   1.9637300632709418e+00  -2.8916090832806152e+00  -3.0557703727388561e+00  -2.5063928670690823e+00   3.2019339162615128e+00   1.7638493605350729e+00   2.7772874776376457e+00  -1.7102305616863169e+00
   1.9417700146929695e+00  -2.8794901638499515e+00  -3.0634008093148486e+00  -2.4896907665330734e+00   3.1995284998089542e+00   1.7878012635776137e+00   2.7916603359627601e+00  -1.6869889432340264e+00
   1.9196705412118109e+00  -3.0707968195737902e+00  -2.4728021057811547e+00   6.6890826786507185e-01   3.1968748585542288e+00   1.8116023092521145e+00   2.8058178575929462e+00  -1.6636201449172290e+00
   1.8974332905530584e+00  -3.0779578996395562e+00  -2.4557281489841545e+00   6.4170719538868937e-01   3.1939731019230631e+00   1.8352505597878530e+00   2.8197589583480904e+00   0.0000000000000000e+00
   1.8750599180640215e+00  -3.1183152099995062e+00  -3.0848835650306938e+00   6.1446038532481173e-01   3.1908233595499191e+00   1.8587440919938356e+00   2.8334825651680666e+00   2.8084094741528158e+00
   1.8525520898480783e+00  -3.1211382301256494e+00  -3.0915733477476137e+00   5.8717005074749229e-01   3.1874257805571089e+00   1.8820810031186173e+00   2.8469876256095183e+00   2.7946329540343808e+00
   1.8299114668604779e+00  -3.1237189232804314e+00   1.3609691746798609e+00  -3.0980267986042676e+00   5.5983841519014088e-01   3.1837805344883261e+00   2.8602731030395354e+00   2.7806377676310277e+00
   1.8071397344505524e+00  -3.1260570543576187e+00   1.3346580768498975e+00  -3.1042434867142057e+00   5.3246769970617414e-01   3.1798878106567896e+00   2.8733379791474616e+00   2.7664248974353742e+00
   1.7842385765146056e+00  -3.1281524070702389e+00   1.3082436637109873e+00  -3.1102229985463050e+00   5.0506012653221832e-01   3.1757478188126496e+00   2.8861812507643290e+00   2.7519953433367630e+00
   1.7612096836375699e+00  -3.1300047859254780e+00   1.2817281067776314e+00  -3.1159649379977288e+00   4.7761791933180775e-01   3.1713607886792503e+00   2.8988019361177306e+00   2.7373501235914048e+00
   1.7380547529895063e+00  -3.1316140141349509e+00   2.1723572925368560e-02   1.2551135832898626e+00  -3.1214689282794010e+00   4.5014330748828968e-01   3.1667269698402598e+00   2.7224902745034565e+00
   1.7147754970829296e+00  -3.1329799351571985e+00  -4.8388459088626349e-03   1.2284022825117316e+00  -3.1267346099720270e+00   4.2263851494939020e-01   3.1618466322142149e+00   2.7074168508680723e+00
   1.6913736225517035e+00  -3.1341024119307046e+00  -3.1393940453755945e-02   1.2015964005425233e+00  -3.1317616412347236e+00   3.9510576767986383e-01   3.1567200655822916e+00   2.6921309241211957e+00
   1.6678508546306361e+00  -3.1349813273583691e+00  -5.7939931763016268e-02   1.1746981373482213e+00  -3.1365496990224893e+00   3.6754729934981684e-01   3.1513475803150715e+00   2.6766335861605435e+00
   1.6442089174801626e+00  -3.1356165839043295e+00  -8.4475044416027337e-02   1.1477097056406826e+00  -3.1410984784190510e+00   3.3996533903475085e-01   3.1457295055220138e+00   2.6609259427863043e+00
   1.6204495481836445e+00  -1.1099750442993467e-01   1.1206333175420580e+00  -3.1454076912730908e+00   3.1236211313099260e-01   1.9020598373907183e+00   3.1398661923576281e+00   2.6450091191054144e+00
   1.5965744835901985e+00  -1.3750554312547186e-01   1.0934712002403164e+00  -3.1494770687325602e+00   2.8473985244009542e-01   1.8801177943325340e+00   2.6288842592306887e+00   0.0000000000000000e+00
   1.5725854715984227e+00  -1.6399739126852922e-01   2.5124769874390087e+00   1.0662255823479154e+00  -3.1533063595167339e+00   2.5710078493449667e-01   1.8580335009265576e+00   2.6125525228054833e+00
   1.5484842659312585e+00  -1.9047128258307774e-01   2.4960584679787399e+00   1.0388986979916401e+00  -2.8163388480913563e+00   2.2944714105777264e-01   1.8358085949815099e+00   2.5960150898584105e+00
   1.5242726215626552e+00  -2.1692545211793771e-01   2.4794518491300304e+00   1.0114927936399389e+00  -2.8271636145305257e+00   2.0178114946149975e-01   1.8134447253816932e+00   2.5792731552993460e+00
   1.4999523093724625e+00  -2.4335814327929625e-01   2.4626584760256258e+00   9.8401010885957141e-01  -2.8377694876334045e+00   1.7410503804543589e-01   1.7909435453918723e+00   2.5623279313331375e+00
   1.4755250947427638e+00  -2.6976759709826359e-01   2.4456796999313339e+00  -2.9207183646807553e+00   9.5645290701718666e-01   1.4642103375437196e-01   1.7683067217538500e+00   2.5451806486654669e+00
   1.4509927615605245e+00  -2.9615205851977422e-01   2.4285168904565118e+00  -2.9312831270056856e+00   9.2882344005494610e-01   1.1873135816337016e-01   1.7455359306094942e+00   2.5278325537938207e+00
   1.4263570849200164e+00  -3.2250977771463935e-01   2.4111714256756946e+00  -2.9416264127148879e+00   9.0112397079343465e-01   9.1038238405940553e-02   1.7226328584162676e+00   2.5102849131157936e+00
   1.4016198589358204e+00  -3.4883900619073194e-01   2.3936447023194765e+00  -2.9517474863958375e+00   8.7335677581301741e-01   6.3343899143051011e-02   1.6995992062539860e+00   2.4925390071442592e+00
   1.3767828767847574e+00  -3.7513799632833411e-01   2.3759381242977904e+00  -2.9616456303444041e+00   8.4552412093931473e-01   3.5650557835919548e-02   1.6764366730817852e+00   0.0000000000000000e+00
   1.3518479336816858e+00  -4.0140500794952200e-01   3.0795363151749551e+00   2.3580531122231503e+00  -2.9713201415610349e+00   8.1762828808300592e-01   7.9604350421821502e-03   1.6531469768838514e+00
   1.3268168397780375e+00  -4.2763830257404761e-01   3.0716549435763656e+00   2.3399910948793976e+00  -2.9807703324517241e+00   7.8967155922804300e-01  -1.9724253424395981e-02   1.6297318439580004e+00
   1.3016914011571441e+00  -4.5383614394102351e-01   3.0635356700085405e+00   2.3217535209046662e+00  -2.9899955335704362e+00   7.6165621954504492e-01  -4.7401291295130800e-02   1.6061930027258544e+00
   1.2764734337903221e+00  -4.7999679891064551e-01   3.0551791043183285e+00   2.3033418412537396e+00  -2.9989950910913894e+00   7.3358455793193866e-01  -7.5068471914968904e-02   1.5825322012437677e+00
   1.2511647590626482e+00  -5.0611854187157468e-01   3.0465858733610029e+00   2.2847575290900162e+00  -3.0077683671701427e+00   7.0545887244988892e-01  -1.0272357920973949e-01   1.5587511877126738e+00
   1.2257672011489891e+00  -5.3219964469649306e-01   3.0377566252050627e+00   2.2660020624185755e+00  -3.0163147395799563e+00   6.7728145934368644e-01   1.5348517249082783e+00   0.0000000000000000e+00
  -5.5823838483405219e-01   3.0286920253051206e+00   2.2470769343923371e+00  -3.0246336034914498e+00   6.4905461582024948e-01  -3.1327532558917102e+00  -1.8972893492860641e+00   1.5108355808665253e+00
  -5.8423304541836574e-01   3.0193927596807080e+00   2.2279836492586322e+00  -3.0327243707826557e+00   6.2078064538122779e-01  -3.1277390046796558e+00  -1.9198568271028831e+00   1.4867045348374381e+00
  -6.1018191241351227e-01   3.0098595321060886e+00   2.2087237222183633e+00  -3.0405864681267087e+00   5.9246185757006997e-01  -3.1224917167718678e+00  -1.9422810533946002e+00   1.4624603728683772e+00
  -6.3608327393569253e-01   3.0000930638632863e+00   2.1892986810006017e+00  -3.0482193402610496e+00   5.6410055963482109e-01  -3.1170118250091967e+00  -1.9645602505079420e+00   1.4381048905488454e+00
  -6.6193542517807802e-01   2.9900940979688033e+00   2.1697100634597009e+00  -3.0556224475341747e+00   5.3569906209596541e-01  -3.1112997759974190e+00  -1.9866926582716415e+00   1.4136398886745638e+00
  -6.8773665856059618e-01   2.9798633928744009e+00   2.1499594213763191e+00  -3.0627952666882998e+00   5.0725967872994393e-01  -3.1053560327106835e+00  -2.0086765201957659e+00   1.3890671820906018e+00
  -7.1348527789454652e-01   2.9694017274443665e+00   2.1300483145541573e+00  -3.0697372911184062e+00   4.7878472405995753e-01  -3.0991810748038406e+00  -2.0305100946945362e+00   1.3643885893879113e+00
  -7.3917958514722870e-01   2.9587098996666255e+00   2.1099783157519303e+00  -3.0764480322642571e+00   4.5027651225742732e-01  -3.0927753972660765e+00   1.3396059369989894e+00   3.0420946121504953e+00
  -7.6481788946247975e-01   2.9477887245362493e+00   2.0897510076432653e+00  -3.0829270152194250e+00  -3.0861395105206681e+00   1.3147210602320336e+00   3.0506205028386839e+00   0.0000000000000000e+00
  -7.9039850566234304e-01   2.9366390366322581e+00   2.0693679831386986e+00  -3.0891737832805646e+00  -3.0792739401723126e+00   1.2897358034314210e+00   3.0589078505652085e+00   0.0000000000000000e+00
  -8.1591974702194292e-01   2.9252616884079288e+00   2.0488308473165446e+00  -3.0951878979778229e+00  -3.0721792296567139e+00   1.2646520157519343e+00   3.0669559189055207e+00   0.0000000000000000e+00
  -8.4137993415393242e-01   2.9136575489950847e+00   2.0281412139562875e+00  -3.1009689337103952e+00  -3.0648559346794149e+00   1.2394715553053863e+00   3.0747639910074214e+00   0.0000000000000000e+00
  -8.6677739349618821e-01   2.9018275074729405e+00   2.0073007097105977e+00  -3.1065164850804381e+00  -3.0573046290576436e+00   3.0823313695942045e+00   0.0000000000000000e+00   0.0000000000000000e+00
  -8.9211045355159235e-01   2.8897724728989602e+00   1.9863109689894496e+00  -3.1118301624836087e+00  -3.0495259008748898e+00  -9.3876124281289963e-01   6.9159233406993137e-01   3.0896573774629204e+00
  -9.1737744872230298e-01   2.8774933681931185e+00   1.9651736348086994e+00  -3.1169095903194628e+00  -3.0415203546507779e+00  -9.1253860651129859e-01   7.1831401270779049e-01   3.0967413577481069e+00
  -9.4257671308889768e-01   2.8649911380815967e+00   1.9438903662037048e+00  -3.1217544138833024e+00  -3.0332886090023288e+00  -8.8624354907516001e-01   7.4498489666973711e-01   3.1035826741353505e+00
   2.8522667419526293e+00   1.9224628229928948e+00  -3.1263642925011870e+00  -3.0248312987128454e+00  -8.5987793690339376e-01   7.7160293232784993e-01   3.1101807101612833e+00   0.0000000000000000e+00
   2.8393211610636415e+00   1.2844820741250256e+00  -3.1307389030863457e+00  -3.0161490734065546e+00  -8.3344364857129905e-01   7.9816606980748317e-01   3.1165348702441844e+00   0.0000000000000000e+00
   2.8261553881635937e+00   1.3095822470669696e+00  -3.1348779391290154e+00  -3.0072425988453864e+00  -8.0694256217733529e-01   8.2467225937262678e-01   3.1226445787609083e+00   0.0000000000000000e+00
   2.8127704416234085e+00   1.3345829431957694e+00  -3.1387811114244202e+00  -2.9981125545400560e+00  -7.8037656947129974e-01   8.5111945849841053e-01   3.1285092801248364e+00   0.0000000000000000e+00
   1.3594822710537986e+00  -3.1424481464760015e+00  -2.9887596364810518e+00  -7.5374756448810654e-01   8.7750562476849570e-01   3.1341284403241119e+00   0.0000000000000000e+00   0.0000000000000000e+00
   1.3842783441172144e+00  -3.1458787890273099e+00  -2.9791845554817220e+00  -7.2705744426899666e-01   9.0382872052500807e-01   3.1395015457857087e+00   0.0000000000000000e+00   0.0000000000000000e+00
   1.4089692827504865e+00  -3.1490727995485241e+00  -2.9693880359919436e+00  -7.0030811341078869e-01   9.3008671023911493e-01   3.1446281034551631e+00   0.0000000000000000e+00   0.0000000000000000e+00
   1.4335532127351587e+00  -3.1520299555957618e+00  -2.9593708190978876e+00  -6.7350148419300904e-01   9.5627756697751820e-01   3.1495076411727974e+00   0.0000000000000000e+00   0.0000000000000000e+00
   1.4580282723040212e+00  -3.1547500523041809e+00  -2.9491336603831924e+00  -1.8899104041764223e+00  -6.4663947074352579e-01   9.8239926046262804e-01   3.1541397078127940e+00   0.0000000000000000e+00
   1.4823926046657676e+00  -3.1572329008121400e+00  -2.9386773304480274e+00  -1.8668382872029892e+00  -6.1972399424529345e-01   1.0084497667219439e+00   3.1585238725131681e+00   0.0000000000000000e+00
   1.5066443643845071e+00  -3.1594783292787887e+00  -2.9280026135423909e+00  -1.8436178379404606e+00  -5.9275698368666430e-01   1.6660686280678945e+00   1.0344270694146132e+00   3.1626597264867669e+00
   1.5307817083220825e+00  -3.1614861831062688e+00  -2.9171103101484195e+00  -1.8202510152536491e+00  -5.6574036629420554e-01   1.6900603946924098e+00   1.0603291561825212e+00   3.1665468810724686e+00
   1.5548028112127603e+00  -3.1632563242487559e+00  -2.9060012340102581e+00  -1.7967397892757497e+00  -5.3867608205442530e-01   1.7139234213001706e+00   1.0861540116317467e+00   3.1701849690922455e+00
   1.5787058442882287e+00  -3.1647886317004210e+00  -2.8946762158593389e+00  -1.7730861525004942e+00  -5.1156606918688086e-01   1.7376558994744822e+00   1.1118996381374764e+00   3.1735736442151081e+00
   1.6024889997447607e+00  -2.8831360977231113e+00  -1.7492920971109762e+00  -4.8441227520338748e-01   1.7612560332365494e+00   1.1375640278362746e+00   3.1767125821609778e+00   0.0000000000000000e+00
   1.6261504679469616e+00  -2.8713817398578003e+00  -1.7253596390306019e+00  -4.5721665134917405e-01  -1.1470568835583055e+00   1.7847220380835320e+00   1.1631451870636267e+00   3.1796014782524056e+00
   1.6496884581005897e+00  -2.8594140138947237e+00  -1.7012907997951268e+00  -4.2998115079129023e-01  -1.1215277188894690e+00   1.8080521347514935e+00   1.1886411306526217e+00  -4.8220979780625159e-02
   1.6731011803336495e+00  -2.8472338076863872e+00  -1.6770876116530709e+00  -4.0270773399987458e-01  -1.0959130677247408e+00   1.8312445612681181e+00   1.2140498692362063e+00  -2.0852448680854424e-02
   1.6963868593724165e+00  -2.8348420215883117e+00  -1.6527521252478048e+00  -3.7539836525253056e-01  -1.0702148202130588e+00   1.8542975601556009e+00   1.2393694228579009e+00   6.5133228845206757e-03
   1.7195437267865015e+00  -2.8222395728326872e+00  -1.6282863956148770e+00  -3.4805501260870686e-01  -1.0444348624679185e+00   1.8772093875352751e+00   1.2645978211813897e+00   3.3874246363738848e-02
   1.7425700229579408e+00  -2.8094273899444357e+00  -1.6036924915736146e+00  -3.2067964768580043e-01  -1.0185750908837137e+00   1.8999783072674394e+00   1.2897330937575042e+00   6.1228231180805323e-02
   1.7654639983744362e+00  -1.5789724922297583e+00  -2.9327424584451600e-01  -9.9263741338272315e-01   1.9226025973886853e+00   1.3147732788727249e+00   8.8573188630900399e-02   0.0000000000000000e+00
   1.7882239189946671e+00  -1.5541284906964483e+00  -2.6584078661471400e-01  -3.0126922641190572e+00  -9.6662373566880677e-01   1.9450805413670644e+00   1.3397164226703662e+00   1.1590703605586100e-01
   1.8108480505230351e+00  -1.5291625846985379e+00  -2.3838125808185165e-01  -3.0036793767779835e+00  -9.4053597377208331e-01   1.9674104408272257e+00   1.3645605715895468e+00   1.4322768816281609e-01
   1.8333346778561985e+00  -1.5040768859380966e+00  -2.1089763940637019e-01  -2.9944399303962461e+00  -9.1437604528326777e-01   1.9895906028158132e+00   1.3893037855506736e+00   1.7053306564030823e-01
