  -3.7635817448693230e+00
  -3.3087206390489530e+00
  -2.8390855998033309e+00
  -2.3567849113982033e+00
  -1.8639768988890606e+00
  -1.3628644299514199e+00
  -8.5568235434606466e-01
  -3.4468798110426274e-01
   1.6784734527673623e-01
   6.7964744315502268e-01
   1.1884375849579947e+00
   1.6919506368569313e+00
   2.1879406789804317e+00
   2.6741939501003471e+00
   3.1485315610323332e+00
   3.6088230269543149e+00
   4.0529963142593681e+00
   4.4790430398553918e+00
   4.8850284040321919e+00
   5.2690999305785473e+00
   5.6294965658829224e+00
   5.9645606285100952e+00
   6.2727421612894458e+00
   6.5526072684141612e+00
   6.8028471592652444e+00
   7.0222847724977306e+00
   7.2098817624595997e+00
   7.3647444694645339e+00
   7.4861308486939073e+00
   7.5734543513379649e+00
   7.6262874863297707e+00
   7.6443638518164816e+00
   7.6275794253826934e+00
   7.5759938083956806e+00
   7.4898316563041014e+00
   7.3694797794131173e+00
   7.2154857721240830e+00
   7.0285555172987708e+00
   6.8095498651280693e+00
   6.5594786981041793e+00
   6.2794972041858710e+00
   5.9709038499056257e+00
   5.6351281137499045e+00
   5.2737169467267808e+00
   4.8883320457887853e+00
   4.4807415712106078e+00
   4.0528139262177207e+00
   3.6065071508086182e+00
   3.1438581866295041e+00
   2.6669746850653859e+00
   2.1780254521952420e+00
   1.6792287118594864e+00
   1.1728436915525080e+00
   6.6116107771682120e-01
   1.4649712713616717e-01
  -3.6882020355488249e-01
  -8.8246106810761105e-01
  -1.3921014769804951e+00
  -1.8954370064786064e+00
  -2.3901914892454319e+00
  -2.8741244933620855e+00
  -3.3450401043950526e+00
  -3.8007960382250197e+00
  -4.2393146075889989e+00
  -4.6585935761838160e+00
  -5.0567151827840462e+00
  -5.4318554334555209e+00
  -5.7822927207120101e+00
  -6.1064145903247411e+00
  -6.4027295433004996e+00
  -6.6698717160712482e+00
  -6.9066080783687358e+00
  -7.1118465977937344e+00
  -7.2846413709203164e+00
  -7.4241981372506016e+00
  -7.5298784969322208e+00
  -7.6012026512695714e+00
  -7.6378518560831807e+00
  -7.6396716317903346e+00
  -7.6066721745165049e+00
  -7.5390280064501249e+00
  -7.4370761256036104e+00
  -7.3013134016398444e+00
  -7.1323940729836925e+00
  -6.9311249908325987e+00
  -6.6984604585815690e+00
  -6.4354967949305335e+00
  -6.1434651926711039e+00
  -5.8237261228768498e+00
  -5.4777611669831314e+00
  -5.1071648492662289e+00
  -4.7136370272997929e+00
  -4.2989747911768141e+00
  -3.8650645118093454e+00
  -3.4138726157191819e+00
  -2.9474341318219826e+00
  -2.4678445605482002e+00
  -1.9772513305736887e+00
  -1.4778457365768962e+00
  -9.7185601727537863e-01
  -4.6153405846378309e-01
   5.0850187175859943e-02
   5.6301954929902898e-01
   1.0726986019667444e+00
   1.5776189079019134e+00
   2.0755292692081215e+00
   2.5642050947387158e+00
   3.0414582819104372e+00
   3.5051486437466113e+00
   3.9531903427733202e+00
   4.3835598369425073e+00
   4.7943036446170613e+00
   5.1835480926186035e+00
   5.5495123459019533e+00
   5.8905121090457984e+00
   6.2049702009937766e+00
   6.4914260261405667e+00
   6.7485417693962493e+00
   6.9751116116143752e+00
   7.1700648279764394e+00
   7.3324739435419302e+00
   7.4615626281496326e+00
   7.5567079695324670e+00
   7.6174449492799594e+00
   7.6434695060136706e+00
   7.6346392839207633e+00
   7.5909753578677162e+00
   7.5126630021382628e+00
   7.4000506228799416e+00
   7.2536510656597990e+00
   7.0741368983301189e+00
   6.8623355628512517e+00
   6.6192263415193091e+00
   6.3459348150521784e+00
   6.0437207698277353e+00
   5.7139761382661209e+00
   5.3582287327412326e+00
   4.9781215641002641e+00
   4.5753986832392464e+00
   4.1519048576670690e+00
   3.7095778126403434e+00
   3.2504383538969952e+00
   2.7765796706706434e+00
   2.2901581149803065e+00
   1.7933813391110611e+00
   1.2884997698565011e+00
   7.7779846386713480e-01
   2.6358911460832529e-01
  -2.5180162608986406e-01
  -7.6604404289201755e-01
  -1.2768127551523216e+00
  -1.7817981436565187e+00
  -2.2787155434365611e+00
  -2.7653168236644370e+00
  -3.2393958365233906e+00
  -3.6987950701433339e+00
  -4.1414197230837901e+00
  -4.5652502129999384e+00
  -4.9683477487190615e+00
  -5.3488657832708792e+00
  -5.7050602475080101e+00
  -6.0352955512924193e+00
  -6.3380525667360166e+00
  -6.6119358514532163e+00
  -6.8556802640099983e+00
  -7.0681595852891057e+00
  -7.2483937329810546e+00
  -7.3955535800801862e+00
  -7.5089654193693898e+00
  -7.5881133331000541e+00
  -7.6326419898984250e+00
  -7.6423594039990963e+00
  -7.6172384912282753e+00
  -7.5574179571469973e+00
  -7.4631999826724744e+00
  -7.3350461862974212e+00
  -7.1735741652851317e+00
  -6.9795572283287877e+00
  -6.7539161893222506e+00
  -6.4977144998457819e+00
  -6.2121536581366463e+00
  -5.8985658202029674e+00
  -5.5584058201517514e+00
  -5.1932439967548945e+00
  -4.8047577909005010e+00
  -4.3947232879762819e+00
  -3.9650064983734965e+00
  -3.5175559100880118e+00
  -3.0543928516325169e+00
  -2.5776012470960787e+00
  -2.0893177001040275e+00
  -1.5917216413364002e+00
  -1.0870320756687444e+00
  -5.7749660059805141e-01
  -6.5381123568643479e-02
   4.4703551792792662e-01
   9.5747597948946461e-01
   1.4636696697282778e+00
   1.9633622661121168e+00
   2.4543220157111012e+00
