  -2.7334788373839415e+03  -1.5983459224987866e+04  -2.5570771261858568e+04   2.1954386699002716e+03   1.5179478336964468e+04  -1.5484117166931346e+04   1.7734839013300269e+04   1.3475271634382061e+04
  -2.6911608407261815e+03  -1.5993012952783001e+04  -2.5523092560060533e+04   2.3583900730372866e+03   1.5318314635744995e+04  -1.5395947440570953e+04   1.7674388085169441e+04   1.3385482191258849e+04
  -2.6480736105952224e+03  -1.6002108320478521e+04  -2.5474143015667014e+04   2.5212799331208257e+03   1.5456492570129785e+04  -1.5308093088557423e+04   1.7614022758330306e+04   1.3296164622566152e+04
  -2.6042108126791422e+03  -1.6010734143955642e+04  -2.5423926879192808e+04   2.6840940916424597e+03   1.5593999071357806e+04  -1.5220563438892468e+04   1.7553754262594459e+04   1.3207327705524880e+04
  -2.5595662529995566e+03  -1.6018879277733007e+04  -2.5372448557569573e+04   2.8468183938476104e+03   1.5730821144952790e+04  -1.5133367710427839e+04   1.7493593751879424e+04   1.3118980081249498e+04
  -2.5141338792287825e+03  -1.6026532617045452e+04  -2.5319712613482538e+04   3.0094386908454794e+03   1.5866945872741178e+04  -1.5046515011359354e+04   1.7433552302089764e+04   1.3031130253369045e+04
  -2.4679077819821778e+03  -1.6033683099915963e+04   3.1719408417192894e+03   1.6002360414859217e+04  -1.4960014337739263e+04   1.7373640909012258e+04   1.2943786586672888e+04   0.0000000000000000e+00
  -2.1455219916130449e+04  -2.4208821960854839e+03   3.3343107156365636e+03   1.6137052011748990e+04  -1.4873874572007400e+04   1.7313870486225696e+04   1.2856957305781516e+04   1.6269456880400376e+04
  -2.1545315371759614e+04  -2.3730515018168853e+03   3.4965341939590294e+03   1.6271007986142951e+04  -1.4788104481541075e+04   1.7254251863025776e+04   1.2770650493842635e+04   1.6295088687232803e+04
  -2.1634241944092937e+04  -2.3244102261236326e+03   3.6585971723518987e+03   1.6404215745036712e+04  -1.4702712717224285e+04   1.7194795782365421e+04   1.2684874091252701e+04   1.6320549394808209e+04
  -2.1721992993107509e+04  -2.2749530438129896e+03   3.8204855628921250e+03   1.6536662781649677e+04  -1.4617707812036353e+04   1.7135512898811106e+04   1.2599635894404213e+04   1.6345826840181646e+04
  -1.5069963662992490e+04  -2.1808562035234267e+04   3.9821852961753470e+03   1.6668336677373223e+04  -1.4533098179660205e+04   1.7076413776515587e+04   1.2514943554458991e+04   1.6370908839576457e+04
  -1.5206107027059534e+04  -2.1893942744314325e+04   4.1436823234211442e+03   1.6799225103706231e+04  -1.4448892113110689e+04   1.7017508887207481e+04   1.2430804576147611e+04   1.6395783190563852e+04
  -1.5341449806202676e+04  -2.1978128952527673e+04   4.3049626185763245e+03   1.6929315824177269e+04  -1.4365097783383109e+04   1.6958808608198171e+04   1.2347226316595203e+04   1.6420437674247773e+04
  -1.5475979989972337e+04  -2.2061114651294225e+04   4.4660121804158289e+03   1.7058596696253611e+04  -1.4281723238122113e+04   1.6900323220406390e+04   1.2264215984173945e+04   1.6444860057454473e+04
  -1.5609685671522173e+04  -2.2142893992190569e+04   4.6268170345972385e+03   1.7187055673232739e+04  -1.4198776400329587e+04   1.6842062906404120e+04   1.2181780637431759e+04   1.6469038094926607e+04
  -1.5742555049411452e+04  -2.2223461287763916e+04   4.7873632357871775e+03   1.7314680806125962e+04  -1.4116265067062370e+04   1.6784037748475828e+04   1.2099927183963428e+04   1.6492959531521614e+04
  -1.5874576429178514e+04  -2.2302811012172886e+04   4.9476368699296518e+03   1.7441460245539518e+04  -1.4034196908091169e+04   1.6726257726687058e+04   1.2018662379144602e+04   1.6516612104414591e+04
   1.3026028229757881e+04  -1.6005738225543320e+04   5.1076240560683809e+03   1.7567382243504733e+04  -1.3952579464763849e+04   1.6668732717002462e+04   1.1937992825393369e+04   1.6539983545302792e+04
   1.3018036293043955e+04  -1.6136028964055724e+04   1.7692435155323332e+04   1.6611472489398791e+04   1.1857924971043883e+04   1.6563061582614719e+04   0.0000000000000000e+00   0.0000000000000000e+00
   1.3009398758245499e+04  -1.6265437282874893e+04   4.2908432842358952e+03   1.7816607441388940e+04   1.6554486706005195e+04   1.1778465109362782e+04   1.6585833943721584e+04   0.0000000000000000e+00
   1.3000105481312099e+04  -1.6393951934530560e+04   4.2246812620315759e+03  -4.1282672174739837e+03   1.7939887668992931e+04   1.6497784919264159e+04   1.1699619377593734e+04   1.6608288357151079e+04
   1.2990146405691285e+04  -1.6521561787666167e+04   4.1576363781105001e+03  -1.4029127155897469e+04  -4.1802775832292537e+03   1.6441376570113785e+04   1.1621393756029975e+04   1.6630412554803363e+04
   1.2979511564229933e+04  -1.6648255828763336e+04   4.0897061890289433e+03  -1.4028603484858242e+04  -4.2315220849455036e+03   1.6385270986191419e+04   1.1543794067115185e+04   1.6652194274168498e+04
   1.2968191081058474e+04  -1.6774023163847301e+04   4.0208884070816002e+03  -1.4027527616814519e+04  -4.2820059497104949e+03   1.6329477380059505e+04   1.1466825974572723e+04   1.6673621260545420e+04
   1.2956175173457714e+04  -1.6898853020173363e+04   3.9511809009465269e+03  -1.4025910928592190e+04  -4.3317345407535258e+03   1.6274004847453596e+04   1.1390494982563556e+04   1.6694681269261786e+04
   1.2943454153707813e+04  -1.7022734747893664e+04   3.8805816963030925e+03  -1.4023764858221568e+04  -4.3807133563347270e+03   1.6218862365553377e+04   1.1314806434872835e+04   1.6715362067894439e+04
   1.2930018430919243e+04  -1.7145657821704113e+04   3.8090889764228250e+03  -1.4021100902696988e+04  -4.4289480286089092e+03   1.6164058791276608e+04   1.1239765514125358e+04   1.6735651438490135e+04
   1.2915858512845422e+04   3.7367010827330714e+03  -1.4017930615725149e+04  -4.4764443224640336e+03   1.6109602859596827e+04   1.1165377241030119e+04   1.6755537179786177e+04   0.0000000000000000e+00
   1.2900965007676625e+04   5.4662821076727550e+03   3.6634165153534004e+03  -1.4014265605462175e+04  -4.5232081343345462e+03   1.1091646473653871e+04   1.6775007109430571e+04   0.0000000000000000e+00
   1.2885328625807309e+04   5.3938045983900947e+03   3.5892339336131013e+03  -1.4010117532239712e+04  -4.5692454909975304e+03   1.1018577906699507e+04   1.6794049066203974e+04   0.0000000000000000e+00
   1.2868940181597505e+04   5.3220401290819609e+03   3.5141521565266844e+03  -1.4005498106281497e+04  -4.6145625483306148e+03   1.7320655599204383e+04   1.0946176070855818e+04   1.6812650912235913e+04
   1.2851790595141078e+04   5.2509887650824203e+03   3.4381701632136092e+03  -1.4000419085411717e+04  -4.6591655900190808e+03   1.7385214254432944e+04   1.0874445332258270e+04   1.6830800535211005e+04
   1.2833870893934623e+04   5.1806504170119924e+03   3.3612870933763875e+03  -1.3994892272749350e+04  -4.7030610263180033e+03   1.7449956075327194e+04   1.0803389891731276e+04   1.6848485850599347e+04
   1.2815172214592563e+04   5.1110248409770247e+03   3.2835022476795648e+03  -1.3988929514397481e+04  -4.7462553927240515e+03   1.7514870434929708e+04   1.0733013784266243e+04   1.6865694803862887e+04
   1.2795685804523655e+04   5.0421116388065620e+03   3.2048150881207457e+03  -1.3982542697122975e+04  -4.7887553486414963e+03   1.7579946616555353e+04   1.0663320878472508e+04   1.6882415372665222e+04
   1.2775403023587038e+04   4.9739102583167696e+03  -1.6180987240684282e+04   3.1252252383738210e+03  -1.3975743746028220e+04  -4.8305676760243632e+03   1.7645173815668346e+04   1.6898635569078302e+04
   1.2754315345727555e+04   4.9064199936028044e+03  -1.6160219077476786e+04   3.0447324841043383e+03  -1.3968544622215140e+04  -4.8716992779948496e+03   1.7710541141774887e+04   1.6914343441785903e+04
   1.2732414360590104e+04   4.8396399853581452e+03  -1.6139449006230747e+04   2.9633367732569473e+03  -1.3960957320442198e+04  -4.9121571774383074e+03   1.7776037620331455e+04   1.6929527078283205e+04
   1.2709691775112837e+04   4.7735692212213407e+03  -1.6118688138993712e+04   2.8810382163149020e+03  -1.3952993866774539e+04  -4.9519485155749353e+03   1.7841652194668030e+04   1.6944174607072368e+04
   1.2686139415098789e+04   4.7082065361501036e+03  -1.6097947524925659e+04   2.7978370865315637e+03  -1.3944666316227982e+04  -4.9910805505084600e+03   1.7907373727926395e+04   1.6958274199853662e+04
   1.2661749226766031e+04   4.6435506128227362e+03  -1.6077238148386858e+04  -1.3935986750407150e+04  -5.0295606557519686e+03   1.7973191005012592e+04   1.5266641877544325e+04   1.6971814073711685e+04
   1.2636513278275761e+04   4.5795999820668258e+03  -1.6056570927041479e+04  -1.3926967275138237e+04  -5.0673963187311674e+03   1.8039092734563645e+04   1.5376501328034621e+04   1.6984782493296447e+04
   1.2610423761238393e+04   4.5163530233151123e+03  -1.6035956709977127e+04  -1.3917620018096886e+04  -5.1045951392653187e+03   1.8105067550927964e+04   1.5486477116278566e+04   1.6997167772998895e+04
   1.2583472992197245e+04   4.4538079650885502e+03  -1.6015406275840678e+04  -1.3907957126431615e+04  -5.1411648280260215e+03   1.8171104016159079e+04   1.5596557776845668e+04   1.7008958279120463e+04
   1.2555653414093262e+04   4.3919628855055635e+03  -1.5994930330988353e+04  -1.3897990764385944e+04  -5.1771132049664857e+03   1.8237190622019421e+04   1.5706731774702381e+04   1.7020142432032291e+04
   1.2526957597700915e+04   4.3308157128197554e+03  -1.5974539507656269e+04  -1.3887733110912401e+04  -5.2124481977423138e+03   1.8303315792001908e+04   1.5816987507157888e+04   1.7030708708334787e+04
   1.2497378243029727e+04   4.2703642259872813e+03  -1.5954244362155167e+04  -1.3877196357274290e+04  -5.2471778401364945e+03   1.8369467883373691e+04   1.5927313305807698e+04   0.0000000000000000e+00
   1.2466908180737713e+04   4.2106060552526787e+03  -1.5934055373060311e+04  -1.3866392704672491e+04  -5.2813102703855675e+03   1.8435635189201552e+04   1.6037697438530495e+04  -1.1098724868829282e+04
   1.2435540373492371e+04   4.1515386827684169e+03  -1.5913982939437126e+04  -1.3855334361847154e+04  -5.3148537295495498e+03   1.8501805940414106e+04   1.6148128111461079e+04  -1.0945263888350739e+04
   1.2403267917316129e+04   4.0931594432391839e+03  -1.5894037379079362e+04  -1.3844033542684103e+04  -5.3478165598433898e+03   1.8567968307867988e+04   1.6258593470983675e+04  -1.0791456481030518e+04
   1.2370084042908180e+04   4.0354655245927279e+03  -1.5874228926765139e+04  -1.3832502463819936e+04  -5.3802072029482051e+03   1.8634110404425170e+04   1.6369081605735373e+04  -1.0637316779728140e+04
   1.2335982116942345e+04   3.9784539686771559e+03  -1.5854567732531110e+04  -1.3820753342246415e+04  -5.4120341983024682e+03   1.8700220287040396e+04   1.6479580548619222e+04  -1.0482858946606781e+04
   1.2300955643340922e+04   3.9221216719845934e+03  -1.5835063859964892e+04  -1.3808798392914605e+04   1.8766285958858894e+04   1.6590078278826983e+04  -1.0328097170980089e+04   1.4852986973613906e+04
   3.8664653864010843e+03  -1.5815727284515975e+04  -1.6747029022343086e+04  -1.3796649826339024e+04   1.8832295371323664e+04   1.6700562723870586e+04  -1.0173045667154311e+04   1.4843761560506384e+04
   3.8114817199826102e+03  -1.5796567891825409e+04  -1.6848009621312103e+04  -1.3784319846202612e+04   1.8898236426292096e+04   1.6811021761622509e+04  -1.0017718672265932e+04   1.4834588614841490e+04
   3.7571671377571142e+03  -1.5777595476074335e+04  -1.6949063896732954e+04  -1.3771820646962689e+04   1.8964096978161615e+04   1.6921443222364087e+04  -9.8621304441153206e+03   1.4825478258968898e+04
   3.7035179625524047e+03  -1.5758819738351658e+04  -1.7050179738906627e+04  -1.3759164411458492e+04   1.9029864836003730e+04   1.7031814890841830e+04  -9.7062952589966189e+03   1.4816440552677612e+04
   3.6505303758497980e+03  -1.5740250285041026e+04  -1.7151344972863142e+04  -1.3746363308520791e+04   1.9095527765706360e+04   1.7142124508331079e+04  -9.5502274095242465e+03   1.4807485491211824e+04
  -1.5721896626227253e+04  -1.7252547360365435e+04   1.9161073492123880e+04   1.7252359774706736e+04  -9.3939412024564208e+03   1.4798623003299766e+04   0.0000000000000000e+00   0.0000000000000000e+00
  -1.5703768174127888e+04  -1.7353774601927009e+04  -2.0912869622030845e+04   1.9226489701239283e+04   1.7362508350518925e+04  -9.2374509565174722e+03   1.4789862949191487e+04  -1.5392383941405340e+04
  -1.5685874241535321e+04  -1.7455014338834662e+04  -2.0977172933341197e+04   1.7472557859077748e+04  -9.0807710002152435e+03   1.4781215118717924e+04  -1.5356921633726583e+04   0.0000000000000000e+00
  -1.5668224040261128e+04  -1.7556254155170671e+04  -2.1041016099538381e+04   1.7582495888549183e+04  -8.9239156696514565e+03   1.4772689229378744e+04  -1.5320464273269974e+04   0.0000000000000000e+00
  -1.5650826679655023e+04  -1.7657481579877000e+04  -2.1104386459372879e+04   1.7692309994040079e+04  -8.7668993063458365e+03   1.4764294924400288e+04  -1.5283006278745492e+04   0.0000000000000000e+00
  -1.5633691165098879e+04  -1.7758684088802140e+04  -2.1167271376196968e+04   1.7801987699701753e+04  -8.6097362550461567e+03   1.4756041770845248e+04  -1.5244542209140844e+04   0.0000000000000000e+00
  -1.5616826396533936e+04  -1.7859849106764286e+04  -2.1229658240145709e+04   1.7911516500834477e+04  -8.4524408615409211e+03   1.4747939257727528e+04  -1.5205066764848018e+04   0.0000000000000000e+00
  -1.5600241167008644e+04  -1.7960964009623371e+04  -2.1291534470312843e+04   1.8020883865996260e+04  -8.2950274704714157e+03   1.4739996794142582e+04  -1.5164574788766327e+04   0.0000000000000000e+00
  -1.5583944161247380e+04  -1.8062016126361319e+04  -2.1352887516921164e+04  -8.1375104231435926e+03   1.4732223707413925e+04  -1.5123061267381998e+04   0.0000000000000000e+00   0.0000000000000000e+00
  -1.5567943954240081e+04  -1.8162992741170336e+04  -2.1413704863487084e+04  -7.9799040553400473e+03   1.4724629241255909e+04  -1.5080521331824020e+04   0.0000000000000000e+00   0.0000000000000000e+00
  -1.5552249009853227e+04  -1.8263881095548822e+04  -2.1473974028978882e+04  -2.5516831892269132e+04  -7.8222226951324874e+03   1.4717222553953312e+04  -1.5036950258895986e+04   0.0000000000000000e+00
  -1.5536867679461880e+04  -1.8364668390404524e+04  -2.1533682569968558e+04  -2.5458536990608514e+04  -7.6644806606950069e+03   1.4710012716557940e+04  -1.4992343472084047e+04   0.0000000000000000e+00
  -1.8465341788164664e+04  -2.1592818082776615e+04  -2.5399032681953533e+04  -7.5066922581185909e+03   1.4703008711102741e+04  -1.4946696542540474e+04   0.0000000000000000e+00   0.0000000000000000e+00
  -1.8565888414892543e+04  -2.1651368205609710e+04  -2.5338326257931738e+04  -7.3488717792271100e+03   1.4696219428833681e+04  -1.4900005190042966e+04  -1.9291114187801370e+04   0.0000000000000000e+00
  -1.8666295362410438e+04  -2.1709320620690509e+04  -2.5276425152134016e+04  -7.1910334993952465e+03   1.4689653668459789e+04  -1.4852265283929344e+04  -1.9171122028450496e+04  -1.0318803524355466e+04
  -1.8766549690428274e+04  -2.1766663056379857e+04  -2.5213336938922752e+04  -7.0331916753686610e+03  -1.4803472844007596e+04  -1.9050501968926645e+04  -1.0270059574046249e+04   0.0000000000000000e+00
  -1.8866638428674782e+04  -2.1823383289288719e+04  -2.5149069332221359e+04  -6.8753605430888410e+03  -1.4753624041442394e+04  -1.8929266514547715e+04  -1.0221954984110573e+04   0.0000000000000000e+00
  -1.8966548579038998e+04  -2.1879469146384443e+04  -2.5083630184278842e+04  -6.7175543155173191e+03   2.9217487600298346e+03  -1.4702715199614444e+04  -1.8807428226240296e+04  -1.0174488547889838e+04
  -1.9066267117726220e+04  -2.1934908507093533e+04  -2.5017027484405629e+04  -6.5597871804561919e+03   3.0295225370779481e+03  -1.4650742794950507e+04  -1.8684999718572093e+04  -1.0127658901272520e+04
  -1.9165780997388523e+04  -2.1989689305378299e+04  -2.4949269357713718e+04  -6.4020732983936123e+03   3.1380892994808551e+03  -1.4597703457741052e+04  -1.8561993657794181e+04  -1.0081464523041015e+04
  -1.9265077149284007e+04  -2.2043799531817880e+04  -2.4880364063815905e+04  -6.2444268003356265e+03   3.2474429024891756e+03  -1.4543593972921857e+04  -1.8438422759859743e+04  -1.0035903735235073e+04
  -1.9364142485433087e+04  -2.2097227235675320e+04  -2.4810319995510843e+04  -6.0868617856472029e+03   3.3575770410098216e+03  -1.4488411280833125e+04  -1.8314299788439017e+04  -9.9909747035472828e+03
  -2.2149960526954317e+04  -2.4739145677448236e+04  -5.9293923198980765e+03   3.4684852504630544e+03  -1.4432152477952939e+04  -1.8189637552926728e+04  -9.9466754377471934e+03   0.0000000000000000e+00
  -2.2201987578445394e+04  -2.4666849764774430e+04   3.5801609076671875e+03  -1.4374814817605020e+04  -1.8064448906442070e+04   1.4162181239799203e+04  -9.9030037921339735e+03   0.0000000000000000e+00
  -2.2253296627760999e+04  -2.4593441041758495e+04   3.6925972317507294e+03  -1.4316395710640674e+04  -1.7938746743821775e+04   1.4276981560840706e+04  -9.8599574660176131e+03   0.0000000000000000e+00
  -2.2303875979359436e+04  -2.4518928420399297e+04   3.8057872850918648e+03  -1.4256892726094757e+04  -1.7812543999606503e+04   1.4390750232036877e+04  -9.8175340042287298e+03   0.0000000000000000e+00
  -2.2353714006557013e+04  -2.4443320939013407e+04   3.9197239742850497e+03  -1.4196303591815624e+04  -1.7685853646020849e+04   1.4503479864674493e+04  -9.7757307976566517e+03   0.0000000000000000e+00
  -2.2402799153528369e+04  -2.4366627760804400e+04   4.0344000511346103e+03  -1.4134626195068953e+04  -1.7558688690947314e+04   1.4615163219116002e+04  -9.7345450838160323e+03   0.0000000000000000e+00
  -2.2451119937294530e+04  -2.4288858172413566e+04   4.1498081136751307e+03  -1.4071858583115249e+04  -1.7431062175894684e+04   1.4725793205880414e+04  -9.6939739474417456e+03   0.0000000000000000e+00
  -2.2498664949698363e+04  -2.4210021582452260e+04   4.2659406072185157e+03  -1.4007998963761120e+04  -1.7302987173960821e+04   1.4835362886700237e+04  -9.6540143211120048e+03   0.0000000000000000e+00
  -2.2545422859367140e+04  -2.4130127520016209e+04   4.3827898254274523e+03  -1.3943045705884071e+04  -1.7174476787790620e+04   1.4943865475553881e+04  -9.6146629858997312e+03   0.0000000000000000e+00
  -2.2591382413664753e+04  -2.4049185633181572e+04   4.5003479114182956e+03  -1.3876997339930518e+04  -1.7045544147526416e+04   1.5051294339665381e+04  -9.5759165720509318e+03   0.0000000000000000e+00
  -2.5844604376203874e+03  -2.3967205687484024e+04   4.6186068588846902e+03  -1.6916202408758629e+04   1.5157643000493397e+04  -9.5377715596929429e+03   0.0000000000000000e+00   0.0000000000000000e+00
  -2.7102095542448069e+03  -2.3884197564381469e+04   4.7375585132367460e+03  -1.6786464750481529e+04   1.5262905134722660e+04  -9.5002242795738330e+03   0.0000000000000000e+00   0.0000000000000000e+00
  -2.8366180309789825e+03  -2.3800171259696221e+04   4.8571945727973853e+03  -1.6656344373017597e+04   1.5367074575146895e+04  -9.4632709138195005e+03   1.3619428500462840e+04   0.0000000000000000e+00
  -2.9636772321568292e+03  -2.3715136882043025e+04   4.9775065899980245e+03  -1.6525854495961405e+04   1.5470145311595761e+04  -9.4269074967270244e+03   1.3599996312911866e+04   0.0000000000000000e+00
  -3.0913783889482070e+03  -2.3629104651239675e+04   5.0984859726067816e+03  -1.6395008356114202e+04   1.5572111491816828e+04  -9.3911299155832039e+03   1.3581156797199048e+04   2.2386935242718835e+04
  -3.2197126006174722e+03  -2.3542084896701079e+04   5.2201239849817703e+03  -1.6263819205415597e+04   1.5672967422332140e+04  -9.3559339115106905e+03   1.3562908030467663e+04   2.2301408252274196e+04
  -3.3486708358047722e+03  -2.3454088055817221e+04   5.3424117493492304e+03  -1.6132300308872989e+04   1.5772707569268585e+04  -9.3213150803414992e+03   1.3545247924430962e+04   2.2215179386987224e+04
  -3.4782439338298864e+03  -2.3365124672314992e+04   5.4653402471063391e+03  -1.6000464942488907e+04   1.5871326559162424e+04  -9.2872688735177544e+03   1.3528174225912184e+04   2.2128260939219970e+04
  -3.6084226060183864e+03  -2.3275205394604538e+04   5.5889003201484138e+03  -1.5868326391186578e+04   1.5968819179737446e+04  -9.2537905990196759e+03   1.3511684517418058e+04   2.2040665258635738e+04
  -3.7391974370498874e+03  -2.3184340974109811e+04   5.7130826722203110e+03  -1.5735897946734198e+04   1.6065180380656708e+04  -9.2208754223205051e+03   1.3495776217745486e+04   2.1952404750072285e+04
  -3.8705588863281691e+03  -2.3092542263584248e+04   5.8378778702917925e+03  -1.5603192905668082e+04   1.6160405274247862e+04  -9.1885183673683678e+03   1.3480446582621411e+04   2.1863491871407405e+04
  -4.0024972893729464e+03  -2.2999820215411073e+04   5.9632763459566322e+03  -1.5470224567215157e+04   1.6254489136201457e+04  -9.1567143175948368e+03   1.3465692705375566e+04   2.1773939131417152e+04
  -4.1350028592330136e+03  -2.2906185879889363e+04   6.0892683968552046e+03  -1.5337006231215082e+04   1.6347427406242670e+04  -9.1254580169501151e+03   1.3451511517646029e+04   2.1683759087627230e+04
  -4.2680656879206063e+03  -2.2811650403505075e+04   6.2158441881203053e+03  -1.5203551196042306e+04   1.6439215688775799e+04  -9.0947440709646271e+03   1.3437899790117321e+04   2.1592964344157779e+04
  -4.4016757478594000e+03  -2.2716225027187302e+04   6.3429937538438153e+03  -1.5069872756531182e+04   1.6529849753505921e+04  -9.0645669478374421e+03   1.3424854133298726e+04   2.1501567549533473e+04
  -4.5358228933656246e+03  -6.5603956525049953e+03   6.4707069985698590e+03  -1.4935984201897056e+04   1.6619325536025874e+04  -9.0349209795498919e+03   1.3412370998321474e+04   2.1409581394536857e+04
  -4.6704968621735889e+03  -6.5764242225589433e+03   2.4388492471987138e+04   6.5989736988177374e+03  -1.4801898813649595e+04   1.6707639138361435e+04   1.3400446677742404e+04   2.1317018610151805e+04
  -4.8056872769082911e+03  -6.5924633443695857e+03   2.4327390484187381e+04   6.7277835046049577e+03  -1.4667629863534343e+04   1.6794786829532524e+04   1.3389077306457390e+04   2.1223891965211733e+04
  -4.9413836466387183e+03  -6.6085238192271772e+03   2.4265334717357968e+04   6.8571259410106204e+03  -1.4533190611453585e+04   1.6880765046050376e+04   1.3378258862581630e+04   2.1130214264284474e+04
  -5.0775753684339925e+03  -6.6246164247801080e+03   2.4202335557164679e+04   6.9869904097554936e+03   1.6965570392397080e+04   1.3367987168379075e+04   7.4258870776216017e+03   2.1035998345486052e+04
  -5.2142517289389079e+03  -6.6407519127939977e+03   2.4138403487837681e+04   7.1173661908034574e+03   1.7049199641476844e+04   1.3358257891223167e+04   7.4066841714564116e+03   2.0941257078290910e+04
  -5.3514019059686379e+03  -6.6569410069145451e+03   2.4073549090399105e+04   7.2482424439842162e+03   1.7131649735039518e+04   1.3349066544588335e+04   7.3879671944950269e+03   2.0846003361338589e+04
  -5.4890149701223272e+03  -6.6731944004345833e+03   2.4007783040875951e+04   7.3796082106368594e+03   1.7212917784075624e+04   1.3340408489072182e+04   7.3697278196905654e+03   2.0750250120237451e+04
  -5.6270798864153103e+03  -6.6895227540657706e+03   2.3941116108498911e+04   7.5114524152740669e+03   1.7293001069183276e+04   1.3332278933448088e+04   7.3519576038031873e+03   2.0654010305365980e+04
  -5.7655855159296498e+03  -6.7059366937154200e+03   2.2259126039906263e+04   2.3873559153887272e+04   7.6437638672666799e+03   1.3324672935747909e+04   7.3346479890937608e+03   2.0557296889671739e+04
  -5.9045206174827672e+03  -6.7224468082688663e+03   2.2297437493010912e+04   2.3805123127220082e+04   7.7765312625482966e+03   1.3317585404374509e+04   7.3177903050381219e+03   2.0460122866468650e+04
  -6.0438738493138835e+03  -6.7390636473779105e+03   2.2334924721409097e+04   2.3735819066394208e+04   7.9097431853397156e+03   1.3311011099244024e+04   7.3013757700615888e+03   2.0362501247232871e+04
  -6.1836337707879047e+03  -6.7557977192556646e+03   2.2371576900072258e+04   2.3665658095169147e+04   2.4400469265053052e+04   1.3304944632957202e+04   7.2853954932934093e+03   2.0264445059397676e+04
  -6.3237888441166206e+03  -6.7726594884784163e+03   2.2407383291678314e+04   2.3594651421299342e+04   2.4403828836143184e+04   1.3299380472000059e+04   7.2698404763408626e+03   2.0165967344147775e+04
  -6.4643274361030144e+03  -6.7896593737911244e+03   2.2442333248511863e+04   2.3522810334635869e+04   2.4405904686480848e+04   1.3294312937964534e+04   7.2547016150807922e+03   2.0067081154229410e+04
  -6.6052378198915731e+03  -6.8068077459270780e+03   2.2476416214359666e+04   2.3450146205247049e+04   2.4406701375803517e+04   1.3289736208812259e+04   7.2399697014733338e+03   1.9967799551733304e+04
  -6.8241149254481143e+03   2.2509621726412144e+04   2.3376670481586956e+04   2.4406223630771252e+04   1.3285644320194486e+04   7.2256354254003727e+03   1.9868135605825046e+04   0.0000000000000000e+00
   7.3289468289069582e+03  -6.8415911805562773e+03   2.2541939417084875e+04   2.3302394688470380e+04   2.4404476343969702e+04   1.3282031166714332e+04   7.2116893765037512e+03   1.9768102390638243e+04
   7.2212326972558194e+03  -6.8592467249456595e+03   2.2573359015877479e+04   2.3227330425187774e+04   2.4401464573082012e+04   1.3278890503287506e+04   7.1981220460569257e+03   1.9667712983034664e+04
   7.1125381452638794e+03  -6.8770917156552614e+03   2.2603870351201396e+04   2.3151489363567685e+04   2.4397193539977365e+04   1.3276215946510689e+04   7.1849238288500119e+03   1.9566980460403320e+04
   7.0028683755910861e+03  -6.8951362509319788e+03   2.2633463352191149e+04   2.3074883246028367e+04   2.4391668629770906e+04   1.3274000976056652e+04   7.1720850250921931e+03   1.9465917898461816e+04
   6.8922287493587637e+03  -6.9133903681040729e+03   2.2662128050498515e+04   2.2997523883619371e+04   2.4384895389855476e+04   1.3272238936095986e+04   7.1595958423310431e+03   1.9364538369060181e+04
   6.7806247854426929e+03  -6.9318640414656575e+03   2.2689854582069802e+04   2.2919423154053107e+04   2.4376879528904887e+04   1.3270923036744980e+04   7.1474463973885840e+03   1.9262854937987697e+04
   6.6680621597413392e+03   2.2716633188905307e+04   2.2840592999726778e+04   1.4899691554535699e+04   2.4367626915849316e+04   1.3270046355539323e+04   7.1356267183135496e+03   1.9160880662782947e+04
   6.5545467044195639e+03   2.2742454220801323e+04   2.2761045425735127e+04   1.4916675858180481e+04   2.4357143578822604e+04   1.3269601838933397e+04   7.1241267463496979e+03   0.0000000000000000e+00
   6.4400844071278289e+03   1.1531613021751725e+03   2.2767308137073884e+04   1.4934187187740523e+04   2.4345435704081938e+04   1.3269582303824645e+04   7.1129363379195938e+03   1.4662714364882233e+04
   6.3246814101971122e+03   1.1302458135169829e+03   2.2791185508264269e+04   1.4952226597880557e+04   2.4332509634899736e+04   1.3269980439102737e+04   7.1020452666237425e+03   1.4587943726841419e+04
   6.2083440098096407e+03   1.1073975255643029e+03  -1.3191908905146833e+04   2.2814077017825824e+04   1.4970794989171802e+04   2.4318371870428353e+04   7.0914432252545421e+03   1.4511979659629300e+04
   6.0910786551456122e+03   1.0846060285460028e+03  -1.3199243506120825e+04   2.2835973463792023e+04   1.4989893107907626e+04   2.4303029064537353e+04   7.0811198278247703e+03   1.4434822336673669e+04
   5.9728919475000430e+03   1.0618608970620216e+03  -1.3207153942669762e+04   2.2856865760432007e+04   1.5009521545952299e+04   2.4286488024632821e+04   7.0710646116134585e+03   1.4356472112484003e+04
   5.8537906393861831e+03   1.0391516921895684e+03  -1.3215644834834960e+04   2.2876744939875269e+04   1.5029680740613368e+04   2.4268755710434300e+04   7.0612670392199943e+03   1.4276929522929140e+04
   5.7337816336353362e+03   1.0164679635759869e+03  -1.5540848779719379e+04  -1.3224720643281715e+04   2.2895602153693813e+04   1.5050370974532043e+04   2.4249839232694758e+04   1.4196195285509482e+04
   5.6128719824125646e+03   9.9379925158384128e+02  -1.5559214720363043e+04  -1.3234385668454153e+04   2.2913428674533367e+04   1.5071592375638220e+04   2.4229745851986070e+04   1.4114270299520225e+04
   5.4910688862596617e+03   9.7113508939694384e+02  -1.5578144084514090e+04  -1.3244644049696961e+04   2.2930215897667073e+04   1.5093344917105987e+04   2.4208482977381809e+04   1.4031155646247989e+04
   5.3683796931010365e+03   9.4846500513961075e+02  -1.5597635319806976e+04  -1.3255499764426189e+04   2.2945955342544683e+04   1.5115628417346546e+04   2.4186058165135033e+04   1.3946852589118436e+04
   5.2448118972267666e+03   9.2577852399733001e+02  -1.5617686723630195e+04  -1.3266956627331327e+04   2.2960638654320970e+04   1.5138442540030801e+04   2.4162479117330342e+04   1.3861362573812396e+04
   5.1203731382529277e+03  -1.5638296443447967e+04  -1.3279018289608899e+04   2.2974257605363211e+04   1.5161786794141237e+04  -8.9530029440727922e+03   2.4137753680510130e+04   1.3774687228350636e+04
   4.9950712000593949e+03  -1.5659462477144951e+04  -1.3291688238227720e+04   2.2986804096737444e+04   1.5185660534053333e+04  -8.8311198565984541e+03   1.3686828363147168e+04   0.0000000000000000e+00
   4.8689140097052887e+03  -1.5681182673393849e+04  -2.2442774756710660e+04  -1.3304969795225859e+04   2.2998270159673342e+04   1.5210062959646284e+04  -8.7083053934792551e+03   1.3597787971030952e+04
   4.7419096363222825e+03  -1.5703454732045495e+04  -2.2379147459977226e+04  -1.3318866117039475e+04   2.5095842843325783e+04   1.5234993116442982e+04  -8.5845669496745195e+03   1.3507568227236139e+04
   4.6140662899859171e+03  -1.5726276204541924e+04  -2.2314899200103133e+04  -1.3333380193863683e+04   2.5153162248282824e+04   1.5260449895779362e+04  -8.4599120667058596e+03   1.3416171489360582e+04
   4.4853923205651081e+03  -1.5749644494351771e+04  -2.2250041952951538e+04  -1.3348514849045416e+04   2.5209405747118111e+04   1.5286432035002825e+04  -8.3343484316461509e+03   1.3323600297292736e+04
   4.3558962165500934e+03  -1.5773556857428290e+04  -2.2184587734707839e+04  -2.4854115122024592e+04  -1.3364272738508644e+04   1.5312938117699839e+04  -8.2078838760843028e+03   1.3229857373106877e+04
   4.2255866038589320e+03  -1.5798010402689706e+04  -2.2118548599781967e+04  -2.4906754661587816e+04  -1.3380656350211615e+04   1.5339966573952577e+04  -8.0805263750661697e+03   1.3134945620926555e+04
   4.0944722446280098e+03  -1.5823002092518755e+04  -2.2051936638705953e+04  -2.4958326301538167e+04  -1.3397668003630286e+04   1.5367515680620041e+04  -7.9522840460148645e+03   1.3038868126762431e+04
   3.9625620359726599e+03  -1.5848528743289791e+04  -2.1984763976028844e+04  -2.5008820922252824e+04  -1.3415309849285060e+04   1.5395583561655692e+04  -7.8231651476220422e+03   1.2941628158307985e+04
   3.8298650087097344e+03  -1.5874587025928491e+04  -2.1917042768210766e+04  -2.5058229527220927e+04  -1.3433583868321486e+04   1.5424168188468564e+04  -7.6931780787052439e+03   0.0000000000000000e+00
   3.6963903261119958e+03  -1.5901173466461682e+04  -2.3062222507874183e+04  -2.1848785201507028e+04  -2.5106543244511595e+04  -1.3452491872058388e+04   1.5453267380268211e+04  -7.5623313770740833e+03
   3.5621472825985657e+03  -1.5928284446615624e+04  -2.3032742690079398e+04  -2.1780003489855440e+04  -2.5153753328275572e+04  -1.3472035501622773e+04   1.5482878804475564e+04  -7.4306337183466849e+03
   3.4271453024172383e+03  -1.5955916204428686e+04  -2.3002278478517695e+04  -2.1710709872759729e+04  -2.5199851160211983e+04  -1.3492216227602405e+04   1.5512999977151845e+04  -7.2980939147506879e+03
   3.2913939383068141e+03  -1.5984064834885767e+04  -2.2970839724004618e+04  -2.1640916613171186e+04  -2.5244828251014762e+04  -1.3513035349731133e+04   1.5543628263455872e+04  -7.1647209139015267e+03
   3.1549028701396583e+03  -1.6012726290574323e+04  -2.2938436389484432e+04  -2.1570635995368775e+04  -2.5288676241798410e+04  -1.3534493996607049e+04   1.5574760878129628e+04  -7.0305237975582068e+03
   3.0176819035447224e+03  -1.6041896382361805e+04  -2.2905078548213751e+04  -2.1499880322838180e+04  -2.5331386905503052e+04  -1.3556593125443318e+04  -6.8955117803567873e+03   0.0000000000000000e+00
  -1.6071570780094604e+04  -2.2870776381926280e+04  -2.1428661916150042e+04  -2.5372952148278418e+04  -1.3579333521851982e+04  -2.3298700507410918e+04   5.0148711955687777e+03  -6.7596942085217979e+03
  -1.6101745013318148e+04  -2.2835540178979383e+04  -2.1356993110837750e+04  -2.5413364010846744e+04  -1.3602715799660557e+04  -2.3267361836128948e+04   5.1267196961361169e+03  -6.6230805585556554e+03
  -1.6132414472018178e+04  -2.2799380332482662e+04  -2.1284886255275316e+04  -2.5452614669843959e+04  -1.3626740400761415e+04  -2.3234728525628532e+04   5.2376284882959280e+03  -6.4856804359064736e+03
  -1.6163574407383105e+04  -2.2762307338408868e+04  -2.1212353708555613e+04  -2.5490696439139538e+04  -1.3651407594994200e+04  -2.3200798942327579e+04   5.3475923159742615e+03  -6.3475035736143554e+03
  -1.6195219932587210e+04  -2.2724331793687506e+04  -2.1139407838369058e+04  -2.5527601771134236e+04  -1.3676717480060968e+04  -2.3165571621280393e+04   5.4566060861946853e+03  -6.2085598309363431e+03
  -1.6227346023594706e+04  -2.2685464394281469e+04  -2.1066061018883633e+04  -2.5563323258035933e+04  -1.3702669981474215e+04  -2.3129045266523437e+04   5.5646648697489445e+03  -6.0688591919504088e+03
  -1.6259947519989821e+04  -2.2645715933246214e+04  -2.0992325628627554e+04  -2.5597853633119623e+04  -1.3729264852544517e+04  -2.3091218751385510e+04   5.6717639018376822e+03  -5.9284117641366329e+03
  -1.6293019125818206e+04  -2.2605097298774152e+04  -2.0918214048371388e+04  -2.5631185771953864e+04  -1.3756501674389418e+04  -2.3052091118786153e+04  -5.7872277769410330e+03  -7.9431599233696961e+03
  -1.6326555410430748e+04  -2.2563619472225368e+04  -2.0843738659007671e+04  -2.5663312693583128e+04  -2.3011661581535420e+04  -5.6453175803250688e+03  -7.9306908689098400e+03   0.0000000000000000e+00
  -1.6360550809402426e+04  -2.2521293526135316e+04  -2.0768911839447068e+04  -2.5694227561752748e+04  -2.2969929522520495e+04  -5.5026916432762682e+03  -7.9181976288625938e+03   0.0000000000000000e+00
  -1.6394999625425877e+04  -2.2478130622213328e+04  -2.0693745964505702e+04  -2.5723923686056438e+04  -2.2926894494937347e+04  -5.3593605523144588e+03  -7.9056691723653912e+03   0.0000000000000000e+00
  -1.6429896029237592e+04  -2.2434142009324918e+04  -2.0618253402798895e+04  -2.5752394523075651e+04  -2.2882556222475516e+04  -5.2153350099740110e+03  -7.8930944466048713e+03   0.0000000000000000e+00
  -1.6465234060563893e+04  -2.2389339021459193e+04  -2.0542446514638501e+04  -2.5779633677495636e+04  -2.2836914599476142e+04  -7.8804623790440655e+03   0.0000000000000000e+00   0.0000000000000000e+00
  -1.6501007629086856e+04  -2.2343733075682328e+04  -2.0466337649934158e+04  -2.5805634903197970e+04  -2.2789969691063088e+04  -1.4946619546728496e+04  -6.2713733109063523e+03  -7.8677618796548049e+03
  -1.6537210515429670e+04  -2.2297335670077100e+04  -2.0389939146098703e+04  -2.5830392104329170e+04  -2.2741721733247119e+04  -1.4820376749103807e+04  -6.1515423118586641e+03  -7.8549818431548420e+03
  -1.6573836372161590e+04  -2.2250158381669218e+04  -2.0313263325958327e+04  -2.5853899336345585e+04  -2.2692171133003278e+04  -1.4694137701216669e+04  -6.0322833280819714e+03  -7.8421111512493808e+03
  -2.2202212864340367e+04  -2.0236322495667595e+04  -2.5876150807034232e+04  -2.2641318468321311e+04  -1.4567915382468662e+04  -5.9136046264898414e+03  -7.8291386748764635e+03   0.0000000000000000e+00
  -2.2153510846728655e+04  -1.4554487171216007e+04  -2.5897140877509286e+04  -2.2589164488229220e+04  -1.4441722724380199e+04  -5.7955143443353463e+03  -7.8160532764558884e+03   0.0000000000000000e+00
  -2.2104064130116931e+04  -1.4695484171908163e+04  -2.5916864063184323e+04  -2.2535710112789900e+04  -1.4315572608589811e+04  -5.6780204880060492e+03  -7.8028438121411373e+03   0.0000000000000000e+00
  -2.2053884586308861e+04  -1.4836093012508731e+04  -2.5935315034719886e+04  -2.2480956433071013e+04  -1.4189477864861114e+04  -5.5611309318414787e+03  -7.7894991340739707e+03   0.0000000000000000e+00
  -1.4976299940397827e+04  -2.5952488618946609e+04  -2.2424904711087878e+04  -1.4063451269097834e+04  -5.4448534169732548e+03  -7.7760080926411538e+03   0.0000000000000000e+00   0.0000000000000000e+00
  -1.5116091230684462e+04  -2.5968379799756447e+04  -2.2367556379728328e+04  -1.3937505541366714e+04  -5.3291955501824496e+03  -7.7623595387337355e+03   0.0000000000000000e+00   0.0000000000000000e+00
  -1.5255453188355685e+04  -2.5982983718980708e+04  -2.2308913042635912e+04  -1.3811653343929844e+04  -5.2141648027897145e+03  -7.7485423260063344e+03   0.0000000000000000e+00   0.0000000000000000e+00
  -1.5394372150420528e+04  -2.5996295677265887e+04  -2.2248976474036848e+04  -1.3685907279287141e+04  -5.0997685095874558e+03  -7.7345453131348504e+03   0.0000000000000000e+00   0.0000000000000000e+00
  -1.5532834488052598e+04  -2.6008311134854779e+04  -2.2187748618629259e+04  -8.5412798597970141e+03  -1.3560279888224093e+04  -4.9860138677384139e+03  -7.7203573660821385e+03   0.0000000000000000e+00
  -1.5670826608725112e+04  -2.6019025712399991e+04  -2.2125231591371692e+04  -8.5851430762226391e+03  -1.3434783647872418e+04  -4.8729079357453938e+03  -7.7059673603574356e+03   0.0000000000000000e+00
  -1.5808334958341369e+04  -2.6028435191735894e+04  -2.2061427677265568e+04  -8.6296292321578294e+03  -1.3309430969779676e+04   1.7304500020034626e+04  -4.7604576324317559e+03  -7.6913641832771073e+03
  -1.5945346023359618e+04  -2.6036535516624972e+04  -2.1996339331110954e+04  -8.6747416141601479e+03  -1.3184234197989044e+04   1.7436442608475281e+04  -4.6486697359459849e+03  -7.6765367362244833e+03
  -1.6081846332911886e+04  -2.6043322793478554e+04  -2.1929969177235631e+04  -8.7204833545645306e+03  -1.3059205607129594e+04   1.7567872206004140e+04  -4.5375508827905669e+03  -7.6614739369084518e+03
  -1.6217822460916617e+04  -2.6048793292051552e+04  -2.1862320009197712e+04  -8.7668574307071231e+03  -1.2934357400517310e+04   1.7698774727023301e+04  -4.4271075668752965e+03  -7.6461647216202491e+03
  -1.6353261028184403e+04  -2.1793394789461778e+04  -8.8138666641797936e+03  -1.2809701708267261e+04   1.7829136128717411e+04  -4.3173461385952796e+03  -7.6305980474881007e+03   0.0000000000000000e+00
  -1.6488148704516982e+04  -2.1723196649048445e+04  -8.8615137201152902e+03  -1.2685250585417121e+04   1.7151030097985949e+04   1.7958942413293160e+04  -4.2082728039337098e+03  -7.6147628947291987e+03
  -1.6622472210798533e+04  -2.1651728887157675e+04  -8.9098011065032879e+03  -1.2561016010062387e+04   1.7051601976079070e+04   1.8088179630212177e+04  -4.0998936235896881e+03   1.2790022271974629e+04
  -1.6756218321079443e+04  -2.1578994970765700e+04  -8.9587311735373914e+03  -1.2437009881503633e+04   1.6952237071200620e+04   1.8216833878416652e+04  -3.9922145121311828e+03   1.2694182723594962e+04
  -1.6889373864651938e+04  -2.1504998534195685e+04  -9.0083061129933394e+03  -1.2313244018405992e+04   1.6852947165463989e+04   1.8344891308547623e+04  -3.8852412371733380e+03   1.2598777009248812e+04
  -1.7021925728117218e+04  -2.1429743378662257e+04  -9.0585279576382873e+03  -1.2189730156971311e+04   1.6753743972386495e+04   1.8472338125155380e+04  -3.7789794185822561e+03   1.2503813406022973e+04
  -1.7153860857444979e+04  -2.1353233471782816e+04  -9.1093985806701548e+03  -1.2066479949125393e+04   1.6654639135009005e+04   1.8599160588906190e+04  -3.6734345277098805e+03   1.2409300063220555e+04
  -1.7285166260021946e+04  -9.1609196951907525e+03  -1.1943504960714587e+04   1.6555644224031897e+04   1.8725345018772652e+04  -3.5686118866453730e+03   1.2315245001157726e+04   0.0000000000000000e+00
  -1.7415829006687283e+04  -9.2130928537152777e+03  -1.1820816669708252e+04   2.1903820014712757e+04   1.6456770735971433e+04   1.8850877794199896e+04  -3.4645166674744196e+03   1.2221656109975804e+04
  -1.7545836233769198e+04  -9.2659194476988578e+03  -1.1698426464438066e+04   2.1849188642795070e+04   1.6358030091305844e+04   1.8975745357308682e+04  -3.3611538916195041e+03   1.2128541148502796e+04
  -1.7675175145102294e+04  -9.3194007071069263e+03  -1.1576345641832220e+04   2.1793271784913661e+04   1.6259433632654096e+04   1.9099934215050507e+04  -3.2585284291608305e+03   1.2035907743117843e+04
