  -6.7724016132766053e+02
  -5.6690693301549754e+02
  -4.5056824772015085e+02
  -3.2864942747223944e+02
  -2.0161678754677564e+02
  -6.9975962843607732e+01
   6.5730053337858863e+01
   2.0492311857102391e+02
   3.4699238502950880e+02
   4.9129686681042119e+02
   6.3716815609890045e+02
   7.8391343804018288e+02
   9.3081879137215503e+02
   1.0771525469222956e+03
   1.2221687379503096e+03
   1.3651108472833394e+03
   1.5052156815004471e+03
   1.6417172934816690e+03
   1.7738510442301306e+03
   1.9008577564672769e+03
   2.0219879757567160e+03
   2.1365062582540577e+03
   2.2436953861681168e+03
   2.3428606409864838e+03
   2.4333340551421334e+03
   2.5144786080758668e+03
   2.5856923482387342e+03
   2.6464123736741903e+03
   2.6961186562816420e+03
   2.7343376643739043e+03
   2.7606457722168493e+03
   2.7746724332420508e+03
   2.7761031238514061e+03
   2.7646820104603253e+03
   2.7402142956430530e+03
   2.7025682234894111e+03
   2.6516768097061681e+03
   2.5875392263184885e+03
   2.5102218682874850e+03
   2.4198590358290676e+03
   2.3166531592708670e+03
   2.2008747609133688e+03
   2.0728619381185122e+03
   1.9330194217972623e+03
   1.7818173965437043e+03
   1.6197900086057664e+03
   1.4475335685818827e+03
   1.2657043027933287e+03
   1.0750157729211844e+03
   8.7623606661388794e+02
   6.7018469079600743e+02
   4.5772919342454105e+02
   2.3978151395388443e+02
   1.7294056515978507e+01
  -2.0874442627435258e+02
  -4.3731329061985286e+02
  -6.6736460528016380e+02
  -8.9782793457648722e+02
  -1.1276153605193306e+03
  -1.3556265778779075e+03
  -1.5807541029895986e+03
  -1.8018885580535023e+03
  -2.0179240794142727e+03
  -2.2277638614595126e+03
  -2.4303258132162014e+03
  -2.6245482340334493e+03
  -2.8093954860475319e+03
  -2.9838635425802340e+03
  -3.1469854565884048e+03
  -3.2978368155232783e+03
  -3.4355408958654016e+03
  -3.5592736748185662e+03
  -3.6682686985724840e+03
  -3.7618216841087005e+03
  -3.8392948587727387e+03
  -3.9001209845212197e+03
  -3.9438070223451473e+03
  -3.9699374566079214e+03
  -3.9781772689796157e+03
  -3.9682744519981516e+03
  -3.9400620919646863e+03
  -3.8934599995928593e+03
  -3.8284758973304306e+03
  -3.7452061610666569e+03
  -3.6438360715254830e+03
  -3.5246395976577878e+03
  -3.3879787260433882e+03
  -3.2343023460217864e+03
  -3.0641447187862559e+03
  -2.8781235000792444e+03
  -2.6769373763191024e+03
  -2.4613633445636497e+03
  -2.2322536178492237e+03
  -1.9905321690707510e+03
  -1.7371908697803003e+03
  -1.4732852834905186e+03
  -1.1999302644499014e+03
  -9.1829529679956704e+02
  -6.2959961701246596e+02
  -3.3510706459464791e+02
  -3.6120607843824992e+01
   2.6602322168992595e+02
   5.6996022544768311e+02
   8.7430446312246011e+02
   1.1776543364533741e+03
   1.4785989186854031e+03
   1.7757243355530927e+03
   2.0676203111387154e+03
   2.3528868622711484e+03
   2.6301408650152589e+03
   2.8980226088952377e+03
   3.1552024061364996e+03
   3.4003872813142430e+03
   3.6323276252827759e+03
   3.8498235640264061e+03
   4.0517313391058424e+03
   4.2369695372479309e+03
   4.4045250179434688e+03
   4.5534585924524863e+03
   4.6829102992886028e+03
   4.7921045381069880e+03
   4.8803548738355194e+03
   4.9470682482847187e+03
   4.9917487933363927e+03
   5.0140011789515975e+03
   5.0135333974576442e+03
   4.9901591159266045e+03
   4.9437995489462219e+03
   4.8744847328597534e+03
   4.7823543034076283e+03
   4.6676575756023449e+03
   4.5307530078557456e+03
   4.3721071598332837e+03
   4.1922930340586990e+03
   3.9919877416206250e+03
   3.7719699927520114e+03
   3.5331171833028775e+03
   3.2764013617937831e+03
   3.0028847968781024e+03
   2.7137155272672276e+03
   2.4101225104198083e+03
   2.0934102472037584e+03
   1.7649530026244161e+03
   1.4261886812219784e+03
   1.0786123667057093e+03
   7.2376969505888576e+02
   3.6325001168188447e+02
  -1.3207342917952629e+00
  -3.6828733755510979e+02
  -7.3597287570302240e+02
  -1.1026863227434569e+03
  -1.4667303345774988e+03
  -1.8264090436495428e+03
  -2.1800359283706148e+03
  -2.5259415822948981e+03
  -2.8624815992060958e+03
  -3.1880446350593479e+03
  -3.5010603409342516e+03
  -3.8000069967204677e+03
  -4.0834191424483301e+03
  -4.3498949818115734e+03
  -4.5981034422913954e+03
  -4.8267910066394670e+03
  -5.0347882377490696e+03
  -5.2210159742899277e+03
  -5.3844912262557955e+03
  -5.5243325990824542e+03
  -5.6397651644394227e+03
  -5.7301248354907875e+03
  -5.7948621765245716e+03
  -5.8335456568396512e+03
  -5.8458643384711868e+03
  -5.8316299598987162e+03
  -5.7907783747843268e+03
  -5.7233702382095626e+03
  -5.6295910072385741e+03
  -5.5097503834492072e+03
  -5.3642812129740278e+03
  -5.1937376026727452e+03
  -4.9987925270375590e+03
  -4.7802349166939084e+03
  -4.5389661119731445e+03
  -4.2759957678548735e+03
  -3.9924372838476024e+03
  -3.6895027735183362e+03
  -3.3684976121447221e+03
  -3.0308146016787832e+03
  -2.6779277823434977e+03
  -2.3113858298372952e+03
  -1.9328051162911622e+03
  -1.5438625320338026e+03
  -1.1462881356424741e+03
  -7.4185777717655446e+02
  -3.3238532610413193e+02
   8.0285305708889865e+01
   4.9428820519652766e+02
   9.0774377150160421e+02
   1.3187669262510883e+03
   1.7254754818306576e+03
   2.1259984830032731e+03
