  -2.4196675921254551e+04  -2.0226474928048658e+04  -4.5464656348423114e+03  -1.5227630269344592e+04  -1.1177993238390081e+04  -4.0205781188578494e+03  -6.4244588234221173e+03   6.0926320030481093e+03
  -2.4126960670695727e+04  -2.0278719976010387e+04  -4.5648127212523423e+03  -1.5219365632457509e+04  -1.1154462218298180e+04  -4.1556596603734770e+03  -6.2912025496837250e+03   6.2347482841538622e+03
  -2.4056231715860209e+04  -2.0329729419407442e+04  -4.5833264554776515e+03  -1.5211679098832667e+04  -1.1131515733149654e+04  -4.2912767999357748e+03  -6.1570316527427485e+03   6.3772878924649685e+03
  -2.3984499980519377e+04  -2.0379504592937625e+04  -4.6020169010570116e+03  -1.5204570314382585e+04  -1.1109149110662296e+04  -4.4274190061699392e+03  -6.0219550098222107e+03   6.5202384060318373e+03
  -2.3911776500468528e+04  -2.0428046999281363e+04  -4.6208940732866504e+03  -1.5198038767090473e+04  -1.1087357531459693e+04  -4.5640756317190571e+03  -5.8859816602510400e+03   6.6635873023687727e+03
  -2.3838072421636978e+04  -2.0475358308618157e+04  -4.6399679372867167e+03  -1.5192083787074844e+04  -1.1066136029995099e+04  -4.7012359147507977e+03  -5.7491208041910368e+03   6.8073219603840271e+03
  -2.3763398998180513e+04  -2.0521440358115895e+04  -1.5186704546681240e+04  -1.1045479495501089e+04  -4.8388889804848131e+03  -5.6113818013313803e+03   6.9514296623278278e+03   0.0000000000000000e+00
   1.0292336466748558e+04  -2.3687767590556734e+04  -1.5181900060600696e+04  -1.1025382672964781e+04  -4.9770238427407176e+03  -5.4727741695510122e+03   7.0958975957579978e+03   1.7465751270817054e+04
   1.0280705545734949e+04  -2.3611189663583507e+04  -1.5177669186015297e+04  -1.1005840164128605e+04  -5.1156294055063800e+03  -5.3333075835489781e+03   7.2407128555228746e+03   1.7550780061375102e+04
   1.0269251958255536e+04  -2.3533676784480969e+04  -1.5174010622770658e+04  -1.0986846428516385e+04  -5.2546944645263102e+03  -5.1929918734430730e+03   7.3858624457611404e+03   1.7634605309140657e+04
   1.0257966174669771e+04  -2.3455240620897377e+04  -1.5170922913575383e+04  -1.0968395784484688e+04  -5.3942077089099475e+03  -5.0518370233369287e+03   7.5313332819182815e+03   1.7717223673237735e+04
   1.2410463916527387e+04   1.0246838599131295e+04  -1.5168404444227486e+04  -1.0950482410299217e+04  -5.5341577227595990e+03  -4.9098531698558681e+03   7.6771121927792883e+03   1.7798631982594899e+04
   1.2402264682211660e+04   1.0235859571521110e+04  -1.5166453443867826e+04  -1.0933100345236146e+04  -5.6745329868177596e+03  -4.7670506006517217e+03   7.8231859225172684e+03   1.7878827236324232e+04
   1.2394543512339280e+04   1.0225019369392527e+04  -1.5165067985260315e+04  -1.0916243490708199e+04  -5.8153218801337089e+03  -4.6234397528768950e+03   7.9695411327576157e+03   1.7957806604073208e+04
   1.2387293700971393e+04   1.0214308209927669e+04  -1.5164245985099324e+04  -1.0899905611415439e+04  -5.9565126817489790e+03  -4.4790312116279438e+03   8.1161644046573929e+03   1.8035567426349182e+04
   1.2380508410434264e+04   1.0203716251896663e+04  -1.5163985204371687e+04  -1.0884080336564513e+04  -6.0980935724547917e+03  -4.3338357083696155e+03   8.2630422410187348e+03   1.8112107214789503e+04
   1.2374180672619381e+04   1.0193233597641902e+04  -1.5164283248697915e+04  -1.0868761161036773e+04  -6.2400526364768566e+03  -4.1878641193106778e+03   8.4101610683839281e+03   1.8187423652450754e+04
   1.2368303390293902e+04   1.0182850295100727e+04  -1.5165137568607755e+04  -1.0853941446433933e+04  -6.3823778630016959e+03  -4.0411274637146726e+03   8.5575072390809783e+03   1.8261514594160919e+04
   2.3118320991062490e+04   1.2362869338475239e+04  -1.5166545460124398e+04  -1.0839614422593759e+04  -6.5250571482588666e+03  -3.8936369022892377e+03   8.7050670334767037e+03   1.8334378066568912e+04
   2.3130820756059813e+04   1.2357871165795228e+04  -1.0825773188758923e+04  -3.7454037354567035e+03   8.8528266620822378e+03   1.8406012268395130e+04   0.0000000000000000e+00   0.0000000000000000e+00
   2.3142061601355654e+04   1.2353301395896651e+04   2.2922538295400966e+04  -1.0812410714872003e+04  -3.5964394016208357e+03   9.0007722677161673e+03   1.8476415570591114e+04   0.0000000000000000e+00
   2.3152049196344091e+04   1.2349152428852623e+04   2.2849659440082789e+04   2.3930640279832947e+04  -1.0799519842894048e+04  -3.4467554754051662e+03   9.1488899276802840e+03   1.8545586516471401e+04
   2.3160789371370345e+04   1.2345416542608597e+04   2.2776054765767047e+04   2.2042938807082861e+04   2.3990758948775321e+04  -3.2963636658632299e+03   9.2971656559477051e+03   1.8613523821817722e+04
   2.3168288116472359e+04   1.2342085894446700e+04   2.2701736308186588e+04   2.2011439978444159e+04   2.4049929422003908e+04  -3.1452758146610790e+03   9.4455854053627772e+03   1.8680226374955531e+04
   2.3174551580097206e+04   1.2339152522472279e+04   2.2626716163836467e+04   2.1978626243606312e+04   2.4108140844418929e+04  -2.9935038942323804e+03   9.5941350698525657e+03   1.8745693236802563e+04
   2.3179586067792894e+04   1.2336608347122175e+04   2.2551006487903291e+04   2.1944494445396675e+04   2.4165382461075609e+04  -2.8410600059064686e+03   9.7428004866494975e+03   1.8809923640889665e+04
   2.3183398040875552e+04   1.2334445172694832e+04   2.2474619492185993e+04   2.1909041609219996e+04   2.4221643619155682e+04  -2.6879563780096810e+03   9.8915674385247221e+03   1.8872916993353811e+04
   2.3185994115072452e+04   1.2332654688901584e+04   2.2397567443008498e+04   2.1872264943830953e+04   2.4276913769924719e+04  -2.5342053639403866e+03   1.0040421656031780e+04   1.8934672872903135e+04
   2.3187381059141109e+04   2.2319862659124483e+04   2.1834161842074704e+04   2.4331182470674823e+04  -2.3798194402180206e+03   1.0189348819760373e+04   1.8995191030754144e+04   0.0000000000000000e+00
   2.3187565793464812e+04   1.8671434300701123e+04   2.2241517509614710e+04   2.1794729881595002e+04   2.4384439386652059e+04   1.0338334562599601e+04   1.9054471390540977e+04   0.0000000000000000e+00
   2.3186555388639856e+04   1.8788689236343293e+04   2.2162544411768475e+04   2.1753966825503212e+04   2.4436674292962471e+04   1.0487364471997480e+04   1.9112514048210640e+04   0.0000000000000000e+00
   2.3184357064013926e+04   1.8905491842784519e+04   2.2082955828973296e+04   2.1711870623026283e+04   2.4487877076472778e+04   3.8747638237621900e+03   1.0636424092251431e+04   1.9169319271866494e+04
   2.3180978186151187e+04   1.9021828941878837e+04   2.2002764268627514e+04   2.1668439410143656e+04   2.4538037737716262e+04   4.0113171373630926e+03   1.0785498926850169e+04   1.9224887501538058e+04
   2.3176426267428589e+04   1.9137687380222549e+04   2.1921982279957876e+04   2.1623671510124335e+04   2.4587146392717659e+04   4.1470720883864269e+03   1.0934574440692650e+04   1.9279219349062616e+04
   2.3170708964482197e+04   1.9253054031295567e+04   2.1840622451905430e+04   2.1577565434086708e+04   2.4635193274854555e+04   4.2820192842955166e+03   1.1083636062423400e+04   1.9332315597822708e+04
   2.3163834076667441e+04   1.9367915797607700e+04   2.1758697410985602e+04   2.1530119881509450e+04   2.4682168736686639e+04   4.4161494753499837e+03   1.1232669186744966e+04   1.9384177202487997e+04
   2.3155809544497490e+04   1.9482259612841925e+04   1.5690604897065816e+04   2.1676219819143316e+04   2.1481333740709237e+04   2.4728063251767147e+04   4.5494535559102032e+03   1.9434805288729058e+04
   2.3146643448060713e+04   1.9596072443994333e+04   1.5587766124614271e+04   2.1593202371603707e+04   2.1431206089284973e+04   2.4772867416436471e+04   4.6819225657160432e+03   1.9484201152903530e+04
   2.3136344005417010e+04   1.9709341293510344e+04   1.5483871293637554e+04   2.1509657794718492e+04   2.1379736194528352e+04   2.4816571951596947e+04   4.8135476911396354e+03   1.9532366261714145e+04
   2.3124919570973725e+04   1.9822053201416980e+04   1.5378926968151209e+04   2.1425598843808551e+04   2.1326923513800732e+04   2.4859167704469161e+04   4.9443202664120017e+03   1.9579302251839188e+04
   2.3112378633841279e+04   1.9934195247450418e+04   1.5272939856144147e+04   2.1341038301003155e+04   2.1272767694876162e+04   2.4900645650328814e+04   5.0742317748233518e+03   1.9625010929534896e+04
   2.3098729816168867e+04   2.0045754553178966e+04   1.5165916808502116e+04   2.1217268576250557e+04   2.4940996894224216e+04   5.2032738498968074e+03  -6.3024132578476456e+03   1.9669494270210362e+04
   2.3083981871460470e+04   2.0156718284120758e+04   1.5057864817910355e+04   2.1160426187416746e+04   2.4980212672673653e+04   5.3314382765354831e+03  -6.1841538094737007e+03   1.9712754417974527e+04
   2.3068143682871698e+04   2.0267073651855790e+04   1.4948791017735692e+04   2.1102240749105589e+04   2.5018284355342683e+04   5.4587169921426039e+03  -6.0664878459379788e+03   1.9754793685155477e+04
   2.3051224261487707e+04   2.0376807916132107e+04   1.4838702680888184e+04   2.1042712673492639e+04   2.5055203446700700e+04   5.5851020877145711e+03  -5.9494234668076797e+03   1.9795614551792325e+04
   2.3033232744578469e+04   2.0485908386966541e+04   1.4727607218669165e+04   2.0981842564369756e+04   2.5090961587658210e+04   5.7105858089119947e+03  -5.8329686313532047e+03   1.9835219665094206e+04
   2.3014178393842532e+04   2.0594362426737203e+04   1.4615512179588350e+04   2.0919631217284074e+04   2.5125550557179929e+04   5.8351605570944448e+03  -5.7171311574534129e+03   1.9873611838880515e+04
   2.2994070593645480e+04   2.0702157452266038e+04   1.4502425248139836e+04   2.0856079619646440e+04   2.5158962273869976e+04   5.9588188903105902e+03  -5.6019187205643939e+03   0.0000000000000000e+00
   2.2972918849201942e+04   2.0809280936902818e+04   1.4388354243624111e+04   2.0791188950794076e+04   2.5191188797553317e+04   6.0815535243126760e+03  -5.4873388526060326e+03  -1.2564791614588994e+04
   2.2950732784772601e+04   2.0915720412593942e+04   1.4273307118896581e+04   2.0724960582028121e+04   2.5222222330819837e+04   6.2033573334998737e+03  -5.3733989409677069e+03  -1.2595226106997286e+04
   2.2927522141835361e+04   2.1021463471945128e+04   1.4157291959112372e+04   2.0657396076614099e+04   2.5252055220549708e+04   6.3242233518456305e+03  -5.2601062275166478e+03  -1.2626296669667287e+04
   2.2903296777239808e+04   2.1126497770275560e+04   1.4040316980452464e+04   2.0588497189747970e+04   2.5280679959415804e+04   6.4441447737968847e+03  -5.1474678076344253e+03  -1.2658004422043681e+04
   2.2878066661345558e+04   2.1230811027663167e+04   1.3922390528831509e+04   2.0518265868487346e+04   2.5308089187362708e+04   6.5631149551449862e+03  -5.0354906292816277e+03  -1.2690350322251305e+04
   2.2851841876144601e+04   2.1334391030980540e+04   1.3803521078587524e+04   2.0446704251648411e+04   6.6811274138682529e+03  -4.9241814920909455e+03  -1.2723335166776622e+04  -1.7063449082250223e+04
   2.1437225635921302e+04   1.3683717231153785e+04   2.5550616836253271e+03   2.0373814669668114e+04   6.7981758309459474e+03  -4.8135470464887321e+03  -1.2756959590176970e+04  -1.6956128577877662e+04
   2.1539302769016496e+04   1.3562987713713139e+04   2.4365196488985112e+03   2.0299599644431804e+04   6.9142540511436955e+03  -4.7035937928451640e+03  -1.2791224064817656e+04  -1.6847709259424530e+04
   2.1640610429640481e+04   1.3441341377835044e+04   2.3187226847080001e+03   2.0224061889066259e+04   7.0293560837700625e+03  -4.5943280806531175e+03  -1.2826128900636850e+04  -1.6738198126503870e+04
   2.1741136692006276e+04   1.3318787198095451e+04   2.2016781251703783e+03   2.0147204307698248e+04   7.1434761034043331e+03  -4.4857561077358760e+03  -1.2861674244938413e+04  -1.6627602336319997e+04
   2.1840869707149755e+04   1.3195334270680063e+04   2.0853931523787824e+03   2.0069029995178418e+04   7.2566084505953058e+03  -4.3778839194837410e+03  -1.2897860082212757e+04  -1.6515929202615844e+04
   1.3070991811970980e+04   1.9698747954701673e+03   7.3687476325310363e+03  -4.2707174081196617e+03  -1.2934686233985683e+04  -1.6403186194591963e+04   0.0000000000000000e+00   0.0000000000000000e+00
   1.2945769157113677e+04   1.8551299297172120e+03  -8.9522892815325613e+03   7.4798883236836537e+03  -4.1642623119950604e+03  -1.2972152358694741e+04  -1.6289380935798399e+04  -2.1297785475785822e+04
   1.2819675758573878e+04   1.7411652756509984e+03  -9.0366138701738073e+03  -4.0585242149129513e+03  -1.3010257951594700e+04  -1.6174521202996599e+04  -2.1283626625329664e+04   0.0000000000000000e+00
   1.2692721184690161e+04   1.6279873982181725e+03  -9.1198637163520489e+03  -3.9535085454767295e+03  -1.3049002344692963e+04  -1.6058614924989304e+04  -2.1268580469345612e+04   0.0000000000000000e+00
   1.2564915118176334e+04   1.5156027059428618e+03  -9.2020383297078515e+03  -3.8492205764792507e+03  -1.3088384706707582e+04  -1.5941670181435411e+04  -2.1252656702735505e+04   0.0000000000000000e+00
   1.2436267354637564e+04   1.4040174501345743e+03  -9.2831373942284481e+03  -3.7456654243121461e+03  -1.3128404043058110e+04  -1.5823695201627212e+04  -2.1235865116504330e+04   0.0000000000000000e+00
   1.2306787801063536e+04   1.2932377241183583e+03  -9.3631607679593417e+03  -3.6428480484071551e+03  -1.3169059195883450e+04  -1.5704698363243257e+04  -2.1218215595956313e+04   0.0000000000000000e+00
   1.2176486474307037e+04   1.1832694624924839e+03  -9.4421084826868719e+03  -3.5407732507068995e+03  -1.3210348844087976e+04  -1.5584688191074460e+04  -2.1199718118876463e+04   0.0000000000000000e+00
   1.2045373499548135e+04   1.0741184404137630e+03  -9.5199807435918283e+03  -1.3252271503415768e+04  -1.5463673355723569e+04  -2.1180382753698199e+04   0.0000000000000000e+00   0.0000000000000000e+00
   1.1913459108744330e+04   9.6579027291057344e+02  -9.5967779288742913e+03  -1.3294825526553377e+04  -1.5341662672278291e+04  -2.1160219657657140e+04   0.0000000000000000e+00   0.0000000000000000e+00
   1.1780753639066823e+04   8.5829041422369551e+02  -9.6725005893497455e+03  -1.4196637339129350e+03  -1.3338009103260614e+04  -1.5218665098958283e+04  -2.1139239074931498e+04   0.0000000000000000e+00
   1.1647267531323325e+04   7.5162415717502540e+02  -9.7471494480166075e+03  -1.4407311565841135e+03  -1.3381820260529852e+04  -1.5094689735736338e+04  -2.1117451334769241e+04   0.0000000000000000e+00
   6.4579663256425897e+02  -9.8207253995952560e+03  -1.4622350105098349e+03  -1.3426256862773440e+04  -1.4969745822934017e+04  -2.1094866849602615e+04   0.0000000000000000e+00   0.0000000000000000e+00
   5.4081280859360425e+02  -9.8932295100386691e+03  -1.4841846777141793e+03  -1.3471316612039484e+04  -1.4843842739791922e+04  -2.1071496113149900e+04  -6.8187061801207365e+03   0.0000000000000000e+00
   4.3667749032060527e+02  -9.9646630160148543e+03  -1.5065894513627952e+03  -1.3516997048255877e+04  -1.4716990003015026e+04  -2.1047349698505237e+04  -6.8700754850456151e+03  -1.4533601488311495e+04
   3.3339531913911816e+02  -1.0035027324361172e+04  -1.5294585340120079e+03  -1.3563295549502580e+04  -2.1022438256216454e+04  -6.9221104063457797e+03  -1.4674800955731727e+04   0.0000000000000000e+00
   2.3097077229159990e+02  -1.0104324011505023e+04  -1.5528010358755084e+03  -1.3610209332311897e+04  -2.0996772512354437e+04  -6.9748134053412286e+03  -1.4815574899506761e+04   0.0000000000000000e+00
   1.2940816240440449e+02  -1.0172554822866310e+04  -1.5766259731023829e+03  -1.3657735451997371e+04  -1.6882955091941087e+04  -2.0970363266566052e+04  -7.0281867947463079e+03  -1.4955909285097921e+04
   2.8711637041213326e+01  -1.0239721672250713e+04  -1.6009422660629214e+03  -1.3705870803011259e+04  -1.6772536150735486e+04  -2.0943221390105755e+04  -7.0822327380552042e+03  -1.5095790109373853e+04
  -7.1114821684112925e+01  -1.0305826641158945e+04  -1.6257587376744996e+03  -1.3754612119328540e+04  -1.6662104305588429e+04  -2.0915357823888105e+04  -7.1369532489089243e+03  -1.5235203402850708e+04
  -1.7006739749207293e+02  -1.0370871978115454e+04  -1.6510841117236002e+03  -1.3803955974860410e+04  -1.6551672843752593e+04  -2.0886783576503982e+04  -7.1923501905241346e+03  -1.5374135231941029e+04
  -2.6814244028646954e+02  -1.0434860097956955e+04  -1.6769270112098509e+03  -1.3853898783895442e+04  -1.6441254996883330e+04  -2.0857509722233932e+04  -7.2484252751375370e+03  -1.5512571701195966e+04
  -1.0497793581093787e+04  -1.7032959567067348e+03  -1.3904436801568709e+04  -1.6330863938884599e+04  -2.0827547399052255e+04  -7.3051800634758829e+03  -1.5650498955543579e+04   0.0000000000000000e+00
  -1.0559675172744333e+04  -1.7301993647392430e+03  -1.6220512783766002e+04  -2.0796907806621432e+04  -7.3626159642517778e+03  -1.6173324891513235e+04  -1.5787903182522981e+04   0.0000000000000000e+00
  -1.0620507782142704e+04  -1.7576455461786975e+03  -1.6110214583511566e+04  -2.0765602204277995e+04  -7.4207342336853999e+03  -1.6198139491439422e+04  -1.5924770614513709e+04   0.0000000000000000e+00
  -1.0680294481719764e+04  -1.7856427046549843e+03  -1.5999982325960487e+04  -2.0733641909009595e+04  -7.4795359750521447e+03  -1.6223030415184803e+04  -1.6061087530960136e+04   0.0000000000000000e+00
  -1.0739038506257726e+04  -1.8141989349864277e+03  -1.5889828932700124e+04  -2.0701038293423895e+04  -7.5390221382564059e+03  -1.6247986867507136e+04  -1.6196840260590434e+04   0.0000000000000000e+00
  -1.0796743252018548e+04  -1.8433222216275487e+03  -1.5779767256971852e+04  -2.0667802783709565e+04  -7.5991935194314565e+03  -1.6272997983828154e+04  -1.6332015183629608e+04   0.0000000000000000e+00
  -1.0853412275846144e+04  -1.8730204371349309e+03  -1.5669810081589727e+04  -2.0633946857589657e+04  -7.6600507605656294e+03  -1.6298052832180359e+04  -1.6466598734006391e+04   0.0000000000000000e+00
  -1.0909049294242801e+04  -1.9033013406514090e+03  -1.5559970116872795e+04  -2.0599482042267777e+04  -7.7215943491547941e+03  -1.6323140415168233e+04  -1.6600577401553463e+04   0.0000000000000000e+00
  -1.0963658182419849e+04  -1.9341725764088367e+03  -1.5450259998590906e+04  -2.0564419912367339e+04  -7.7838246178812324e+03  -1.6348249671943331e+04  -1.6733937734200561e+04   0.0000000000000000e+00
  -1.1017242973330052e+04  -1.9656416722476390e+03  -1.5340692285928815e+04  -2.0528772087860827e+04  -7.8467417443227496e+03  -1.6373369480184969e+04  -1.6866666340161439e+04   0.0000000000000000e+00
   1.6663720630650998e+04  -1.9977160381587676e+03  -1.5231279459457706e+04  -7.9103457506819077e+03  -1.6398488658107995e+04  -1.6998749890110888e+04   0.0000000000000000e+00   0.0000000000000000e+00
   1.6570619275102788e+04  -2.0304029648514527e+03  -1.5122033919107927e+04  -7.9746365035294448e+03  -1.6423595966510118e+04  -1.7130175119349744e+04   0.0000000000000000e+00   0.0000000000000000e+00
   1.6477675727567606e+04  -2.0637096223203530e+03  -1.5012967982197984e+04  -8.0396137136121888e+03  -1.6448680110750916e+04  -1.7260928829972934e+04   8.3439566918793989e+03   0.0000000000000000e+00
   1.6384901058261727e+04  -2.0976430584489917e+03  -1.4904093881444762e+04  -8.1052769356562476e+03  -1.6473729742810479e+04  -1.7390997893018863e+04   8.5084298014739743e+03   0.0000000000000000e+00
   1.6292306250719743e+04  -2.1322101976284494e+03  -1.4795423762998978e+04  -8.1716255682056872e+03  -1.6498733463341381e+04  -1.7520369250611941e+04   8.6725417211708118e+03  -9.4355113722517524e+02
   1.6199902200014805e+04  -2.1674178393960938e+03  -1.4686969684496707e+04  -8.2386588534880466e+03  -1.6523679823732389e+04  -1.7649029918095421e+04   8.8362771621910488e+03  -8.7488496370949224e+02
   1.6107699710995201e+04  -2.2032726570946020e+03  -1.4578743613127313e+04  -8.3063758773066456e+03  -1.6548557328183397e+04  -1.7776966986153893e+04   8.9996208833235869e+03  -8.0541605903846028e+02
   1.6015709496537605e+04  -2.2397811965514129e+03  -1.4470757423718096e+04  -8.3747755689598980e+03  -1.6573354435791429e+04  -1.7904167622925357e+04   9.1625576934846431e+03  -7.3514241171359834e+02
   1.5923942175817161e+04  -2.2769498747788712e+03  -1.4363022896836037e+04  -8.4438567011874347e+03  -1.6598059562647268e+04  -1.8030619076102113e+04   9.3250724542667194e+03  -6.6406216392450779e+02
   1.5832408272594792e+04  -2.3147849786952079e+03  -1.4255551716906764e+04  -8.5136178901432668e+03  -1.6622661083942374e+04  -1.8156308675020402e+04   9.4871500824765080e+03  -5.9217361211103196e+02
   1.5741118213522044e+04  -2.3532926638665876e+03  -1.4148355470351373e+04  -8.5840575953959342e+03  -1.6647147336085753e+04  -1.8281223832738207e+04   9.6487755526611618e+03  -5.1947520749760042e+02
   1.5650082326463667e+04  -2.3924789532703708e+03  -1.4041445643741037e+04  -8.6551741199556163e+03  -1.6671506618830434e+04  -1.8405352048100929e+04   9.8099338996224124e+03  -4.4596555659956670e+02
   1.5559310838838175e+04  -2.4323497360798283e+03  -1.3934833621970074e+04  -8.7269656103282759e+03  -1.6695727197409218e+04  -1.8528680907794496e+04   9.9706102209180517e+03  -3.7164342170160262e+02
   1.5468813875976866e+04  -2.4729107664704434e+03  -1.3828530686447441e+04  -8.7994300565968770e+03  -1.6719797304679218e+04  -1.8651198088385518e+04   1.0130789679350210e+04  -2.9650772130792029e+02
   1.5378601459501120e+04  -2.5141676624499019e+03  -1.3722548013304951e+04  -8.8725652925259674e+03  -1.6743705143278115e+04  -1.8772891358348363e+04   1.0290457505436169e+04  -2.2055753056111374e+02
   1.5288683505718982e+04   2.4842914686032120e+04  -1.3616896671628529e+04  -8.9463689956995513e+03  -1.6767438887783243e+04  -1.8893748580078118e+04   1.0449598999871421e+04  -1.4379208163835480e+02
   1.5199069824041333e+04   2.4796941200783771e+04  -4.1898808296563511e+03  -1.3511587621716446e+04  -9.0208386876981131e+03  -1.6790986686868706e+04   1.0608199535990589e+04  -6.6210764130216091e+01
   1.5109770115415769e+04   2.4749608511732131e+04  -4.1431515891223426e+03  -1.3406631713334382e+04  -9.0959717342658550e+03  -1.6814336665500170e+04   1.0766244562174947e+04   1.2186874641984701e+01
   1.5020793970781626e+04   2.4700919202732515e+04  -4.0956508415670132e+03  -1.3302039684009642e+04  -9.1717653455355357e+03  -1.6837476927111464e+04   1.0923719604275911e+04   9.1401129309706391e+01
   1.4932150869544319e+04   2.4650876041740761e+04  -4.0473729747508191e+03  -1.3197822157340361e+04  -1.6860395555794996e+04   1.1080610268013628e+04   2.1265006599235159e+04   1.7143213617665322e+02
   1.4843850178070128e+04   2.4599481980499681e+04  -3.9983125105046574e+03  -1.3093989641325361e+04  -1.6883080618498479e+04   1.1236902241358808e+04   2.1370071929229689e+04   2.5227987296684086e+02
   1.4755901148201108e+04   2.4546740154191913e+04  -3.9484641058924858e+03  -1.2990552526714866e+04  -1.6905520167227507e+04   1.1392581296897395e+04   2.1474066039952988e+04   3.3394415860098599e+02
   1.4668312915790848e+04   2.4492653881058704e+04  -3.8978225543512171e+03  -1.2887521085382368e+04  -1.6927702241253850e+04   1.1547633294177660e+04   2.1576978718132275e+04   4.1642465300152452e+02
   1.4581094499261046e+04   2.4437226661985518e+04  -3.8463827868076760e+03  -1.2784905468717971e+04  -1.6949614869328845e+04   1.1702044182039097e+04   2.1678799887479927e+04   4.9972085692605378e+02
   1.4494254798179174e+04   2.4380462180053433e+04   1.1971822539456090e+04  -3.7941398727725177e+03  -1.2682715706043358e+04   1.1855800000922745e+04   2.1779519610292897e+04   5.8383211182937771e+02
   1.4407802591857630e+04   2.4322364300057419e+04   1.2023839599920562e+04  -3.7410890214108454e+03  -1.2580961703048721e+04   1.2008886885162539e+04   2.1879128089028713e+04   6.6875759975404662e+02
   1.4321746537974383e+04   2.4262937067990842e+04   1.2074837513099359e+04  -3.6872255825894526e+03  -1.2479653240251942e+04   1.2161291065257050e+04   2.1977615667857943e+04   7.5449634324946999e+02
   1.4236095171215460e+04   2.4202184710496487e+04   1.2124820740099243e+04  -3.6325450479004280e+03  -1.0297188082622295e+04   1.2312998870121366e+04   2.2074972834192835e+04   8.4104720531956104e+02
   1.4150856901939580e+04   2.4140111634284298e+04   1.2173793895107658e+04  -3.5770430516610345e+03  -1.0282072288233165e+04   1.2463996729318495e+04   2.2171190220191806e+04   9.2840888939889521e+02
   1.4066040014866274e+04   2.4076722425516142e+04   1.2221761744315532e+04  -3.5207153718855325e+03  -1.0266382609411356e+04   1.2614271175271224e+04   2.2266258604235500e+04   1.0165799393588230e+03
   1.3981652667784261e+04   2.4012021849156597e+04   1.2268729204809088e+04  -3.4635579312400273e+03  -1.0250108581832219e+04   1.2763808845450518e+04   2.2360168912385197e+04   1.1055587395396681e+03
   2.3946014848289578e+04   1.2314701343425000e+04  -3.4055667979868308e+03  -1.0233239816855632e+04   1.2912596484538368e+04   2.2452912219829843e+04   1.1953435148067549e+03   0.0000000000000000e+00
   1.9234472724705432e+04   2.3878706543405508e+04   1.2359683375616403e+04  -3.3467381868626412e+03  -1.0215766003563071e+04   1.3060620946580548e+04   2.2544479752266747e+04   1.2859323306490408e+03
   1.9167981662237053e+04   2.3810102231652450e+04   1.2403680664264888e+04  -3.2870684599669689e+03  -1.0197676910868237e+04   1.3207869197106817e+04   2.2634862887291190e+04   1.3773230932944007e+03
   1.9101380722194142e+04   2.3740207386055394e+04   1.2446698718476493e+04  -3.2265541276162976e+03  -1.0178962389591903e+04   1.3354328315230947e+04   2.2724053155750822e+04   1.4695135498565585e+03
   1.9034682446896113e+04   2.3669027654702826e+04   1.2488743192353650e+04  -3.1651918491734559e+03  -1.0159612374524133e+04   1.3499985495727416e+04   2.2812042243074353e+04   1.5625012885103151e+03
   1.8967899332235156e+04   2.3596568859900704e+04   1.2529819883743341e+04  -3.1029784338520953e+03  -1.0139616886473636e+04   1.3644828051084240e+04   2.2898821990574077e+04   1.6562837386951112e+03
   1.8901043825615248e+04   2.3522836997294071e+04   1.2569934732961701e+04  -3.0399108414961174e+03  -1.0118966034303652e+04   1.3788843413531838e+04   2.2984384396722093e+04   1.7508581713467613e+03
   1.8834128323901547e+04   1.2609093821495309e+04  -2.9759861833339642e+03  -6.4446220611983781e+03  -1.0097650016954229e+04   1.3932019137047284e+04   2.3068721618400035e+04   1.8462216991574019e+03
   1.8767165171380471e+04   1.2647303370679394e+04  -2.9112017227076026e+03  -6.2830005249268515e+03  -1.0075659125450315e+04   1.4074342899333582e+04   2.3151825972122082e+04   0.0000000000000000e+00
   1.8700166657730795e+04   2.6312656850342311e+04   1.2684569740353214e+04  -6.1211557830314978e+03  -1.0052983744895395e+04   1.4215802503773844e+04   2.3233689935230934e+04   1.9350796279381255e+04
   1.8633145016005979e+04   2.6328567656441744e+04   1.2720899427492854e+04  -5.9591021739351872e+03  -1.0029614356450176e+04   1.4356385881359673e+04   2.3314306147066742e+04   1.9311178597373080e+04
   1.8566112420628167e+04   2.6343137411463391e+04   1.0935434837315186e+04   1.2756299064821669e+04  -5.7968540535184793e+03  -1.0005541539296160e+04   2.3393667410108632e+04   1.9271102167002355e+04
   1.8499080985393863e+04   2.6356364585309315e+04   1.0779542158869588e+04   1.2790775419398704e+04  -5.6344257928221823e+03  -9.9807559725834071e+03   2.3471766691088676e+04   1.9230579398924016e+04
   1.8432062761489280e+04   2.6368247819833923e+04   1.0623070306840560e+04   1.2824335391183720e+04  -5.4718317757499408e+03  -9.9552484373692987e+03   2.3548597122080071e+04   1.9189622729422023e+04
   1.8365069735522560e+04   2.6378785929083802e+04   1.0466033787373133e+04   1.2856986011583283e+04  -5.3090863967684272e+03  -9.9290098185290899e+03   2.3624152001554121e+04   1.9148244618149078e+04
   1.8298113827577854e+04   2.6387977899497870e+04   1.5452624941722331e+03   1.0308447180080273e+04   1.2888734441980532e+04  -5.1462040586037001e+03  -9.9020311066272170e+03   1.9106457545854821e+04
   1.8231206889254943e+04   2.6395822890109215e+04   1.3871851480792131e+03   1.0150325135684161e+04   1.2919587972228748e+04  -4.9831991699489818e+03  -9.8743033998403080e+03   1.9064274012129648e+04
   1.8164360701744903e+04   2.6402320232691574e+04   1.2291979179680643e+03   9.9916823736133665e+03   1.2949554019136773e+04  -4.8200861431638496e+03  -9.8458179058055139e+03   1.9021706533127814e+04
   1.8097586973913072e+04   2.6407469431883361e+04   1.0713140710569708e+03   9.8325336795974672e+03   1.2978640124930413e+04  -4.6568793919772261e+03  -9.8165659434668396e+03   1.8978767639291578e+04
   1.8030897340395783e+04   2.6411270165282123e+04   9.1354684860673774e+02   9.6728939032507369e+03   1.3006853955693761e+04  -4.4935933291918664e+03  -9.7865389449033119e+03   1.8935469873071983e+04
   1.7964303359711266e+04   7.5590946407964145e+02   9.5127779556452915e+03   1.3034203299790450e+04  -4.3302423643908642e+03  -1.8163656604473101e+04  -9.7557284571385298e+03   1.8891825786646896e+04
   1.7897816512384848e+04   5.9841510130393419e+02   9.3522008068742362e+03   1.3060696066265398e+04  -4.1668409016465939e+03  -1.8114012181733149e+04   1.8847847939636555e+04   0.0000000000000000e+00
   1.7831448199088871e+04   4.4107691264425512e+02   6.1867257865138181e+03   9.1911774836052555e+03   1.3086340283227126e+04  -4.0034033372324743e+03  -1.8064418577537250e+04   1.8803548896817116e+04
   1.7765209738797497e+04   2.8390801717815862e+02   6.1112873540556438e+03   9.0297230666250489e+03   2.0457819862642959e+03  -3.8399440573380243e+03  -1.8014886677239534e+04   1.8758941225832466e+04
   1.7699112366956640e+04   1.2692149887900626e+02   6.0349384958680648e+03   8.8678526883752511e+03   2.0869104206522879e+03  -3.6764774357876049e+03  -1.7965427295956757e+04   1.8714037494905089e+04
   1.7633167233669348e+04  -2.9869595194558261e+01   5.9576783001388976e+03   8.7055815304801017e+03   2.1274230877583414e+03  -3.5130178317632644e+03  -1.7916051176694888e+04   1.8668850270545747e+04
   1.7567385401896914e+04  -1.8645225670231932e+02   5.8795060101447716e+03  -4.8402711376975039e+03   8.5429248212665480e+03  -3.3495795875321264e+03  -1.7866768988488642e+04   1.8623392115263159e+04
   1.7501777845675886e+04  -3.4281351781916072e+02   5.8004210245941467e+03  -4.8784140062606621e+03   8.3798978332771185e+03  -3.1861770261787242e+03  -1.7817591324554414e+04   1.8577675585273319e+04
   1.7436355448353443e+04  -4.9894045302249094e+02   5.7204228979407644e+03  -4.9158270081823157e+03   8.2165158807723292e+03  -3.0228244493410439e+03  -1.7768528700463808e+04   1.8531713228206299e+04
   1.7371129000835528e+04  -6.5482018087556958e+02   5.6395113406746486e+03  -4.9525174531925804e+03   8.0527943172333116e+03  -2.8595361349551699e+03  -1.7719591552319071e+04   1.8485517580819265e+04
   1.7306109199844177e+04  -8.1043986580967191e+02   5.5576862195949343e+03  -4.9884927707409015e+03   7.8887485328711273e+03  -2.6963263350115740e+03  -1.7670790234919430e+04   0.0000000000000000e+00
   1.7241306646214336e+04  -9.6578671987835673e+02   1.1531944056422553e+04   5.4749475580288208e+03  -5.0237605085096948e+03   7.7243939520929162e+03  -2.5332092733013765e+03  -1.7622135020012975e+04
   1.7176731843189045e+04  -1.1208480045201707e+03   1.1491824211865624e+04   5.3912955360458072e+03  -5.0583283308566351e+03   7.5597460309947473e+03  -2.3701991431834213e+03  -1.7573636094504298e+04
   1.7112395194737368e+04  -1.2756110323083835e+03   1.1450773749819215e+04   5.3067304906386735e+03  -5.0922040172524730e+03   7.3948202548414802e+03  -2.2073101053549440e+03  -1.7525303558693668e+04
   1.7048307003889902e+04  -1.4300631686921377e+03   1.1408786441117783e+04   5.2212529158774259e+03  -5.1253954607001888e+03   7.2296321355427608e+03  -2.0445562856300448e+03  -1.7477147424531460e+04
   1.6984477471092086e+04  -1.5841918337287832e+03   1.1365856198760208e+04   5.1348634630361512e+03  -5.1579106661357573e+03   7.0641972091257003e+03  -1.8819517727263672e+03  -1.7429177613888438e+04
   1.6920916692575760e+04  -1.7379845038072046e+03   1.1321977079244401e+04   5.0475629406928492e+03  -5.1897577488108027e+03   6.8985310332047302e+03  -1.7381403956841914e+04   0.0000000000000000e+00
  -1.8914287133619050e+03   1.1277143283877160e+04   4.9593523148021804e+03  -5.2209449326573786e+03   6.7326491844490365e+03  -1.2615251639586071e+04  -1.9130707745613472e+04  -1.7333836189978010e+04
  -2.0445120565776447e+03   1.1231349160059135e+04   4.8702327087411868e+03  -5.2514805486351988e+03   6.5665672560481462e+03  -1.2615152508334686e+04  -1.9204446350924645e+04  -1.7286483954710780e+04
  -2.1972221890844316e+03   1.1184589202544696e+04   4.7802054033279892e+03  -5.2813730330615272e+03   6.4003008551761041e+03  -1.2614632812827964e+04  -1.9278054476229983e+04  -1.7239356795617790e+04
  -2.3495468296426307e+03   1.1136858054676306e+04   4.6892718368134774e+03  -5.3106309259240770e+03   6.2338656004547202e+03  -1.2613704018056656e+04  -1.9351519376748813e+04  -1.7192464158793009e+04
  -2.5014737618180125e+03   1.1088150509593377e+04   4.5974336048460118e+03  -5.3392628691771561e+03   6.0672771194163643e+03  -1.2612377623487180e+04  -1.9424828268746958e+04  -1.7145815390216911e+04
  -2.6529908356465198e+03   1.1038461511415207e+04   4.5046924604091855e+03  -5.3672776050213588e+03   5.9005510459668540e+03  -1.2610665160930303e+04  -1.9497968331731099e+04  -1.7099419734144238e+04
  -2.8040859692900076e+03   1.0987786156394299e+04   4.4110503137359474e+03  -5.3946839741622425e+03   5.7337030178520672e+03  -1.2608578192410721e+04  -1.9570926710647906e+04  -1.7053286331505049e+04
  -2.9547471506787861e+03   1.0936119694049497e+04   4.3165092321902330e+03  -5.4214909140614200e+03   5.5667486741200019e+03  -1.2606128308025076e+04  -1.7007424218331769e+04  -2.4226048694391622e+04
  -3.1049624391383486e+03   1.0883457528284578e+04   4.2210714401108344e+03  -5.4477074571879439e+03  -1.2603327123781442e+04  -1.6961842324220113e+04  -2.4277817606980199e+04   0.0000000000000000e+00
  -3.2547199670199502e+03   1.0829795218443758e+04   4.1247393186617073e+03  -5.4733427292058514e+03  -1.2600186279482714e+04  -1.6916549470761780e+04  -2.4328252784702894e+04   0.0000000000000000e+00
  -3.4040079413074673e+03   1.0775128480370548e+04   4.0275154056279489e+03  -5.4984059471870378e+03  -1.2596717436568539e+04  -1.6871554370034966e+04  -2.4377351215475497e+04   0.0000000000000000e+00
  -3.5528146452162123e+03   1.0719453187431043e+04   3.9294023951927265e+03  -5.5229064177982746e+03  -1.2592932275965928e+04  -1.6826865623103324e+04  -2.4425110066030113e+04   0.0000000000000000e+00
  -3.7011284397800569e+03   1.0662765371509915e+04   3.8304031376875992e+03  -5.5468535354737960e+03  -1.2588842495937888e+04  -2.4471526682358435e+04   0.0000000000000000e+00   0.0000000000000000e+00
  -3.8489377654266509e+03   1.0605061223978964e+04   3.7305206393162684e+03  -5.5702567805737845e+03  -1.2584459809930695e+04  -7.0214520780609455e+03  -1.5049445402601017e+04  -2.4516598590123729e+04
  -3.9962311435405904e+03   1.0546337096637917e+04   3.6297580618518564e+03  -5.5931257175290721e+03  -1.2579795944419831e+04  -7.1149451216151629e+03  -1.5155032794716779e+04  -2.4560323495041015e+04
  -4.1429971780142660e+03   1.0486589502627397e+04   3.5281187223077659e+03  -5.6154699929723220e+03  -1.2574862636755191e+04  -7.2091503952298281e+03  -1.5260797331551305e+04  -2.4602699283225822e+04
   1.0425815117313816e+04   3.4256060925821980e+03  -5.6372993338560409e+03  -1.2569671633005775e+04  -7.3040625183245256e+03  -1.5366727725527564e+04  -2.4643724021510989e+04   0.0000000000000000e+00
   1.0364010779146134e+04   1.0181429096148815e+04  -5.6586235455577189e+03  -1.2564234685804182e+04  -7.3996759542146401e+03  -1.5472812605074523e+04  -2.4683395957731722e+04   0.0000000000000000e+00
   1.0301173490484181e+04   1.0129744677744560e+04  -5.6794525099723733e+03  -1.2558563552191330e+04  -7.4959850107736920e+03  -1.5579040516423771e+04  -2.4721713520978676e+04   0.0000000000000000e+00
   1.0237300418398434e+04   1.0078715023657043e+04  -5.6997961835929009e+03  -1.2552669991461678e+04  -7.5929838411217224e+03  -1.5685399925422405e+04  -2.4758675321819155e+04   0.0000000000000000e+00
   1.0028339577569381e+04  -5.7196645955784443e+03  -1.2546565763009257e+04  -7.6906664443395475e+03  -1.5791879219361685e+04  -2.4794280152486059e+04   0.0000000000000000e+00   0.0000000000000000e+00
   9.9786176253879094e+03  -5.7390678458141610e+03  -1.2540262624168905e+04  -7.7890266661997748e+03  -1.5898466708820977e+04  -2.4828526987039950e+04   0.0000000000000000e+00   0.0000000000000000e+00
   9.9295482955411080e+03  -5.7580161029545643e+03  -1.2533772328069297e+04  -7.8880581999393153e+03  -1.6005150629527376e+04  -2.4861414981490223e+04   0.0000000000000000e+00   0.0000000000000000e+00
   9.8811305593139914e+03  -5.7765196024458746e+03  -1.2527106621508397e+04  -7.9877545870883177e+03  -1.6111919144230869e+04  -2.4892943473867508e+04   0.0000000000000000e+00   0.0000000000000000e+00
   9.8333632311863112e+03  -5.7945886445681208e+03  -1.2520277242769062e+04   1.7750099961550655e+04  -8.0881092182313905e+03  -1.6218760344592049e+04  -2.4923111984314444e+04   0.0000000000000000e+00
   9.7862449692180198e+03  -5.8122335924417011e+03  -1.2513295919488666e+04   1.7619428335485532e+04  -8.1891153338718723e+03  -1.6325662253085833e+04  -2.4951920215102142e+04   0.0000000000000000e+00
   9.7397742754567698e+03  -5.8294648700308471e+03  -1.2506174366517409e+04   1.7488068824727161e+04  -8.2907660253000504e+03  -7.0322942295351650e+03  -1.6432612824918811e+04  -2.4979368050625922e+04
   9.6939494963727466e+03  -5.8462929601374881e+03  -1.2498924283779728e+04   1.7356034984410213e+04  -8.3930542354867157e+03  -6.9769815977737198e+03  -1.6539599949960146e+04  -2.5005455557368834e+04
   9.6487688233208773e+03  -5.8627284023856855e+03  -1.2491557354139271e+04   1.7223340442657329e+04  -8.4959727600019469e+03  -6.9224236715086527e+03  -1.6646611454685895e+04  -2.5030182983832696e+04
   9.6042302930302540e+03  -5.8787817911971279e+03  -1.2484085241267856e+04   1.7089998898262867e+04  -8.5995142479589485e+03  -6.8686190103225381e+03  -1.6753635104136440e+04  -2.5053550760436974e+04
   9.5603317881206913e+03  -1.2476519587518485e+04   1.6956024118364854e+04  -8.7036712029829887e+03  -6.8155660075426777e+03  -1.6860658603886510e+04  -2.5075559499385199e+04   0.0000000000000000e+00
   9.5170710376463958e+03  -1.2468872011803018e+04   1.6821429936105196e+04  -8.8084359842051217e+03   2.5587923380900143e+03  -6.7632628907229828e+03  -1.6967669602027749e+04  -2.5096209994499077e+04
   9.4744456176665772e+03  -1.2461154107474642e+04   1.6686230248278920e+04  -8.9138008072807388e+03   2.6749121172295727e+03  -6.7117077221547052e+03  -1.7074655691163152e+04   9.0774645989423061e+03
   9.4324529518429663e+03  -1.2453377440215620e+04   1.6550439012972809e+04  -9.0197577454327384e+03   2.7917516975928793e+03  -6.6608983994059454e+03  -1.7181604410413496e+04   9.2102558546036107e+03
   9.3910903120640924e+03  -1.2445553545930476e+04   1.6414070247193864e+04  -9.1262987305192109e+03   2.9093039140461237e+03  -6.6108326558898561e+03  -1.7288503247434837e+04   9.3433545603549228e+03
   9.3503548190962520e+03  -1.2437693928645134e+04   1.6277138024488215e+04  -9.2334155541254986e+03   3.0275614576163935e+03  -6.5615080614614253e+03  -1.7395339640447470e+04   9.4767493484032639e+03
   9.3102434432655609e+03  -1.2429810058418272e+04   1.6139656472552566e+04  -9.3410998686889598e+03   3.1465168764710720e+03  -6.5129220230434257e+03  -1.7502100980275132e+04   9.6104287651627055e+03
   9.2707530051587128e+03   1.6001639770834059e+04  -9.4493431886333801e+03   3.2661625769149200e+03  -6.4650717852795897e+03  -1.7608774612395002e+04   9.7443812730286500e+03   0.0000000000000000e+00
   9.2318801763348511e+03   1.5863102148115961e+04  -9.5581368914992981e+03   1.3478105644733048e+04   3.3864908243984810e+03  -6.4179544312136568e+03  -1.7715347838998070e+04   9.8785952521560375e+03
   9.1936214801098031e+03   1.5724057880113669e+04  -9.6674722191835081e+03   1.3472436615478971e+04   3.5074937445889864e+03  -6.3715668830036811e+03  -1.7821807921057953e+04   1.0013059002282560e+04
   9.1559732923280517e+03   1.5584521287048579e+04  -9.7773402791313692e+03   1.3466489957679460e+04   3.6291633244328941e+03  -6.3259059026584637e+03  -1.7928142080410165e+04   1.0147760744539626e+04
