  -3.3041162447834308e+03
  -2.9147830319148034e+03
  -2.5133547076368086e+03
  -2.1016885706648873e+03
  -1.6816820556345633e+03
  -1.2552641878176075e+03
  -8.2438676368293466e+02
  -3.9101555781827591e+02
   4.2878361082222803e+01
   4.7532732086987306e+02
   9.0437562688024320e+02
   1.3280880415241736e+03
   1.7445584252245005e+03
   2.1519182136945924e+03
   2.5483445296815353e+03
   2.9320683639140225e+03
   3.3013824472113552e+03
   3.6546487375958609e+03
   3.9903057765848212e+03
   4.3068757510965215e+03
   4.6029712720615407e+03
   4.8773018141937719e+03
   5.1286795550365678e+03
   5.3560248683433574e+03
   5.5583713881267786e+03
   5.7348705110688561e+03
   5.8847953648981684e+03
   6.0075442080516232e+03
   6.1026432560458006e+03
   6.1697487914114272e+03
   6.2086485917345608e+03
   6.2192626687967813e+03
   6.2016433449758870e+03
   6.1559747086758989e+03
   6.0825714118368041e+03
   5.9818766946307960e+03
   5.8544598109293056e+03
   5.7010128405953701e+03
   5.5223468432585660e+03
   5.3193873866922650e+03
   5.0931696903001275e+03
   4.8448332301645978e+03
   4.5756154466201970e+03
   4.2868449707585169e+03
   3.9799349221371763e+03
   3.6563758128325485e+03
   3.3177281573189148e+03
   2.9656146985584815e+03
   2.6017123897005163e+03
   2.2277442594081604e+03
   1.8454711135573662e+03
   1.4566830805423976e+03
   1.0631912122559445e+03
   6.6681910527187370e+02
   2.6939456059843906e+02
  -1.2725892290551771e+02
  -5.2133052164408809e+02
  -9.1103029930377124e+02
  -1.2945974133542747e+03
  -1.6703080392782003e+03
  -2.0364830243969373e+03
  -2.3914953633163123e+03
  -2.7337775011590247e+03
  -3.0618284603953812e+03
  -3.3742206062835226e+03
  -3.6696059942058241e+03
  -3.9467223465738166e+03
  -4.2043986301230962e+03
  -4.4415602042605733e+03
  -4.6572336031507102e+03
  -4.8505507187667718e+03
  -5.0207525397754116e+03
  -5.1671923707579244e+03
  -5.2893384283789592e+03
  -5.3867758642828776e+03
  -5.4592081686012107e+03
  -5.5064579538987718e+03
  -5.5284671561288642e+03
  -5.5252966593259944e+03
  -5.4971252628557240e+03
  -5.4442480103171993e+03
  -5.3670738993616515e+03
  -5.2661230154363739e+03
  -5.1420231353050149e+03
  -4.9955057695958367e+03
  -4.8274017270012055e+03
  -4.6386362431128164e+03
  -4.4302236759257657e+03
  -4.2032618813215286e+03
  -3.9589262019998673e+03
  -3.6984631583116129e+03
  -3.4231839098866499e+03
  -3.1344575095688770e+03
  -2.8337039871926149e+03
  -2.5223872635527855e+03
  -2.2020079079967059e+03
  -1.8740959028826944e+03
  -1.5402034112639790e+03
  -1.2018975632329211e+03
  -8.6075328433004347e+02
  -5.1834602579020896e+02
  -1.7624470829705902e+02
   1.6399523157596360e+02
   5.0083872160276445e+02
   8.3277765568159634e+02
   1.1583374752986097e+03
   1.4760836617870864e+03
   1.7846280010593825e+03
   2.0826345485155339e+03
   2.3688253150600640e+03
   2.6419857407620666e+03
   2.9009698662838737e+03
   3.1447052738901807e+03
   3.3721977377332150e+03
   3.5825353761433166e+03
   3.7748925620389891e+03
   3.9485333722994728e+03
   4.1028145701270996e+03
   4.2371882185465120e+03
   4.3512037549290626e+03
   4.4445096563452789e+03
   4.5168545850147957e+03
   4.5680879587322252e+03
   4.5981600768877006e+03
   4.6071216895510588e+03
   4.5951230412564864e+03
   4.5624124708951695e+03
   4.5093344510813495e+03
   4.4363271492289141e+03
   4.3439195352813595e+03
   4.2327278796953460e+03
   4.1034519103696030e+03
   3.9568706149048371e+03
   3.7938375648478136e+03
   3.6152758472283849e+03
   3.4221728835377689e+03
   3.2155750913704192e+03
   2.9965818858123821e+03
   2.7663395652020099e+03
   2.5260353666491187e+03
   2.2768912575113782e+03
   2.0201575987541851e+03
   1.7571067637421236e+03
   1.4890267948717037e+03
   1.2172150336776588e+03
   9.4297184496545958e+02
   6.6759445659809660e+02
   3.9237091053113221e+02
   1.1857398272520670e+02
  -1.5254475768822755e+02
  -4.1976061087600459e+02
  -6.8188127857782729e+02
  -9.3775221758533871e+02
  -1.1862617416720798e+03
  -1.4263457509491116e+03
  -1.6569921888928468e+03
  -1.8772453982592504e+03
  -2.0862102224791879e+03
  -2.2830557511624729e+03
  -2.4670187323423761e+03
  -2.6374066092570647e+03
  -2.7936001048932635e+03
  -2.9350554640264627e+03
  -3.0613063223878453e+03
  -3.1719651922794833e+03
  -3.2667245892547967e+03
  -3.3453577369060972e+03
  -3.4077188325673319e+03
  -3.4537428319027695e+03
  -3.4834447606173235e+03
  -3.4969186647004299e+03
  -3.4943361924084234e+03
  -3.4759447447875082e+03
  -3.4420652044408430e+03
  -3.3930892461883104e+03
  -3.3294762795505444e+03
  -3.2517501047388018e+03
  -3.1604953359956339e+03
  -3.0563534507051909e+03
  -2.9400186181786239e+03
  -2.8122333440995908e+03
  -2.6737839208324831e+03
  -2.5254957196358546e+03
  -2.3682283892322853e+03
  -2.2028709422978404e+03
  -2.0303367847589723e+03
  -1.8515587139687641e+03
  -1.6674839454092107e+03
  -1.4790691614215702e+03
  -1.2872756009358452e+03
  -1.0930642117133850e+03
  -8.9739092752588340e+02
  -7.0120212917800245e+02
  -5.0543017069607032e+02
  -3.1098907367917815e+02
  -1.1877043572005279e+02
   7.0360595566141100e+01
   2.5556906170607323e+02
   4.3605372570292809e+02
   6.1105044776231330e+02
