  -1.0587837950709116e+04  -6.6439273452315001e+03  -6.2641231576095597e+03  -2.1901877193246946e+04  -1.8907354472761548e+04  -2.1347929211042039e+04  -1.8073762062870934e+04  -2.2011530419697086e+04
  -1.0757532463932901e+04  -6.4633853381880526e+03  -6.4427075062825579e+03  -2.1888961043890216e+04  -1.8806889691890865e+04  -2.1383193600147522e+04  -1.8175589671447571e+04  -2.2026144695849362e+04
  -1.0926402297815705e+04  -6.2823516919285494e+03  -6.6208069244440103e+03  -2.1874406601977247e+04  -1.8705006669609065e+04  -2.1416841398818524e+04  -1.8275953843566727e+04  -2.2039064063030368e+04
  -1.1094434551100419e+04  -6.1008402316659549e+03  -6.7984080074334988e+03  -2.1858214695629231e+04  -1.8601712845639071e+04  -2.1448869683186702e+04  -1.8374846042782206e+04  -2.2050287469409075e+04
  -1.1261616388164673e+04  -5.9188648155385463e+03  -6.9754973874548668e+03  -2.1840386272968521e+04  -1.8497015767068715e+04  -2.1479275648896702e+04  -1.8472257851926766e+04  -2.2059813994174703e+04
  -1.1427935039993175e+04  -5.7364393335619743e+03  -7.1520617345299524e+03  -2.1820922402130909e+04  -1.8390923087882569e+04  -2.1508056611423672e+04  -1.8568180974035771e+04  -2.2067642847625779e+04
  -1.1593377805144382e+04  -5.5535777065800921e+03  -2.1799824271270634e+04  -1.8283442568486029e+04  -2.1535210006383233e+04  -1.8662607233259612e+04  -2.2073773371249095e+04   0.0000000000000000e+00
  -1.1406648296592826e+04  -1.1757932050711628e+04  -2.1777093188557508e+04  -1.8174582075221329e+04  -2.1560733389833640e+04  -1.8755528575764882e+04  -2.2078205037788164e+04  -1.2074621607389225e+04
  -1.1247568323686393e+04  -1.1921585213278380e+04  -2.1752730582166685e+04  -1.8064349579875659e+04  -2.1584624438570048e+04  -1.8846937070623811e+04  -2.2080937451301223e+04  -1.1912612241500487e+04
  -1.1087609938780111e+04  -1.2084324799867800e+04  -2.1726738000260586e+04  -1.7952753159181284e+04  -2.1606880950411025e+04  -1.8936824910692212e+04  -2.2081970347208924e+04  -1.1749709493251030e+04
  -1.0926785691285535e+04  -1.2246138388886409e+04  -2.1699117110963478e+04  -1.7839800994307741e+04  -2.1627500844476996e+04  -1.9025184413475439e+04  -2.2081303592331566e+04  -1.1585925439123142e+04
  -1.8044975892667626e+04  -1.0765108197880549e+04  -2.1669869702327967e+04  -1.7725501370346170e+04  -2.1646482161460819e+04  -1.9112008021982321e+04  -2.2078937184915841e+04  -1.1421272224210665e+04
  -1.7934867302215534e+04  -1.0602590141448709e+04  -2.1638997682294223e+04  -1.7609862675785596e+04  -2.1663823063890250e+04  -1.9197288305567014e+04  -2.2074871254651280e+04  -1.1255762061408528e+04
  -1.7823388728926275e+04  -1.0439244270013263e+04  -2.1606503078641170e+04  -1.7492893401981466e+04  -2.1679521836382311e+04  -1.9281017960758378e+04  -2.2069106062676135e+04  -1.1089407230596784e+04
  -1.7710548559335431e+04  -1.0275083395665997e+04  -2.1572388038930148e+04  -1.7374602142616088e+04  -2.1693576885889510e+04  -1.9363189812076878e+04  -2.2061642001572945e+04  -1.0922220077819175e+04
  -1.7596355285268735e+04  -1.0110120393478906e+04  -2.1536654830443451e+04  -1.7254997593179134e+04  -2.1705986741897443e+04  -1.9443796812840927e+04  -2.2052479595375829e+04  -1.0754213014452622e+04
  -1.7480817503261907e+04  -9.9443682004313687e+03  -2.1499305840110439e+04  -1.7134088550392538e+04  -2.1716750056683290e+04  -1.9522832045956882e+04  -2.2041619499529352e+04  -1.0585398516377458e+04
  -1.7363943914077994e+04  -9.7778398143719278e+03  -2.1460343574416329e+04  -1.7011883911535821e+04  -2.1725865605700204e+04  -1.9600288724689206e+04  -2.2029062500762695e+04  -1.0415789123153885e+04
  -6.2733328907809437e+02  -1.7245743321894410e+04  -2.1419770659331734e+04  -1.6888392674043469e+04  -2.1733332287544745e+04  -1.9676160193438187e+04  -2.2014809517179023e+04  -1.0245397437157442e+04
  -4.3407551510401743e+02  -1.7126224633749243e+04  -1.6763623934861713e+04  -1.9750439928487474e+04  -2.1998861598146930e+04  -1.0074236122738730e+04   0.0000000000000000e+00   0.0000000000000000e+00
  -2.4078443734596652e+02  -1.7005396858905024e+04  -1.2751821975578472e+04  -1.6637586889862123e+04  -1.9823121538742565e+04  -2.1981219924233454e+04  -9.9023179053696531e+03   0.0000000000000000e+00
  -4.7474893348190591e+01  -1.6883269108204542e+04  -1.2904642489043261e+04   1.0505723134791622e+04  -1.6510290833247178e+04  -1.9894198766455949e+04  -2.1961885807126589e+04  -9.7296555707843654e+03
   1.4583828833649517e+02  -1.6759850593418236e+04  -1.3056476711250987e+04   3.3134137147532037e+03   1.0338120965120539e+04  -1.9963665487938506e+04  -2.1940860689547375e+04  -9.5562619641149740e+03
   3.3914028928144575e+02  -1.6635150626583552e+04  -1.3207313085781434e+04   3.5061092081152306e+03   1.0169717467128034e+04  -2.0031515714257108e+04  -2.1918146145151626e+04  -9.3821499890220148e+03
   5.3241630231697695e+02  -1.6509178619336155e+04  -1.3357140133436496e+04   3.6985292016316944e+03   1.0000525388192575e+04  -2.0097743591918093e+04  -2.1893743878421057e+04  -9.2073326068197948e+03
   7.2565153265709091e+02  -1.6381944082233089e+04  -1.3505946453096809e+04   3.8906585207999960e+03   9.8305575475606747e+03  -2.0162343403536794e+04  -2.1867655724544162e+04  -9.0318228355965202e+03
   9.1883119902208944e+02  -1.6253456624067903e+04  -1.3653720722572243e+04   4.0824820088896072e+03   9.6598268354190423e+03  -2.0225309568492721e+04  -2.1839883649286559e+04  -8.8556337493293613e+03
   1.1119405347569850e+03  -1.6123725951177717e+04  -1.3800451699446086e+04   4.2739845282418482e+03   9.4883462119578016e+03  -2.0286636643570313e+04  -2.1810429748850904e+04  -8.6787784769944501e+03
   1.3049647889456242e+03  -1.3946128221912750e+04   4.4651509615696605e+03   9.3161287064246862e+03  -2.0346319323585285e+04  -2.1779296249726536e+04  -8.5012702016717540e+03   0.0000000000000000e+00
   1.4978892275204685e+03   1.8044129429607878e+04  -1.4090739209609254e+04   4.6559662132572521e+03   9.1431874161703581e+03  -2.1746485508528480e+04  -8.3231221596450614e+03   0.0000000000000000e+00
   1.6906991343599218e+03   1.7942149977572200e+04  -1.4234273664429682e+04   4.8464152106492802e+03   8.9695355056830740e+03  -2.1712000011819593e+04  -8.1443476394986656e+03   0.0000000000000000e+00
   1.8833798123948836e+03   1.7838792181811357e+04  -1.4376720671350975e+04   5.0364829053570747e+03   8.7951862056175651e+03   1.9670308149243152e+04  -2.1675842375933633e+04  -7.9649599812061488e+03
   2.0759165847372788e+03   1.7734063790815155e+04  -1.4518069399286873e+04   5.2261542745981887e+03   8.6201528118212809e+03   1.9587196224395466e+04  -2.1638015346810036e+04  -7.7849725752083286e+03
   2.2682947957230444e+03   1.7627972660884563e+04  -1.4658309101829651e+04   5.4154143224320405e+03   8.4444486843335671e+03   1.9502573092288432e+04  -2.1598521799751055e+04  -7.6043988615043572e+03
   2.4604998120176365e+03   1.7520526755579831e+04  -1.4797429118072821e+04   5.6042480810804391e+03   8.2680872463914493e+03   1.9416445455039069e+04  -2.1557364739224471e+04  -7.4232523287229988e+03
   2.6525170236981180e+03   1.7411734145162351e+04  -1.4935418873402858e+04   5.7926406122233539e+03   8.0910819834226158e+03   1.9328820130075790e+04  -2.1514547298640409e+04  -7.2415465131933015e+03
   2.8443318453304178e+03   1.7301603006027475e+04   1.4336911652175197e+04  -1.5072267880284080e+04   5.9805770082934932e+03   7.9134464420298800e+03   1.9239704049549229e+04  -7.0592949980106096e+03
   3.0359297170416521e+03   1.7190141620128343e+04   1.4481808071726149e+04  -1.5207965739036676e+04   6.1680423937696214e+03   7.7351942289672288e+03   1.9149104259734100e+04  -6.8765114120977260e+03
   3.2272961055875035e+03   1.7077358374390693e+04   1.4625614786749380e+04  -1.5342502138607912e+04   6.3550219264683628e+03   7.5563390101074629e+03   1.9057027920422464e+04  -6.6932094292615429e+03
   3.4184165054145396e+03   1.6963261760118548e+04   1.4768321642139565e+04  -1.5475866857336227e+04   6.5415007988344696e+03   7.3768945094015417e+03   1.8963482304308396e+04  -6.5094027672449874e+03
   3.6092764397174492e+03   1.6847860372391253e+04   1.4909918576334390e+04  -1.5608049763708505e+04   6.7274642392292690e+03   7.1968745078296697e+03   1.8868474796364062e+04  -6.3251051867744327e+03
   3.7998614614911075e+03   1.6731162909451319e+04   1.5050395621810574e+04   6.9128975132172536e+03   7.0162928423442445e+03   1.8772012893207222e+04   2.0486738983107516e+04  -6.1403304906025378e+03
   3.9901571545774505e+03   1.6613178172083535e+04   1.5189742905570769e+04   7.0977859248505920e+03   6.8351634048046781e+03   1.8674104202460498e+04   2.0443466304043675e+04  -5.9550925225466754e+03
   4.1801491347070432e+03   1.6493915062985147e+04   1.5327950649621185e+04   7.2821148179514621e+03   6.6535001409042134e+03   1.8574756442102131e+04   2.0398584253046898e+04  -5.7694051665228117e+03
   4.3698230505353667e+03   1.6373382586127307e+04   1.5465009171440039e+04   7.4658695773920153e+03   6.4713170490888151e+03   1.8473977439808492e+04   2.0352096777114595e+04  -5.5832823455750940e+03
   4.5591645846754227e+03   1.6251589846109870e+04   1.5600908884450209e+04   7.6490356303764029e+03   6.2886281794704337e+03   1.8371775132280643e+04   2.0304007950919229e+04  -5.3967380209010580e+03
   4.7481594547219584e+03   1.6128546047503691e+04   1.5735640298460014e+04   7.8315984477123793e+03   6.1054476327286211e+03   1.8268157564576042e+04   2.0254321976333005e+04  -5.2097861908724790e+03
   4.9367934142643444e+03   1.6004260494176729e+04   1.5869194020050903e+04   8.0135435450647692e+03   5.9217895589970331e+03   1.8163132889457949e+04   2.0203043181949190e+04   0.0000000000000000e+00
   5.1250522539116437e+03   1.5878742588634112e+04   1.6001560753090580e+04   8.1948564842524302e+03   5.7376681567650003e+03   1.8056709366658273e+04   2.0150176022568430e+04   2.0780942671503304e+04
   5.3129218022973773e+03   1.5752001831330792e+04   1.6132731299125524e+04   8.3755228745035583e+03   5.5530976717527346e+03   1.7948895362197833e+04   2.0095725078694359e+04   2.0842580950160307e+04
   5.5003879270827301e+03   1.5624047819980740e+04   1.6262696557795645e+04   8.5555283737183909e+03   5.3680923957842942e+03   1.7839699347680536e+04   2.0039695056012846e+04   2.0902647816309942e+04
   5.6874365359540798e+03   1.5494890248857688e+04   1.6391447527240169e+04   8.7348586897285677e+03   5.1826666656532416e+03   1.7729129899579937e+04   1.9982090784860655e+04   2.0961138570985790e+04
   5.8740535776147644e+03   1.5364538908087185e+04   1.6518975304494714e+04   8.9134995815528619e+03   4.9968348619810176e+03   1.7617195698517968e+04   1.9922917219683437e+04   2.1018048631160797e+04
   6.0602250427711315e+03   1.5233003682930346e+04   1.6645271085879842e+04   9.0914368606492899e+03   1.7503905528536070e+04   1.9862179438483468e+04   2.1073373530127068e+04   1.3343900281944363e+04
   1.5100294553059075e+04   1.6770326167380837e+04   2.0518425111805776e+04   9.2686563921632896e+03   1.7389268276358773e+04   1.9799882642256780e+04   2.1127108917868427e+04   1.3489885723117201e+04
   1.4966421591822884e+04   1.6894131945019075e+04   2.0451899565266136e+04   9.4451440961719672e+03   1.7273292930649779e+04   1.9736032154420347e+04   2.1179250561425197e+04   1.3634802574799851e+04
   1.4831394965507412e+04   1.7016679915214791e+04   2.0383816413933462e+04   9.6208859489241277e+03   1.7155988581260659e+04   1.9670633420228827e+04   2.1229794345251634e+04   1.3778639345454205e+04
   1.4695224932584601e+04   1.7137961675141501e+04   2.0314181086619672e+04   9.7958679840760451e+03   1.7037364418472152e+04   1.9603692006181544e+04   2.1278736271565715e+04   1.3921384631746127e+04
   1.4557921842954654e+04   1.7257968923071989e+04   2.0242999127892625e+04   9.9700762939227952e+03   1.6917429732228313e+04   1.9535213599419218e+04   2.1326072460691321e+04   1.4063027119542036e+04
   1.7376693458715981e+04   2.0170276197589639e+04   1.6796193911363367e+04   1.9465204007111199e+04   2.1371799151392752e+04   1.4203555584896829e+04   0.0000000000000000e+00   0.0000000000000000e+00
   1.7494127183544442e+04   2.0096018070323564e+04   1.3829458796313822e+04   1.6673666442826205e+04   1.9393669155833864e+04   2.1415912701201341e+04   1.4342958895036347e+04   4.5754027249940636e+03
   1.7610262101114473e+04   2.0020230634980217e+04   1.3680511332422086e+04   1.9320615090937576e+04   2.1458409586734768e+04   1.4481226009325252e+04   4.7603604746043684e+03   0.0000000000000000e+00
   1.7725090317403403e+04   1.9942919894206650e+04   1.3530523545289301e+04   1.9246047975900037e+04   2.1499286404009392e+04   1.4618345980215083e+04   4.9449581935757024e+03   0.0000000000000000e+00
   1.7838604041082264e+04   1.9864091963896513e+04   1.3379507083391782e+04   1.9169974091682307e+04   2.1538539868742377e+04   1.4754307954216163e+04   5.1291819468947033e+03   0.0000000000000000e+00
   1.7950795583824856e+04   1.9783753072663887e+04   1.3227473667352930e+04   1.9092399836065539e+04   2.1576166816647990e+04   1.4889101172832845e+04   5.3130178294325169e+03   0.0000000000000000e+00
   1.8061657360596961e+04   1.9701909561310669e+04   1.3074435089002949e+04   1.9013331722981300e+04   2.1612164203725566e+04   1.5022714973496932e+04   5.4964519669488627e+03   0.0000000000000000e+00
   1.8171181889937354e+04   1.9618567882286312e+04   1.2920403210435034e+04   1.8932776381832744e+04   2.1646529106539438e+04   1.5155138790491796e+04   5.6794705170933530e+03   0.0000000000000000e+00
   1.8279361794231299e+04   1.9533734599140429e+04   1.2765389963058238e+04   2.1679258722491053e+04   1.5286362155866720e+04   5.8620596704040654e+03   0.0000000000000000e+00   0.0000000000000000e+00
   1.8386189799976153e+04   1.9447416385967776e+04   1.2609407346647075e+04   2.1710350370083121e+04   1.5416374700341703e+04   6.0442056513032467e+03   0.0000000000000000e+00   0.0000000000000000e+00
   1.8491658738039270e+04   1.9359620026846016e+04   1.2452467428387947e+04  -8.2987053109884873e+03   2.1739801489175712e+04   1.5545166154202454e+04   6.2258947190901154e+03   0.0000000000000000e+00
   1.8595761543908320e+04   1.9270352415266250e+04   1.2294582341922467e+04  -8.4748802481299426e+03   2.1767609641234383e+04   1.5672726348185490e+04   6.4071131689307340e+03   0.0000000000000000e+00
   1.9179620553556295e+04   1.2135764286387724e+04  -8.6504282292347725e+03   2.1793772509570172e+04   1.5799045214353253e+04   6.5878473328448481e+03   0.0000000000000000e+00   0.0000000000000000e+00
   1.9087431552296835e+04   1.1976025525453691e+04  -8.8253363254048090e+03   2.1818287899571606e+04   1.5924112786959131e+04   6.7680835806896357e+03  -1.7134060798442544e+04   0.0000000000000000e+00
   1.8993792629730488e+04   1.1815378386357645e+04  -8.9995916557279852e+03   2.1841153738928446e+04   1.6047919203302376e+04   6.9478083211404037e+03  -1.7246604377498323e+04  -1.9625429377543176e+04
   1.8898711111163855e+04   1.1653835258935958e+04  -9.1731813881144935e+03   2.1862368077847455e+04   7.1270080026679634e+03  -1.7357845689022259e+04  -1.9542652857203146e+04   0.0000000000000000e+00
   1.8802194428360835e+04   1.1491408594664214e+04  -9.3460927401363861e+03   2.1881929089257123e+04   7.3056691145143659e+03  -1.7467776217500872e+04  -1.9458370966635273e+04   0.0000000000000000e+00
   1.8704250118932032e+04   1.1328110905675692e+04  -9.5183129798521350e+03   2.1899835069008754e+04  -2.0328135171684597e+04   7.4837781876627560e+03  -1.7576387543472843e+04  -1.9372589806503187e+04
   1.8604885825722842e+04   1.1163954763740227e+04  -9.6898294266054036e+03   2.1916084436078487e+04  -2.0404129921408883e+04   7.6613217957991328e+03  -1.7683671344178423e+04  -1.9285315596865290e+04
   1.8504109296177641e+04   1.0998952799353383e+04  -9.8606294518886425e+03   2.1930675732733434e+04  -2.0478566586280711e+04   7.8382865562852630e+03  -1.7789619394185924e+04  -1.9196554676838539e+04
   1.8401928381711503e+04   1.0833117700729521e+04  -1.0030700480146481e+04   2.1943607624712520e+04  -2.0551439553459910e+04   8.0146591311160391e+03  -1.7894223566026103e+04  -1.9106313504213165e+04
   1.8298351037071185e+04   1.0666462212818546e+04  -1.0200029989591358e+04   2.1954878901392451e+04  -2.0622743329602279e+04   8.1904262278766555e+03  -1.7997475830816413e+04  -1.9014598655067759e+04
   1.0498999136320403e+04  -1.0368605513015618e+04   2.1964488475945334e+04  -2.0692472541252526e+04   8.3655746006962363e+03  -1.8099368258878883e+04  -1.8921416823373769e+04   0.0000000000000000e+00
   1.0330741326697385e+04  -1.0536414638600088e+04  -2.0760621935227897e+04   8.5400910511977745e+03  -1.8199893020351898e+04  -1.5682819659347759e+04  -1.8826774820589544e+04   0.0000000000000000e+00
   1.0161701693184405e+04  -1.0703445010719113e+04  -2.0827186378992894e+04   8.7139624294444875e+03  -1.8299042385795437e+04  -1.5548748910714692e+04  -1.8730679575243874e+04   0.0000000000000000e+00
   9.9918931977971861e+03  -1.0869684330741979e+04  -2.0892160861024804e+04   8.8871756348823656e+03  -1.8396808726790096e+04  -1.5413493599433266e+04  -1.8633138132509241e+04   0.0000000000000000e+00
   9.8213288543385825e+03  -1.1035120357830780e+04  -2.0955540491170104e+04   9.0597176172789332e+03  -1.8493184516529465e+04  -1.5277063729661399e+04  -1.8534157653764178e+04   0.0000000000000000e+00
   9.6500217274029874e+03  -1.1199740909734630e+04  -2.1017320500991678e+04   9.2315753776582096e+03  -1.8588162330406187e+04  -1.5139469399766498e+04  -1.8433745416145579e+04   0.0000000000000000e+00
   9.4779849313789437e+03  -1.1363533863580224e+04  -2.1077496244106947e+04   9.4027359692317477e+03  -1.8681734846591356e+04  -1.5000720801662428e+04  -1.8331908812090187e+04   0.0000000000000000e+00
   9.3052316294500524e+03  -1.1526487156658779e+04  -2.1136063196516738e+04   9.5731864983257437e+03  -1.8773894846607498e+04  -1.4860828220138254e+04  -1.8228655348865777e+04   0.0000000000000000e+00
   9.1317750325942561e+03  -1.1688588787209219e+04  -2.1193016956924970e+04   9.7429141253041198e+03  -1.8864635215894628e+04  -1.4719802032178379e+04  -1.8123992648091778e+04   0.0000000000000000e+00
   8.9576283985730315e+03  -1.1849826815189381e+04  -2.1248353247051167e+04   9.9119060654874829e+03  -1.8953948944372576e+04  -1.4577652706265679e+04  -1.8017928445244372e+04   0.0000000000000000e+00
  -2.0575858146188359e+04  -1.2010189363057692e+04  -2.1302067911930240e+04  -1.9041829126991906e+04  -1.4434390801691219e+04  -1.7910470589159711e+04   0.0000000000000000e+00   0.0000000000000000e+00
  -2.0635091486163652e+04  -1.2169664616578928e+04  -2.1354156920196518e+04  -1.9128268964269519e+04  -1.4290026967885025e+04  -1.7801627041543481e+04   0.0000000000000000e+00   0.0000000000000000e+00
  -2.0692752153676458e+04  -1.2328240825541643e+04  -2.1404616364378580e+04  -1.9213261762843733e+04  -1.4144571943649311e+04  -1.7691405876418929e+04  -2.0561728934723316e+04   0.0000000000000000e+00
  -2.0748835798521428e+04  -1.2485906304542121e+04  -2.1453442461167961e+04  -1.9296800936000658e+04  -1.3998036556457600e+04  -1.7579815279606872e+04  -2.0508420765251183e+04   0.0000000000000000e+00
  -2.0803338190291772e+04  -1.2642649433744866e+04  -2.1500631551683560e+04  -1.9378880004199662e+04  -1.3850431721724941e+04  -1.7466863548183421e+04  -2.0453445458875944e+04  -1.4016010597024915e+04
  -2.0856255218682760e+04  -1.2798458659639502e+04  -2.1546180101726372e+04  -1.9459492595591968e+04  -1.3701768442069884e+04  -1.7352559089927374e+04  -2.0396807686462424e+04  -1.4158036297229659e+04
  -2.0907582893786283e+04  -1.2953322495793564e+04  -2.1590084702025135e+04  -1.9538632446532276e+04  -1.3552057806568286e+04  -1.7236910422757097e+04  -2.0338512260741067e+04  -1.4298961491089065e+04
  -2.0957317346376676e+04  -1.3107229523601625e+04  -2.1632342068472535e+04  -1.9616293402083211e+04  -1.3401310989998889e+04  -1.7119926174157048e+04  -2.0278564135779092e+04  -1.4438775358585675e+04
  -2.1005454828187427e+04  -1.3260168393030370e+04  -2.1672949042352237e+04  -1.9692469416512831e+04  -1.3249539252080696e+04  -1.7001615080593816e+04  -2.0216968406436117e+04  -1.4577467169761865e+04
  -2.1051991712179191e+04  -1.3412127823359864e+04  -2.1711902590556350e+04  -1.9767154553784938e+04  -1.3096753936702267e+04  -1.6881985986921936e+04  -2.0153730307804009e+04  -1.4715026285540673e+04
  -2.1096924492798658e+04  -1.3563096603920796e+04  -2.1749199805793778e+04  -1.9840342988042252e+04  -1.2942966471142847e+04  -1.6761047845779161e+04  -2.0088855214631581e+04  -1.4851442158538244e+04
  -2.1140249786228600e+04  -1.3713063594827832e+04  -2.1784837906788998e+04  -1.9912029004082287e+04  -1.2788188365285416e+04  -1.6638809716971569e+04  -2.0022348640733770e+04  -1.4986704333867714e+04
  -2.1181964330628911e+04  -1.3862017727708908e+04  -2.1818814238471692e+04  -1.9982206997826088e+04  -1.2632431210821718e+04  -1.6515280766848187e+04  -1.9954216238385696e+04  -1.5120802449934487e+04
  -2.1222064986368667e+04  -1.4009948006430612e+04  -2.1851126272156776e+04  -2.0050871476779601e+04  -1.2475706680449219e+04  -1.6390470267665474e+04  -1.9884463797701577e+04  -1.5253726239222824e+04
  -2.1260548736248420e+04  -1.4156843507829153e+04  -2.1881771605713970e+04  -2.0118017060483649e+04  -1.2318026527063083e+04  -1.6264387596945840e+04  -1.9813097245998528e+04  -1.5385465529065988e+04
  -2.1297412685714782e+04  -5.2306749834321836e+03  -2.1910747963730115e+04  -2.0183638480963415e+04  -1.2159402582935054e+04  -1.6137042236818397e+04  -1.9740122647145796e+04  -1.5516010242420907e+04
  -2.1332654063068978e+04  -5.4159274872429542e+03  -1.0054864853676958e+04  -2.1938053197666071e+04  -2.0247730583183835e+04  -1.1999846758874864e+04  -1.9665546200899927e+04  -1.5645350398659581e+04
  -2.1366270219657643e+04  -5.6007487192324415e+03  -1.0222449889797437e+04  -2.1963685285991814e+04  -2.0310288325456906e+04  -1.1839371043413246e+04  -1.9589374242223395e+04  -1.5773476114273522e+04
  -2.1398258630062042e+04  -5.7851238675168652e+03  -1.0389265076761045e+04  -2.1987642334322518e+04  -2.0371306779875304e+04  -1.1677987501952492e+04  -1.9511613240590250e+04  -1.5900377603634171e+04
  -2.1428616892275753e+04  -5.9690381509121662e+03  -1.0555297905308011e+04  -2.2009922575542307e+04  -1.1515708275916120e+04  -1.9432269799277157e+04  -1.3976232399812214e+04  -1.6026045179726323e+04
  -2.1457342727873835e+04  -6.1524768202778696e+03  -1.0720535925815351e+04  -2.2030524369918643e+04  -1.1352545581890707e+04  -1.9351350654640086e+04  -1.3825627661833738e+04  -1.6150469254872563e+04
  -2.1484433982172544e+04  -6.3354251598597193e+03  -1.0884966749171313e+04  -2.2049446205207361e+04  -1.1188511710759982e+04  -1.9268862675376975e+04  -1.3673957683054712e+04  -1.6273640341448576e+04
  -2.1509888624380219e+04  -6.5178684886308793e+03  -1.1048578047645293e+04  -2.2066686696748118e+04  -1.1023619026831335e+04  -1.9184812861776452e+04  -1.3521234163915409e+04  -1.6395549052589358e+04
  -2.1533704747738957e+04  -6.6997921616315525e+03  -1.1211357555753182e+04  -2.2082244587550624e+04  -1.0857879966954562e+04  -1.9099208344952800e+04  -1.3367468886197859e+04  -1.6516186102886208e+04
  -2.1555880569657296e+04  -6.8811815713068145e+03   8.2605048282172484e+03  -1.1373293071118080e+04  -2.2096118748371373e+04  -1.9012056386067172e+04  -1.3212673712097390e+04  -1.6635542309074579e+04
  -2.1576414431833808e+04  -7.0620221488425395e+03   8.0834241209030270e+03  -1.1534372455326396e+04  -2.2108308177780909e+04  -1.8923364375535377e+04  -1.3056860583287675e+04  -1.6753608590712596e+04
  -2.1595304800371538e+04  -7.2422993654991587e+03   7.9057263504485973e+03  -1.1694583634779192e+04  -2.2118812002221861e+04  -1.8833139832222274e+04  -1.2900041519979612e+04  -1.6870375970850266e+04
  -2.1612550265883434e+04  -7.4219987339431627e+03   7.7274251584755229e+03  -1.1853914601538781e+04   3.5362355248216197e+01  -1.8741390402623048e+04  -1.2742228619973790e+04  -1.6985835576689435e+04
  -2.1628149543588614e+04  -7.6011058095760927e+03   7.5485342290445424e+03  -1.2012353414170622e+04   2.2810276509325209e+02  -1.8648123860031214e+04  -1.2583434057707020e+04  -1.7099978640234269e+04
  -2.1642101473399678e+04  -7.7796061918611222e+03   7.3690672875981336e+03  -1.2169888198571649e+04   4.2082554046986354e+02  -1.8553348103693377e+04  -1.2423670083284092e+04  -1.7212796498935506e+04
  -2.1654405020000631e+04  -7.9574855256464371e+03   7.1890380999034733e+03  -1.2326507148808549e+04   6.1351578038681441e+02  -1.8457071157952068e+04  -1.2262949021518290e+04  -1.7324280596319764e+04
  -8.1347295024849091e+03   7.0084604709982059e+03  -1.2482198527979592e+04   8.0615858024375450e+02  -1.8359301171378134e+04  -1.2101283270994230e+04  -1.7434422482599206e+04   0.0000000000000000e+00
   1.7209817696321530e+04  -8.3113238619527310e+03   6.8273482441198285e+03  -1.2636950668984637e+04   9.9873903308068998e+02  -1.8260046415884564e+04  -1.1938685303038714e+04  -1.7543213815303006e+04
   1.7332185450205681e+04  -8.4872543929628828e+03   6.6457152996453533e+03  -1.2790751975362396e+04   1.1912422307406341e+03  -1.8159315285833029e+04  -1.1775167660757426e+04  -1.7650646359873266e+04
   1.7453265655303356e+04  -8.6625069350756021e+03   6.4635755540258788e+03  -1.2943590922102538e+04   1.3836532650588897e+03  -1.8057116297127053e+04  -1.1610742958046203e+04  -1.7756711990258395e+04
   1.7573049604175452e+04  -8.8370673798051248e+03   6.2809429587195837e+03  -1.3095456056452809e+04   1.5759572290542119e+03  -1.7953458086293183e+04  -1.1445423878596708e+04  -1.7861402689497008e+04
   1.7691528686497946e+04  -9.0109216719224969e+03   6.0978314991231073e+03  -1.3246335998720939e+04   1.7681392181217648e+03  -1.7848349409550385e+04  -1.1279223174896628e+04  -1.7964710550292013e+04
   1.7808694389555367e+04  -9.1840558107544057e+03   5.9142551935015572e+03  -1.3396219443071537e+04   1.9601843312277419e+03  -1.7741799141867850e+04  -1.1112153667224444e+04  -1.8066627775575202e+04
   1.7924538298727668e+04   5.7302280919170134e+03  -1.3545095158317577e+04   2.0714911219420821e+04   2.1520776721055663e+03  -1.7633816276011436e+04  -1.0944228242638974e+04  -1.8167146679061942e+04
   1.8039052097970209e+04   5.5457642751558524e+03  -1.3692951988706853e+04   2.0754229917385928e+04   2.3438043504535403e+03  -1.7524409921578721e+04  -1.0775459853963614e+04   0.0000000000000000e+00
   1.8152227570287348e+04   2.2736544561476439e+03   5.3608778536547543e+03   2.0791915167767285e+04   2.5353494831338598e+03  -1.7413589304023080e+04  -1.0605861518765501e+04   1.0642983542553931e+04
   1.8264056598199211e+04   2.0864696426427818e+03   5.1755829664256180e+03   2.0827964292725730e+04   2.7266981953728591e+03  -1.7301363763666861e+04  -1.0435446318329603e+04   1.0811075910502739e+04
   1.8374531164201824e+04   1.8991227165127200e+03   1.9922794023595266e+04   4.9898937799794039e+03   2.0862374747531325e+04   2.9178356219623847e+03  -1.0264227396627841e+04   1.0978335122412645e+04
   1.8483643351220730e+04   1.7116282245317377e+03   2.0003663362859264e+04   4.8038244872489950e+03   2.0895144120685731e+04   3.1087469084622144e+03  -1.0092217959283436e+04   1.1144748087670454e+04
   1.8591385343056911e+04   1.5240007270097269e+03   2.0082950925944911e+04   4.6173893065138309e+03   2.0926270134036044e+04   3.2994172123993253e+03  -9.9194312725390282e+03   1.1310301775145581e+04
   1.8697749424827798e+04   1.3362547966122495e+03   2.0160650578997545e+04   4.4306024803191640e+03   2.0955750642869076e+04   3.4898317044748724e+03  -9.7458806622053471e+03   1.1474983214271268e+04
   1.8802727983404799e+04   1.1484050171716563e+03   2.2186557698251359e+04   2.0236756318688924e+04   4.2434782743856167e+03   2.0983583635979499e+04   3.6799755697852070e+03   1.1638779496114086e+04
   1.8906313507834580e+04   9.6046598251881869e+02   2.2187064207880172e+04   2.0311262272719090e+04   4.0560309765452457e+03   2.1009767235766594e+04   3.8698340090027828e+03   1.1801677774467022e+04
   1.9008498589761934e+04   7.7245229529503717e+02   2.2185977183277559e+04   2.0384162700265875e+04   3.8682748956544438e+03   2.1034299698284449e+04   4.0593922395913155e+03   1.1963665266917269e+04
   1.9109275923843652e+04   5.8437856576772379e+02   2.2183297117236019e+04   2.0455451992432478e+04   3.6802243605126173e+03   2.1057179413288792e+04   4.2486354970119410e+03   1.2124729255916849e+04
   1.9208638308155925e+04   3.9625941064488455e+02   2.2179024609183001e+04   2.0525124672681890e+04   3.4918937187804158e+03   2.1078404904271669e+04   4.4375490359295645e+03   1.2284857089849789e+04
   1.9306578644595214e+04   2.2173160365033502e+04   2.0593175397258397e+04   3.3032973358976255e+03   2.1097974828483544e+04   1.7390691249931613e+04   4.6261181314193582e+03   1.2444036184095867e+04
   1.9403089939272522e+04   2.2165705197038988e+04   2.0659598955595979e+04   3.1144495940007782e+03   2.1115887976942875e+04   1.7504157293729048e+04   1.2602254022090699e+04   0.0000000000000000e+00
   1.9498165302901194e+04   2.2156660023632317e+04   1.2787346278190138e+04   2.0724390270713626e+04   2.9253648908405744e+03   2.1132143274433547e+04   1.7616302539295208e+04   1.2759498156382117e+04
   1.9591797951178156e+04   2.2146025869269099e+04   1.2937603285049679e+04   2.0787544399597526e+04   8.6140115447830594e+03   2.1146739779489777e+04   1.7727118500733526e+04   1.2915756209682673e+04
   1.9683981205158685e+04   2.2133803864265126e+04   1.3086869531114235e+04   2.0849056533570103e+04   8.4447053787533623e+03   2.1159676684368693e+04   1.7836596790629457e+04   1.3071015875918310e+04
   1.9774708491624649e+04   2.2119995244630063e+04   1.3235133770708318e+04   2.0908921998645896e+04   8.2747562902265599e+03   2.1170953315010811e+04   1.7944729120661650e+04   1.3225264921272808e+04
   1.9863973343446229e+04   2.2104601351897545e+04   1.3382384839019454e+04   8.5049388523437374e+03   2.0967136255874258e+04   2.1180569130988046e+04   1.8051507302206686e+04   1.3378491185228235e+04
   1.9951769399937279e+04   2.2087623632951498e+04   1.3528611652893080e+04   8.3293777027275246e+03   2.1023694901668823e+04   2.1188523725439722e+04   1.8156923246937044e+04   1.3530682581600991e+04
   2.0038090407205109e+04   2.2069063639840944e+04   1.3673803211617178e+04   8.1531893079688407e+03   2.1078593668119029e+04   2.1194816824993595e+04   1.8260968967405399e+04   1.3681827099570864e+04
   2.0122930218492125e+04   2.2048923029604692e+04   1.3817948597704029e+04   7.9763869787915655e+03   2.1131828423296469e+04   2.1199448289679451e+04   1.8363636577634330e+04   1.3831912804710169e+04
   2.0206282794507722e+04   2.2027203564118299e+04   1.3961036977673186e+04   7.7989840695294370e+03   2.1183395171563974e+04   2.1202418112839485e+04   1.8464918293722712e+04   0.0000000000000000e+00
   2.0288142203763855e+04   2.2003907109858363e+04   6.0241490867920247e+03   1.4103057602800009e+04   7.6209939771626023e+03   2.1233290053823050e+04   2.1203726420999552e+04   1.8564806434373822e+04
   2.0368502622895809e+04   2.1979035637728928e+04   6.2086860148409714e+03   1.4243999809878835e+04   7.4424301403475847e+03   2.1281509347788251e+04   2.1203373473751002e+04   1.8663293421475995e+04
   2.0447358336978850e+04   2.1952591222866267e+04   6.3927429205593880e+03   1.4383853021972376e+04   7.2633060384462306e+03   2.1328049468237077e+04   2.1201359663614316e+04   1.8760371780660116e+04
   2.0524703739838456e+04   2.1924576044439971e+04   6.5763055479994018e+03   1.4522606749153309e+04   7.0836351905524125e+03   2.1372906967246614e+04   2.1197685515890851e+04   1.8856034141850065e+04
   2.0600533334354226e+04   2.1894992385450692e+04   6.7593596783401717e+03   1.4660250589238229e+04   6.9034311545166083e+03   2.1416078534416960e+04   2.1192351688502826e+04   1.8950273239806305e+04
   2.0674841732757304e+04   2.1863842632524244e+04   6.9418911310267913e+03   1.4796774228513701e+04   6.7227075259683934e+03   2.1457560997081229e+04   1.9043081914662456e+04   0.0000000000000000e+00
   2.1831129275702449e+04   7.1238857649064566e+03   1.4932167442454658e+04   6.5414779373369602e+03   2.1497351320502377e+04  -3.9342560689670172e+03   1.7712019836198466e+04   1.9134453112454983e+04
   2.1796854908230303e+04   7.3053294793618106e+03   1.5066420096434791e+04   6.3597560568695808e+03   2.1535446608056758e+04  -4.1220720022964706e+03   1.7597504739474360e+04   1.9224379885645787e+04
   2.1761022226339875e+04   7.4862082154413220e+03   1.5199522146429237e+04   6.1775555876482495e+03   2.1571844101404269e+04  -4.3095800873402522e+03   1.7481639882790543e+04   1.9312855393637645e+04
   2.1723634029030716e+04   7.6665079569866557e+03   1.5331463639709224e+04   5.9948902666044141e+03   2.1606541180645392e+04  -4.4967663547967823e+03   1.7364433914578891e+04   1.9399872903282805e+04
   2.1684693217846976e+04   7.8462147317568624e+03   1.5462234715528884e+04   5.8117738635319465e+03   2.1639535364464871e+04  -4.6836168617363483e+03   1.7245895589415388e+04   1.9485425789384160e+04
   2.1644202796651003e+04   8.0253146125493495e+03   1.5591825605804061e+04   5.6282201800983557e+03   2.1670824310262196e+04  -4.8701176925526943e+03   1.7126033767420260e+04   1.9569507535189485e+04
   2.1602165871399076e+04   8.2037937183062168e+03   1.5720226635784984e+04   5.4442430488541104e+03   2.1700405814273348e+04  -5.0562549599096801e+03   1.7004857413648366e+04   1.9652111732885689e+04
   2.1558585649904555e+04   8.3816382152364167e+03   1.5847428224717822e+04   5.2598563322407035e+03   2.1728277811671716e+04  -5.2420148056895523e+03   1.9733232084073283e+04  -6.6007032768272793e+03
   2.1513465441579567e+04   8.5588343179717667e+03   1.5973420886491962e+04   5.0750739215979174e+03  -5.4273834019468477e+03   1.9812862400209706e+04  -6.4179206332370413e+03   0.0000000000000000e+00
   2.1466808657228292e+04   8.7353682906054437e+03   1.6098195230298008e+04   4.8899097361672793e+03  -5.6123469518345846e+03   1.9890996603118601e+04  -6.2346335887647938e+03   0.0000000000000000e+00
   2.1418618808791347e+04   8.9112264478213001e+03   1.6221741961262154e+04   4.7043777220959792e+03  -5.7968916905485858e+03   1.9967628725430764e+04  -6.0508564781712257e+03   0.0000000000000000e+00
   2.1368899509099483e+04   9.0863951559931538e+03   1.6344051881076695e+04   4.5184918514388482e+03  -5.9810038862633055e+03   2.0042752911034844e+04  -5.8666036798343621e+03   0.0000000000000000e+00
   2.1317654471623988e+04   9.2608608342800781e+03   1.6465115888622458e+04   4.3322661211589984e+03  -6.1646698410648842e+03  -5.6818896145542731e+03   0.0000000000000000e+00   0.0000000000000000e+00
   2.1264887510223827e+04   9.4346099557176713e+03   1.6584924980583084e+04   4.1457145521271686e+03  -6.3478758918813810e+03  -2.1144933115539927e+04  -2.0982248349797563e+04  -5.4967287443524037e+03
   2.1210602538889510e+04   9.6076290483050834e+03   1.6703470252051084e+04   3.9588511881198742e+03  -6.5306084114102159e+03  -2.1200472477585550e+04  -2.0939950910740954e+04  -5.3111355712658578e+03
   2.1154803571483630e+04   9.7799046960879241e+03   1.6820742897125787e+04   3.7716900948163325e+03  -6.7128538090426500e+03  -2.1254436299468180e+04  -2.0896051684525868e+04  -5.1251246361366175e+03
   9.9514235402366867e+03   1.6936734209503007e+04   3.5842453587943196e+03  -6.8945985317854384e+03  -2.1306820291878790e+04  -2.0850553780469112e+04  -4.9387105173959544e+03   0.0000000000000000e+00
   1.0122172280120802e+04  -1.9815168974796132e+04   3.3965310865249317e+03  -7.0758290651794468e+03  -2.1357620277876729e+04  -2.0803460431003488e+04  -4.7519078298440354e+03   0.0000000000000000e+00
   1.0292137674378066e+04  -1.9737346552900672e+04   3.2085614033663719e+03  -7.2565319342153271e+03  -2.1406832193253835e+04  -2.0754774991508384e+04  -4.5647312234249193e+03   0.0000000000000000e+00
   1.0461306541979520e+04  -1.9658021095431010e+04   3.0203504525567546e+03  -7.4366937042461650e+03  -2.1454452086892321e+04  -2.0704500940130831e+04  -4.3771953819970877e+03   0.0000000000000000e+00
  -1.9577198627718477e+04   2.8319123942060442e+03  -7.6163009818970395e+03  -2.1500476121116568e+04  -2.0652641877596932e+04  -4.1893150220995658e+03   0.0000000000000000e+00   0.0000000000000000e+00
  -1.9494885288540983e+04   2.6432614042882719e+03  -7.7953404159752508e+03  -2.1544900572035673e+04  -2.0599201527016114e+04  -4.0011048917139378e+03   0.0000000000000000e+00   0.0000000000000000e+00
  -1.9411087329672402e+04   2.4544116736310339e+03  -7.9737986983710070e+03  -2.1587721829885068e+04  -2.0544183733671583e+04  -3.8125797690220757e+03   0.0000000000000000e+00   0.0000000000000000e+00
  -1.9325811115437686e+04   2.2653774069005872e+03  -8.1516625649423604e+03  -2.1628936399372014e+04  -2.0487592464793601e+04  -3.6237544611595199e+03   0.0000000000000000e+00   0.0000000000000000e+00
  -1.9239063122216954e+04   2.0761728215975490e+03  -8.3289187964351022e+03  -1.7217107250471541e+04  -2.1668540899983745e+04  -2.0429431809346701e+04  -3.4346438029661140e+03   0.0000000000000000e+00
  -1.9150849937976865e+04   1.8868121470426042e+03  -8.5055542193676883e+03  -1.7329810457307463e+04  -2.1706532066315220e+04  -2.0369705977787613e+04  -3.2452626557320432e+03   0.0000000000000000e+00
  -1.9061178261783978e+04   1.6973096233642466e+03  -8.6815557069217302e+03  -1.7441124877449489e+04  -2.1742906748383150e+04  -1.8954288827223514e+04  -2.0308419301819045e+04  -3.0556259059405288e+03
  -1.8970054903309901e+04   1.5076795004860419e+03  -8.8569101798291358e+03  -1.7551041669549206e+04  -2.1777661911933788e+04  -1.8853604317734822e+04  -2.0245576234133761e+04  -2.8657484640070870e+03
  -1.8877486782328400e+04   1.3179360371133957e+03  -9.0316046072558765e+03  -1.7659552110298497e+04  -2.1810794638744170e+04  -1.8751484155367405e+04  -2.0181181348149028e+04  -2.6756452630155013e+03
  -1.8783480928204244e+04   1.1280934997199827e+03  -9.2056260076824619e+03  -1.7766647595193757e+04  -2.1842302126916904e+04  -1.8647936118891401e+04  -2.0115239337731455e+04  -2.4853312574506140e+03
  -1.8688044479374155e+04  -9.3789614497808525e+03  -1.7872319639287343e+04  -2.1872181691168436e+04  -1.8542968095120774e+04  -2.0047755016912168e+04  -2.2948214219281040e+03   0.0000000000000000e+00
  -1.8591184682819548e+04  -9.5515980532880894e+03  -1.7976559877926044e+04  -2.1900430763110740e+04  -2.0328360161501907e+04  -1.8436588078323868e+04  -1.9978733319592233e+04  -2.1041307499213553e+03
  -1.8492908893531403e+04  -9.7235229898763046e+03  -1.8079360067476606e+04  -2.1927046891526385e+04  -2.0396418131442628e+04  -1.8328804169625982e+04  -1.9908179299238567e+04  -2.1427129908318908e+04
  -1.8393224573967076e+04  -9.8947234840192814e+03  -1.8180712086038096e+04  -2.1952027742637045e+04  -2.0462941777538941e+04  -1.8219624576404349e+04  -1.9836098128570120e+04  -2.1429202102650645e+04
  -1.8292139293499276e+04  -1.0065186813855416e+04  -1.8280607934141288e+04  -2.1975371100365122e+04  -2.0527926027235757e+04  -1.8109057611675187e+04  -1.9762495099234362e+04  -2.1429632257449339e+04
  -1.8189660727857001e+04  -1.0234900312047143e+04  -1.8379039735434562e+04  -2.1997074866588904e+04  -2.0591365921245582e+04  -1.7997111693473114e+04  -1.9687375621474192e+04  -2.1428420600942012e+04
  -1.8085796658561587e+04  -1.0403851366632334e+04  -1.8475999737352598e+04  -2.2017137061394027e+04  -2.0653256613926806e+04  -1.7883795344221435e+04  -1.9610745223782589e+04  -2.1425567486767875e+04
  -1.7980554972350033e+04  -1.8571480311778563e+04  -2.2035555823312628e+04  -2.0713593373646192e+04  -1.7769117190097248e+04  -1.9532609552551974e+04  -2.1421073393871935e+04   0.0000000000000000e+00
  -1.7873943660580946e+04  -1.8665473955706479e+04  -2.2052329409544691e+04  -7.0562711823838690e+03  -2.0772371583118165e+04  -1.7653085960393684e+04  -1.9452974371722463e+04  -2.1414938926390398e+04
  -1.7765970818661677e+04  -1.8757973291848732e+04  -2.2067456196205687e+04  -7.2367634655020847e+03  -2.0829586739785515e+04  -1.7535710486860211e+04  -1.9371845562394581e+04  -2.1407164813523272e+04
  -1.7656644645443928e+04  -1.8848971069264324e+04  -2.2080934678539797e+04  -7.4167081750261659e+03  -2.0885234456152040e+04  -1.7416999703047382e+04  -1.9289229122453871e+04  -2.1397751909400668e+04
