  -5.9236648393924506e+03
  -6.1359129633249095e+03
  -6.3204157980264972e+03
  -6.4763498906896411e+03
  -6.6030198090358717e+03
  -6.6998610093644475e+03
  -6.7664421328846402e+03
  -6.8024666367582849e+03
  -6.8077738689902435e+03
  -6.7823396599045736e+03
  -6.7262763794801394e+03
  -6.6398327063613506e+03
  -6.5233927853578443e+03
  -6.3774745815121250e+03
  -6.2027278583386078e+03
  -5.9999317556375318e+03
  -5.7699915009408587e+03
  -5.5139347776759769e+03
  -5.2329076191650447e+03
  -4.9281697054192427e+03
  -4.6010891958847969e+03
  -4.2531368400685824e+03
  -3.8858796482762054e+03
  -3.5009741933020573e+03
  -3.1001593677590754e+03
  -2.6852486728911208e+03
  -2.2581221033505444e+03
  -1.8207176489513936e+03
  -1.3750223969796850e+03
  -9.2306331089153014e+02
  -4.6689778953087904e+02
  -8.6040564469985323e+00
   4.4972854832726932e+02
   9.0600933966705759e+02
   1.3581561672367659e+03
   1.8041052363775543e+03
   2.2418207930545150e+03
   2.6693046999923986e+03
   3.0846058491056638e+03
   3.4858292755492735e+03
   3.8711449919206975e+03
   4.2387966132355232e+03
   4.5871097270984528e+03
   4.9144992020320715e+03
   5.2194762155989156e+03
   5.5006548685367443e+03
   5.7567584010289893e+03
   5.9866249047215415e+03
   6.1892123681469575e+03
   6.3636031548969204e+03
   6.5090079839931877e+03
   6.6247692307383832e+03
   6.7103636443528158e+03
   6.7654045024215429e+03
   6.7896433397616001e+03
   6.7829710896046499e+03
   6.7454184469844458e+03
   6.6771557845660318e+03
   6.5784923862108217e+03
   6.4498749885492098e+03
   6.2918858670596992e+03
   6.1052404336344753e+03
   5.8907842903950732e+03
   5.6494897061041111e+03
   5.3824513872578373e+03
   5.0908816856022704e+03
   4.7761052615635454e+03
   4.4395531645987103e+03
   4.0827565255590875e+03
   3.7073396352084624e+03
   3.3150125242418208e+03
   2.9075632399543460e+03
   2.4868496087186036e+03
   2.0547906244209344e+03
   1.6133575085733105e+03
   1.1645644817284406e+03
   7.1045932021338422e+02
   2.5311377265887930e+02
  -2.0538620431673556e+02
  -6.6295032888476305e+02
  -1.1174938623828832e+03
  -1.5669474288672486e+03
  -2.0092666757307361e+03
  -2.4424418029949347e+03
  -2.8645068713219257e+03
  -3.2735487977929597e+03
  -3.6677160543475275e+03
  -4.0452269677851400e+03
  -4.4043776475184541e+03
  -4.7435495093457994e+03
  -5.0612162901440379e+03
  -5.3559505962616231e+03
  -5.6264299856453254e+03
  -5.8714425567928829e+03
  -6.0898920493148353e+03
  -6.2808022986376818e+03
  -6.4433210882969752e+03
  -6.5767235442572564e+03
  -6.6804149744934484e+03
  -6.7539333362530051e+03
  -6.7969510386823040e+03
  -6.8092761727065645e+03
  -6.7908533153018789e+03
  -6.7417636387696894e+03
  -6.6622246692878380e+03
  -6.5525895858826834e+03
  -6.4133458715928009e+03
  -6.2451134595621525e+03
  -6.0486421706396877e+03
  -5.8248086371759427e+03
  -5.5746128206070071e+03
  -5.2991740220188467e+03
  -4.9997264349028410e+03
  -4.6776139170674605e+03
  -4.3342843151460065e+03
  -3.9712833760552385e+03
  -3.5902480168045281e+03
  -3.1928991443254549e+03
  -2.7810340112194563e+03
  -2.3565181794417213e+03
  -1.9212772141897269e+03
  -1.4772878177193415e+03
  -1.0265686715469658e+03
  -5.7117113507998386e+02
  -1.1316963439958489e+02
   3.4534800221919829e+02
   8.0229029440843999e+02
   1.2555719691536042e+03
   1.7031237442065324e+03
   2.1429021934596153e+03
   2.5728994767613040e+03
   2.9911527766222357e+03
   3.3957534875608153e+03
   3.7848562036324720e+03
   4.1566871283388564e+03
   4.5095519889870702e+03
   4.8418441349317609e+03
   5.1520521764021996e+03
   5.4387663401245336e+03
   5.7006845376149176e+03
   5.9366182027716150e+03
   6.1454975792095311e+03
   6.3263763782159185e+03
   6.4784358489056112e+03
   6.6009882187167814e+03
   6.6934794912374618e+03
   6.7554917773882580e+03
   6.7867451364399694e+03
   6.7870988424991583e+03
   6.7565519094822148e+03
   6.6952430430552677e+03
   6.6034500609637980e+03
   6.4815886509148868e+03
   6.3302105463652160e+03
   6.1500011087107105e+03
   5.9417766818759983e+03
   5.7064812440982014e+03
   5.4451822512292574e+03
   5.1590659400814429e+03
   4.8494321798093797e+03
   4.5176885895600099e+03
   4.1653442113210313e+03
   3.7940027713281120e+03
   3.4053554646415510e+03
   3.0011733394858379e+03
   2.5832992322325749e+03
   2.1536391933140053e+03
   1.7141535742915241e+03
   1.2668478288659223e+03
   8.1376310952021515e+02
   3.5696672318180043e+02
  -1.0145759463221408e+02
  -5.5941952818743755e+02
  -1.0148321117399095e+03
  -1.4656216275731085e+03
  -1.9097372907051479e+03
  -2.3451606995216002e+03
  -2.7699151953271817e+03
  -3.1820749894897763e+03
  -3.5797738328495880e+03
  -3.9612134592463699e+03
  -4.3246716504455571e+03
  -4.6685098370316855e+03
  -4.9911802412535235e+03
  -5.2912325629101324e+03
  -5.5673201506714304e+03
  -5.8182056562561720e+03
  -6.0427662059994427e+03
  -6.2399980743876740e+03
  -6.4090207420323004e+03
  -6.5490803575705777e+03
  -6.6595525881083477e+03
  -6.7399450659155200e+03
  -6.7898995078918642e+03
  -6.8091930461499032e+03
  -6.7977392241341986e+03
  -6.7555883096332755e+03
  -6.6829270522486804e+03
  -6.5800779873755582e+03
  -6.4474982561835513e+03
