   2.1617208870000002e+04   2.2824121019000002e+04   2.4895438480999997e+04   2.0093024539000002e+04   2.1973343697000000e+04   2.1430941772999999e+04   2.2464036055000000e+04   2.3386681034000001e+04
   2.1622189633000002e+04   2.2830598399999999e+04   2.4896763074999999e+04   2.0093707837999998e+04   2.1972667466999999e+04   2.1429173176000000e+04   2.2461191407999999e+04   2.3380671090999997e+04
   2.1627176084999999e+04   2.2837083041000002e+04   2.4898092659000002e+04   2.0094401362000001e+04   2.1971999541999998e+04   2.1427414769999999e+04   2.2458350617000000e+04   2.3374663434999999e+04
   2.1632167999000001e+04   2.2843573124999999e+04   2.4899423429999999e+04   2.0095105670000001e+04   2.1971338092000002e+04   2.1425666903999998e+04   2.2455513543000001e+04   2.3368658971999997e+04
   2.1637165357000002e+04   2.2850071028000002e+04   2.4900760309000001e+04   2.0095820447999999e+04   2.1970683953000003e+04   2.1423929682000002e+04   2.2452680151000000e+04   2.3362657703000001e+04
   2.1642168508999999e+04   2.2856575195000001e+04   2.4902098479000000e+04   2.0096545697000001e+04   2.1970036881000000e+04   2.1422202634000001e+04   2.2449851471000002e+04   2.3356658090999998e+04
   2.1647176460000002e+04   2.2863085278000002e+04   2.4903442773999999e+04   2.0097281241000001e+04   2.1969397191000000e+04   2.1420485585000002e+04   2.2447025686999998e+04   2.3350660486000001e+04
   2.1652189681000003e+04   2.2869602551000000e+04   2.4904788673999999e+04   2.0098027254999997e+04   2.1968764864999997e+04   2.1418778954000001e+04   2.2444204162000002e+04   2.3344666719999997e+04
   2.1657207613000002e+04   2.2876125738999999e+04   2.4906138675000002e+04   2.0098783146000002e+04   2.1968139117999999e+04   2.1417082723000000e+04   2.2441386090999997e+04   2.3338674839000003e+04
   2.1662231967000000e+04   2.2882655784999999e+04   2.4907492638000000e+04   2.0099549890999999e+04   2.1967521293000002e+04   2.1415396578000000e+04   2.2438573238000001e+04   2.3332684614999998e+04
   2.1667261556000001e+04   2.2889192008000002e+04   2.4908848712000003e+04   2.0100327264000000e+04   2.1966910255999999e+04   2.1413721060000000e+04   2.2435763369000000e+04   2.3326697690000001e+04
   2.1672296065999999e+04   2.2895734880000000e+04   2.4910209096000002e+04   2.0101114686999998e+04   2.1966306234000000e+04   2.1412055715999999e+04   2.2432957584000000e+04   2.3320713103000002e+04
   2.1677336037999998e+04   2.2902284418000003e+04   2.4911574000000001e+04   2.0101912057999998e+04   2.1965709489000001e+04   2.1410400353999998e+04   2.2430154990999999e+04   2.3314730399999997e+04
   2.1682381594000002e+04   2.2908840359999998e+04   2.4912942096999999e+04   2.0102720195000002e+04   2.1965119497000000e+04   2.1408756002000002e+04   2.2427357092999999e+04   2.3308750524999999e+04
   2.1687432245000000e+04   2.2915401747000000e+04   2.4914311956000001e+04   2.0103539063000000e+04   2.1964537252999999e+04   2.1407121719999999e+04   2.2424563383000001e+04   2.3302774208999999e+04
   2.1692487572999999e+04   2.2921970462000001e+04   2.4915685567000000e+04   2.0104367513000001e+04   2.1963961500999998e+04   2.1405497749999999e+04   2.2421772743999998e+04   2.3296799201999998e+04
   2.1697548695000001e+04   2.2928544848999998e+04   2.4917065007000001e+04   2.0105206554000000e+04   2.1963393601000000e+04   2.1403884302999999e+04   2.2418986765000001e+04   2.3290826969999998e+04
   2.1702614685000000e+04   2.2935125361000002e+04   2.4918446279000000e+04   2.0106055820999998e+04   2.1962832210000000e+04   2.1402280680000000e+04   2.2416203612000001e+04   2.3284858141000001e+04
   2.1707686311999998e+04   2.2941713219999998e+04   2.4919831948999999e+04   2.0106916030000000e+04   2.1962278619000001e+04   2.1400688085999998e+04   2.2413425188000001e+04   2.3278891265000002e+04
   2.1712762423000000e+04   2.2948306488000002e+04   2.4921218175999998e+04   2.0107785731000000e+04   2.1961731188000002e+04   2.1399104636000000e+04   2.2410649870999998e+04   2.3272926955999999e+04
   2.1717844938000002e+04   2.2954906718999999e+04   2.4922611192000000e+04   2.0108666793000000e+04   2.1961191853999997e+04   2.1397532877000001e+04   2.2407879719000000e+04   2.3266965175999998e+04
   2.1722932096000000e+04   2.2961513755000000e+04   2.4924005883999998e+04   2.0109557486999998e+04   2.1960659745000001e+04   2.1395971257000001e+04   2.2405112533000000e+04   2.3261006869000001e+04
   2.1728024767000003e+04   2.2968126463000001e+04   2.4925405723000000e+04   2.0110458807999999e+04   2.1960134528000002e+04   2.1394420002999999e+04   2.2402350111000000e+04   2.3255049679000000e+04
   2.1733122133000001e+04   2.2974745015999997e+04   2.4926805927999998e+04   2.0111370110000000e+04   2.1959615820999999e+04   2.1392878607999999e+04   2.2399591441000000e+04   2.3249096100999999e+04
   2.1738224785999999e+04   2.2981370043999999e+04   2.4928212467999998e+04   2.0112292249999999e+04   2.1959105296999998e+04   2.1391348328000000e+04   2.2396837028999998e+04   2.3243145925000001e+04
   2.1743333127999998e+04   2.2988000760000003e+04   2.4929621521000001e+04   2.0113224650000000e+04   2.1958601352000001e+04   2.1389828570999998e+04   2.2394086002000000e+04   2.3237197321000000e+04
   2.1748446356000000e+04   2.2994638282000000e+04   2.4931035337000001e+04   2.0114166996000000e+04   2.1958104667000000e+04   2.1388318585999998e+04   2.2391338849000000e+04   2.3231250967000000e+04
   2.1753565307000001e+04   2.3001282487000000e+04   2.4932451911000000e+04   2.0115120668000003e+04   2.1957615344999998e+04   2.1386819787000000e+04   2.2388596600000001e+04   2.3225307894000001e+04
   2.1758688552000000e+04   2.3007931805000000e+04   2.4933872375999999e+04   2.0116083484000002e+04   2.1957132480000000e+04   2.1385330480999997e+04   2.2385857072999999e+04   2.3219367037000000e+04
   2.1763817344999999e+04   2.3014587649999998e+04   2.4935296611000002e+04   2.0117057067000002e+04   2.1956657293000000e+04   2.1383852342999999e+04   2.2383122274999998e+04   2.3213429758000002e+04
