  -3.7288060989030641e-04   1.6289595550504084e-05   1.0500565683878761e-04   1.6541455448672315e-04  -6.2346100962693246e-05  -1.2610165657087923e-04  -6.1635171212990659e-04   3.3765472186780940e-05
  -3.7288061610150783e-04   1.6289593860384377e-05   1.0500566149558766e-04   1.6541456134620472e-04  -6.2346106240381092e-05  -1.2610165916286558e-04  -6.1635171491676794e-04   3.3765477362418528e-05
  -3.7288062231218781e-04   1.6289592170423167e-05   1.0500566615229297e-04   1.6541456820559186e-04  -6.2346111518278514e-05  -1.2610166175533222e-04  -6.1635171770382552e-04   3.3765482537907471e-05
  -3.7288062852234677e-04   1.6289590480620233e-05   1.0500567080890338e-04   1.6541457506488445e-04  -6.2346116796385635e-05  -1.2610166434827639e-04  -6.1635172049107902e-04   3.3765487713247771e-05
  -3.7288063473198309e-04   1.6289588790975366e-05   1.0500567546541926e-04   1.6541458192408253e-04  -6.2346122074702481e-05  -1.2610166694169601e-04  -6.1635172327852952e-04   3.3765492888439101e-05
  -3.7288064094109758e-04   1.6289587101488345e-05   1.0500568012184059e-04   1.6541458878318590e-04  -6.2346127353229391e-05  -1.2610166953558834e-04  -6.1635172606617583e-04   3.3765498063481462e-05
  -3.7288064714968916e-04   1.6289585412158954e-05   1.0500568477816762e-04   1.6541459564219471e-04  -6.2346132631966244e-05  -1.2610167212995108e-04  -6.1635172885401849e-04   3.3765503238374853e-05
  -3.7288065335775778e-04   1.6289583722986982e-05   1.0500568943440045e-04   1.6541460250110867e-04  -6.2346137910913242e-05  -1.2610167472478171e-04  -6.1635173164205717e-04   3.3765508413119059e-05
  -3.7288065956530279e-04   1.6289582033972192e-05   1.0500569409053922e-04   1.6541460935992774e-04  -6.2346143190070453e-05  -1.2610167732007786e-04  -6.1635173443029220e-04   3.3765513587714078e-05
  -3.7288066577232401e-04   1.6289580345114375e-05   1.0500569874658407e-04   1.6541461621865196e-04  -6.2346148469437972e-05  -1.2610167991583687e-04  -6.1635173721872314e-04   3.3765518762159802e-05
  -3.7288067197882092e-04   1.6289578656413319e-05   1.0500570340253517e-04   1.6541462307728122e-04  -6.2346153749015935e-05  -1.2610168251205649e-04  -6.1635174000735033e-04   3.3765523936455906e-05
  -3.7288067818479356e-04   1.6289576967868775e-05   1.0500570805839263e-04   1.6541462993581538e-04  -6.2346159028804356e-05  -1.2610168510873403e-04  -6.1635174279617343e-04   3.3765529110602716e-05
  -3.7288068439024117e-04   1.6289575279480543e-05   1.0500571271415666e-04   1.6541463679425441e-04  -6.2346164308803409e-05  -1.2610168770586704e-04  -6.1635174558519277e-04   3.3765534284600014e-05
  -3.7288069059516354e-04   1.6289573591248401e-05   1.0500571736982737e-04   1.6541464365259814e-04  -6.2346169589013177e-05  -1.2610169030345317e-04  -6.1635174837440759e-04   3.3765539458447584e-05
  -3.7288069679956040e-04   1.6289571903172110e-05   1.0500572202540489e-04   1.6541465051084678e-04  -6.2346174869433606e-05  -1.2610169290148984e-04  -6.1635175116381865e-04   3.3765544632145209e-05
  -3.7288070300343110e-04   1.6289570215251454e-05   1.0500572668088944e-04   1.6541465736899996e-04  -6.2346180150064885e-05  -1.2610169549997458e-04  -6.1635175395342563e-04   3.3765549805693106e-05
  -3.7288070920677574e-04   1.6289568527486200e-05   1.0500573133628106e-04   1.6541466422705775e-04  -6.2346185430907095e-05  -1.2610169809890485e-04  -6.1635175674322809e-04   3.3765554979091057e-05
  -3.7288071540959335e-04   1.6289566839876109e-05   1.0500573599158005e-04   1.6541467108502019e-04  -6.2346190711960265e-05  -1.2610170069827823e-04  -6.1635175953322669e-04   3.3765560152338846e-05
  -3.7288072161188431e-04   1.6289565152420978e-05   1.0500574064678643e-04   1.6541467794288701e-04  -6.2346195993224487e-05  -1.2610170329809206e-04  -6.1635176232342043e-04   3.3765565325436582e-05
  -3.7288072781364770e-04   1.6289563465120566e-05   1.0500574530190038e-04   1.6541468480065822e-04  -6.2346201274699804e-05  -1.2610170589834403e-04  -6.1635176511380977e-04   3.3765570498384264e-05
  -3.7288073401488356e-04   1.6289561777974633e-05   1.0500574995692207e-04   1.6541469165833389e-04  -6.2346206556386296e-05  -1.2610170849903143e-04  -6.1635176790439492e-04   3.3765575671181459e-05
  -3.7288074021559137e-04   1.6289560090982971e-05   1.0500575461185166e-04   1.6541469851591377e-04  -6.2346211838284018e-05  -1.2610171110015179e-04  -6.1635177069517587e-04   3.3765580843828492e-05
  -3.7288074641577052e-04   1.6289558404145317e-05   1.0500575926668939e-04   1.6541470537339783e-04  -6.2346217120392970e-05  -1.2610171370170274e-04  -6.1635177348615220e-04   3.3765586016325038e-05
  -3.7288075261542139e-04   1.6289556717461464e-05   1.0500576392143524e-04   1.6541471223078603e-04  -6.2346222402713300e-05  -1.2610171630368167e-04  -6.1635177627732368e-04   3.3765591188670988e-05
  -3.7288075881454301e-04   1.6289555030931164e-05   1.0500576857608948e-04   1.6541471908807843e-04  -6.2346227685244941e-05  -1.2610171890608594e-04  -6.1635177906868999e-04   3.3765596360866342e-05
  -3.7288076501313538e-04   1.6289553344554187e-05   1.0500577323065228e-04   1.6541472594527483e-04  -6.2346232967988124e-05  -1.2610172150891323e-04  -6.1635178186025222e-04   3.3765601532911101e-05
  -3.7288077121119795e-04   1.6289551658330300e-05   1.0500577788512379e-04   1.6541473280237511e-04  -6.2346238250942659e-05  -1.2610172411216079e-04  -6.1635178465200950e-04   3.3765606704804830e-05
  -3.7288077740873046e-04   1.6289549972259245e-05   1.0500578253950402e-04   1.6541473965937933e-04  -6.2346243534108721e-05  -1.2610172671582615e-04  -6.1635178744396150e-04   3.3765611876547855e-05
  -3.7288078360573273e-04   1.6289548286340808e-05   1.0500578719379335e-04   1.6541474651628738e-04  -6.2346248817486325e-05  -1.2610172931990676e-04  -6.1635179023610887e-04   3.3765617048140068e-05
  -3.7288078980220424e-04   1.6289546600574742e-05   1.0500579184799179e-04   1.6541475337309935e-04  -6.2346254101075470e-05  -1.2610173192440015e-04  -6.1635179302845097e-04   3.3765622219581143e-05
