  -9.2872548892797435e-09
  -1.1457024901646699e-08
  -9.6143255822158936e-09
  -1.3261978899136819e-08
  -1.0798159030088056e-08
  -1.2468177851966082e-08
  -1.1230339096698946e-08
  -1.0908961271665685e-08
  -1.1013546138872527e-08
  -9.2713366750959432e-09
  -1.1165058508880024e-08
  -1.0993549083110068e-08
  -9.3015589408427752e-09
  -8.2437377360767214e-09
  -9.6727570582330588e-09
  -1.1527884995014355e-08
  -8.7991989278835508e-09
  -9.1820204954308833e-09
  -7.9550100514846765e-09
  -1.2025421898718041e-08
  -1.0276189440917956e-08
  -1.0272568273584811e-08
  -9.1416804432757545e-09
  -1.2455337341849500e-08
  -1.0135152256296515e-08
  -1.2106641566648247e-08
  -1.0737485553572886e-08
  -1.0376364828345940e-08
  -1.0204893054814096e-08
  -8.3248840183041499e-09
