   1.3091328180000000e+09
   1.3091328190000000e+09
   1.3091328200000000e+09
   1.3091328210000000e+09
   1.3091328220000000e+09
   1.3091328230000000e+09
   1.3091328240000000e+09
   1.3091328250000000e+09
   1.3091328260000000e+09
   1.3091328270000000e+09
   1.3091328280000000e+09
   1.3091328290000000e+09
   1.3091328300000000e+09
   1.3091328310000000e+09
   1.3091328320000000e+09
   1.3091328330000000e+09
   1.3091328340000000e+09
   1.3091328350000000e+09
   1.3091328360000000e+09
   1.3091328370000000e+09
   1.3091328380000000e+09
   1.3091328390000000e+09
   1.3091328400000000e+09
   1.3091328410000000e+09
   1.3091328420000000e+09
   1.3091328430000000e+09
   1.3091328440000000e+09
   1.3091328450000000e+09
   1.3091328460000000e+09
   1.3091328470000000e+09
