   6.9892543911575544e-01  -1.6298617692090450e-01   7.8403171824555540e-01   2.7162909213174844e+00   2.3193517844001748e+00   1.4720712918312253e+00  -1.0081661197044121e+00  -1.5003736858053494e+00
   6.9913733497453112e-01  -1.6286194376483532e-01   7.8438586327964177e-01   2.7162777265918550e+00   2.3191725240139158e+00   1.4719862851166101e+00  -1.0081454545178552e+00  -1.5002450622213046e+00
   6.9934926157243893e-01  -1.6273765970261833e-01   7.8473998735875561e-01   2.7162644659065287e+00   2.3189932014727987e+00   1.4719012344347429e+00  -1.0081247337867163e+00  -1.5001163958515440e+00
   6.9956121810510330e-01  -1.6261332387026631e-01   7.8509409090477134e-01   2.7162511407040397e+00   2.3188138206981446e+00   1.4718161377464096e+00  -1.0081039629430437e+00  -1.4999876875865572e+00
   6.9977320517748864e-01  -1.6248893628375358e-01   7.8544817948325041e-01   2.7162377492173899e+00   2.3186343750432652e+00   1.4717309992743068e+00  -1.0080831411132329e+00  -1.4998589383790990e+00
   6.9998522243092332e-01  -1.6236449603484171e-01   7.8580224627487794e-01   2.7162242921972601e+00   2.3184548710714661e+00   1.4716458163004016e+00  -1.0080622627772096e+00  -1.4997301484418830e+00
   7.0019726999648080e-01  -1.6224000375293943e-01   7.8615629717165258e-01   2.7162107699111417e+00   2.3182753051898355e+00   1.4715605889316230e+00  -1.0080413345055907e+00  -1.4996013147797280e+00
   7.0040934739083827e-01  -1.6211545799990573e-01   7.8651032949014010e-01   2.7161971816409345e+00   2.3180956791901681e+00   1.4714753184324831e+00  -1.0080203534320220e+00  -1.4994724420928232e+00
   7.0062145499212125e-01  -1.6199086329417853e-01   7.8686434201911171e-01   2.7161835278503763e+00   2.3179159901479922e+00   1.4713900046035726e+00  -1.0079993212849674e+00  -1.4993435272032880e+00
   7.0083359353732888e-01  -1.6186621427087894e-01   7.8721833628697557e-01   2.7161698088171979e+00   2.3177362429905459e+00   1.4713046449113765e+00  -1.0079782346209205e+00  -1.4992145695081480e+00
   7.0104576172483302e-01  -1.6174151245927870e-01   7.8757231415008522e-01   2.7161560241723901e+00   2.3175564317534612e+00   1.4712192428936275e+00  -1.0079570956567228e+00  -1.4990855723309575e+00
   7.0125796001232543e-01  -1.6161676094297472e-01   7.8792626884910166e-01   2.7161421739575373e+00   2.3173765620525053e+00   1.4711337972590952e+00  -1.0079359039164526e+00  -1.4989565320933413e+00
   7.0147018912143877e-01  -1.6149195755756859e-01   7.8828020622566053e-01   2.7161282581790585e+00   2.3171966307038954e+00   1.4710483060055852e+00  -1.0079146620292212e+00  -1.4988274515466993e+00
   7.0168244748293740e-01  -1.6136710024224168e-01   7.8863412759367335e-01   2.7161142764766359e+00   2.3170166377881376e+00   1.4709627731409101e+00  -1.0078933660496512e+00  -1.4986983282190081e+00
   7.0189473640961864e-01  -1.6124219216738883e-01   7.8898802711020544e-01   2.7161002297972354e+00   2.3168365844699133e+00   1.4708771945728900e+00  -1.0078720195803927e+00  -1.4985691642637002e+00
   7.0210705569377763e-01  -1.6111723260335681e-01   7.8934190706326934e-01   2.7160861174345761e+00   2.3166564697243870e+00   1.4707915729042531e+00  -1.0078506164959580e+00  -1.4984399584851771e+00
   7.0231940470896637e-01  -1.6099221991228355e-01   7.8969577025396398e-01   2.7160719394279420e+00   2.3164762942300712e+00   1.4707059083346408e+00  -1.0078291661026308e+00  -1.4983107126015822e+00
   7.0253178433449748e-01  -1.6086715614009109e-01   7.9004961471735180e-01   2.7160576963627152e+00   2.3162960600436340e+00   1.4706201982059899e+00  -1.0078076606017901e+00  -1.4981814234005584e+00
   7.0274419363340912e-01  -1.6074203843666490e-01   7.9040344049649414e-01   2.7160433863577365e+00   2.3161157627273119e+00   1.4705344464243009e+00  -1.0077861039738738e+00  -1.4980520946217792e+00
   7.0295663356667570e-01  -1.6061687059774443e-01   7.9075724805272818e-01   2.7160290114836907e+00   2.3159354049127305e+00   1.4704486491329825e+00  -1.0077644898679055e+00  -1.4979227227572087e+00
   7.0316910299277957e-01  -1.6049165048628253e-01   7.9111103710721120e-01   2.7160145712692172e+00   2.3157549829863897e+00   1.4703628088262988e+00  -1.0077428299560374e+00  -1.4977933106912849e+00
   7.0338160240547376e-01  -1.6036637821993405e-01   7.9146480439224165e-01   2.7160000656313881e+00   2.3155745047366563e+00   1.4702769236753819e+00  -1.0077211140018412e+00  -1.4976638570374308e+00
   7.0359413275214433e-01  -1.6024105442409478e-01   7.9181855465707573e-01   2.7159854944730677e+00   2.3153939647043154e+00   1.4701909966256055e+00  -1.0076993482787415e+00  -1.4975343625827313e+00
   7.0380669215554736e-01  -1.6011567676424851e-01   7.9217228642858850e-01   2.7159708567325844e+00   2.3152133612327979e+00   1.4701050244577061e+00  -1.0076775259289830e+00  -1.4974048258494532e+00
   7.0401928197703989e-01  -1.5999024923047700e-01   7.9252599830377213e-01   2.7159561545042599e+00   2.3150326994353851e+00   1.4700190091232108e+00  -1.0076556564291506e+00  -1.4972752489126069e+00
   7.0423190192022000e-01  -1.5986476947763564e-01   7.9287969139759962e-01   2.7159413868454227e+00   2.3148519758322395e+00   1.4699329499059262e+00  -1.0076337312299992e+00  -1.4971456287952600e+00
   7.0444455199849754e-01  -1.5973923682113741e-01   7.9323336530547861e-01   2.7159265529086309e+00   2.3146711923386083e+00   1.4698468466300969e+00  -1.0076117532173161e+00  -1.4970159677364718e+00
   7.0465723200770813e-01  -1.5961365309556075e-01   7.9358702214764687e-01   2.7159116535663901e+00   2.3144903477358088e+00   1.4697606999552231e+00  -1.0075897259933257e+00  -1.4968862665777438e+00
   7.0486994181816764e-01  -1.5948801697315493e-01   7.9394065957465942e-01   2.7158966893934839e+00   2.3143094424564126e+00   1.4696745092302990e+00  -1.0075676408995429e+00  -1.4967565235539921e+00
   7.0508268165505972e-01  -1.5936233000424221e-01   7.9429427625824611e-01   2.7158816590319876e+00   2.3141284753466138e+00   1.4695882752191660e+00  -1.0075455097064903e+00  -1.4966267388421082e+00
