   1.3216436076909304e+00  -1.8101049680262804e+00  -1.9741519177332520e+00   8.9763630647212267e-01   1.9789708647876978e+00  -3.0596832870505750e+00   3.3754858167376369e+00   3.0019009793177256e+00
   1.3221619948744774e+00  -1.8096296172589064e+00  -1.9739738637581468e+00   8.9794263057410717e-01   1.9791529327630997e+00  -3.0595479612238705e+00   3.3755662336479872e+00   3.0017281332984567e+00
   1.3226804230362177e+00  -1.8091550208628178e+00  -1.9737973045557737e+00   8.9824922103434801e-01   1.9793360065668821e+00  -3.0594134875573218e+00   3.3756477341521531e+00   3.0015559950843453e+00
   1.3231987152248621e+00  -1.8086791727691889e+00  -1.9736183444038033e+00   8.9855535607784986e-01   1.9795174309983850e+00  -3.0592775396071374e+00   3.3757273785304278e+00   3.0013826056383541e+00
   1.3237170334905386e+00  -1.8082038816064596e+00  -1.9734404962509871e+00   8.9886168763041496e-01   1.9796996004879475e+00  -3.0591422161087394e+00   3.3758078194223344e+00   3.0012097321450710e+00
   1.3242353703826666e+00  -1.8077291250228882e+00  -1.9732637256383896e+00   8.9916820917278528e-01   1.9798824917525053e+00  -3.0590074951760471e+00   3.3758890279568732e+00   3.0010373569093654e+00
   1.3247535806149244e+00  -1.8072531782090664e+00  -1.9730846658349037e+00   8.9947429392486811e-01   1.9800638081505895e+00  -3.0588713674806058e+00   3.3759684658143669e+00   3.0008637872524568e+00
   1.3252718094736338e+00  -1.8067777715623379e+00  -1.9729066882282495e+00   8.9978057052940130e-01   1.9802458519116044e+00  -3.0587358465418220e+00   3.3760486766695976e+00   3.0006907181814313e+00
   1.3257900606840849e+00  -1.8063029050827026e+00  -1.9727297946810722e+00   9.0008703898638487e-01   1.9804286211729050e+00  -3.0586009314283729e+00   3.3761296607553959e+00   3.0005181506276122e+00
   1.3263081852346659e+00  -1.8058268465101719e+00  -1.9725506110116839e+00   9.0039306972175837e-01   1.9806098146364093e+00  -3.0584646095521748e+00   3.3762088729999959e+00   3.0003443877212703e+00
   1.3268263284116983e+00  -1.8053513262420893e+00  -1.9723725095391273e+00   9.0069929230958223e-01   1.9807917345315218e+00  -3.0583288944326341e+00   3.3762888589408249e+00   3.0001711263321331e+00
   1.3273444939404726e+00  -1.8048763498663902e+00  -1.9721954911947250e+00   9.0100570768117905e-01   1.9809743817895651e+00  -3.0581937851384282e+00   3.3763696178793907e+00   2.9999983655288807e+00
   1.3278625328093767e+00  -1.8044001795351505e+00  -1.9720161864534020e+00   9.0131168439984322e-01   1.9811554532498121e+00  -3.0580572704784572e+00   3.3764486066065729e+00   2.9998244117014119e+00
   1.3283805903047323e+00  -1.8039245456457138e+00  -1.9718379555270076e+00   9.0161785297095776e-01   1.9813372464850545e+00  -3.0579213569872081e+00   3.3765283625107259e+00   2.9996509547345340e+00
   1.3288986701518297e+00  -1.8034494668245316e+00  -1.9716608375310898e+00   9.0192421898245811e-01   1.9815197875723243e+00  -3.0577860670164227e+00   3.3766089135315269e+00   2.9994780123233786e+00
   1.3294166158884764e+00  -1.8029731400310993e+00  -1.9714813195168972e+00   9.0223012492060661e-01   1.9817006746307015e+00  -3.0576493060216308e+00   3.3766876105219126e+00   2.9993038214743146e+00
   1.3299346026033163e+00  -1.8024975638836622e+00  -1.9713032934814692e+00   9.0253630094230175e-01   1.9818825693801045e+00  -3.0575133943930268e+00   3.3767673894762993e+00   2.9991303370334208e+00
   1.3304525408893824e+00  -1.8020217455923557e+00  -1.9711248250678182e+00   9.0284238383173943e-01   1.9820641484111547e+00  -3.0573771786876023e+00   3.3768467891495675e+00   2.9989565857686102e+00
   1.3309704568237066e+00  -1.8015459273010492e+00  -1.9709463939070702e+00   9.0314846206456423e-01   1.9822457404807210e+00  -3.0572409452870488e+00   3.3769261743873358e+00   2.9987828102894127e+00
   1.3314883466809988e+00  -1.8010701164603233e+00  -1.9707680027931929e+00   9.0345453843474388e-01   1.9824273465201259e+00  -3.0571046955883503e+00   3.3770055451896042e+00   2.9986090119928130e+00
   1.3320061881095171e+00  -1.8005940597504377e+00  -1.9705891674384475e+00   9.0376052167266607e-01   1.9826086359098554e+00  -3.0569681404158473e+00   3.3770845367107540e+00   2.9984349464066327e+00
   1.3325240705162287e+00  -1.8001187536865473e+00  -1.9704118240624666e+00   9.0406677499413490e-01   1.9827909348532557e+00  -3.0568324350751936e+00   3.3771646097302437e+00   2.9982615862973026e+00
   1.3330418188124895e+00  -1.7996422015130520e+00  -1.9702320815995336e+00   9.0437256544828415e-01   1.9829715769737959e+00  -3.0566952591761947e+00   3.3772428296506405e+00   2.9980869786813855e+00
   1.3335595894604921e+00  -1.7991662025451660e+00  -1.9700534520670772e+00   9.0467855706810951e-01   1.9831529688090086e+00  -3.0565587063319981e+00   3.3773218442220241e+00   2.9979128860868522e+00
   1.3340773824602365e+00  -1.7986907400190830e+00  -1.9698758963495493e+00   9.0498474054038525e-01   1.9833350842818618e+00  -3.0564227537252009e+00   3.3774016250390559e+00   2.9977392884902665e+00
   1.3345950413495302e+00  -1.7982140854001045e+00  -1.9696960533037782e+00   9.0529048070311546e-01   1.9835156193003058e+00  -3.0562853980809450e+00   3.3774796370416880e+00   2.9975645006634295e+00
   1.3351127263158560e+00  -1.7977379728108644e+00  -1.9695172943174839e+00   9.0559641644358635e-01   1.9836968835443258e+00  -3.0561486473307014e+00   3.3775584220420569e+00   2.9973902124911547e+00
   1.3356304336339235e+00  -1.7972624003887177e+00  -1.9693396147340536e+00   9.0590254683047533e-01   1.9838788770139217e+00  -3.0560125005431473e+00   3.3776379777118564e+00   2.9972164225764582e+00
   1.3361480068415403e+00  -1.7967856377363205e+00  -1.9691596562042832e+00   9.0620823390781879e-01   1.9840592928230762e+00  -3.0558749549090862e+00   3.3777157694566995e+00   2.9970414456911385e+00
   1.3366656024008989e+00  -1.7963094022125006e+00  -1.9689807491376996e+00   9.0651411097496748e-01   1.9842404183000326e+00  -3.0557379955425858e+00   3.3777943104505539e+00   2.9968669526278982e+00
