   6.5599955335214499e+00
   6.5642301626311141e+00
   6.5684565317843857e+00
   6.5726746358227146e+00
   6.5768844696656990e+00
   6.5810860282524688e+00
   6.5852793065221578e+00
   6.5894642994138968e+00
   6.5936410018668168e+00
   6.5978094088200505e+00
   6.6019695152127289e+00
   6.6061213159839847e+00
   6.6102648060729479e+00
   6.6143999804356133e+00
   6.6185268340954178e+00
   6.6226453620926629e+00
   6.6267555594676466e+00
   6.6308574212606679e+00
   6.6349509425120283e+00
   6.6390361182620259e+00
   6.6431129435509622e+00
   6.6471814134191343e+00
   6.6512415229068429e+00
   6.6552932670721496e+00
   6.6593366410441615e+00
   6.6633716399697489e+00
   6.6673982589957799e+00
   6.6714164932691249e+00
   6.6754263379366519e+00
   6.6794277881452322e+00
