   1.7866545556081674e+00
   1.7884292669099620e+00
   1.7902023015700002e+00
   1.7919736561582720e+00
   1.7937433273887080e+00
   1.7955113120112238e+00
   1.7972776067757357e+00
   1.7990422084321589e+00
   1.8008051137304095e+00
   1.8025663194204034e+00
   1.8043258222520555e+00
   1.8060836189752827e+00
   1.8078397063400000e+00
   1.8095940810682829e+00
   1.8113467397708438e+00
   1.8130976790305553e+00
   1.8148468954302892e+00
   1.8165943855529176e+00
   1.8183401459813124e+00
   1.8200841732983462e+00
   1.8218264640868904e+00
   1.8235670149298178e+00
   1.8253058224100001e+00
   1.8270428831277166e+00
   1.8287781937528762e+00
   1.8305117509727946e+00
   1.8322435514747877e+00
   1.8339735919461708e+00
   1.8357018690742606e+00
   1.8374283795463728e+00
