   1.1534130969278962e+00  -8.8105422112014475e-01  -3.0445214675965343e-01   1.4256278435121253e-01   3.9708013545917603e-01  -2.2468376971126984e+00   2.2132674056546873e+00   2.3650083818495471e+00
   1.1536976620921808e+00  -8.8071067071255094e-01  -3.0449565346642854e-01   1.4240214312207961e-01   3.9691651524103305e-01  -2.2469893460882742e+00   2.2135238723133335e+00   2.3651293691160489e+00
   1.1539821772043974e+00  -8.8036712905343395e-01  -3.0453920831605708e-01   1.4224150059322654e-01   3.9675291446200678e-01  -2.2471409475608315e+00   2.2137802985952679e+00   2.3652502994436295e+00
   1.1542666413154610e+00  -8.8002358990429985e-01  -3.0458280893693690e-01   1.4208085992698535e-01   3.9658933590244633e-01  -2.2472925002001198e+00   2.2140366847424757e+00   2.3653711728896614e+00
   1.1545510586125238e+00  -8.7968005686952699e-01  -3.0462645604925215e-01   1.4192021978235292e-01   3.9642577679374985e-01  -2.2474440048960420e+00   2.2142930314812905e+00   2.3654919888987909e+00
   1.1548354241886960e+00  -8.7933652604024415e-01  -3.0467015146626114e-01   1.4175958050654572e-01   3.9626223828457791e-01  -2.2475954618655707e+00   2.2145493377981844e+00   2.3656127487827785e+00
   1.1551197402437738e+00  -8.7899300429984195e-01  -3.0471389362819601e-01   1.4159893994215383e-01   3.9609872002801089e-01  -2.2477468709416537e+00   2.2148056038596713e+00   2.3657334522121483e+00
   1.1554040063279891e+00  -8.7864948508743201e-01  -3.0475768142754112e-01   1.4143830235242519e-01   3.9593522438836526e-01  -2.2478982317944487e+00   2.2150618302767904e+00   2.3658540976983664e+00
   1.1556882222438065e+00  -8.7830597054733484e-01  -3.0480151690594137e-01   1.4127766459414964e-01   3.9577174733107973e-01  -2.2480495441525266e+00   2.2153180164458246e+00   2.3659746867705045e+00
   1.1559723902433880e+00  -8.7796246389952426e-01  -3.0484540022481277e-01   1.4111702683868901e-01   3.9560829231485045e-01  -2.2482008093494894e+00   2.2155741626405878e+00   2.3660952191572644e+00
   1.1562565061066772e+00  -8.7761895888057417e-01  -3.0488932876676694e-01   1.4095639015772202e-01   3.9544485753284875e-01  -2.2483520262572134e+00   2.2158302686420313e+00   2.3662156945817707e+00
   1.1565405714006827e+00  -8.7727546325281469e-01  -3.0493330464054041e-01   1.4079575386274104e-01   3.9528144269953619e-01  -2.2485031954850370e+00   2.2160863346537196e+00   2.3663361133093699e+00
   1.1568245920722746e+00  -8.7693196873016077e-01  -3.0497732795097765e-01   1.4063511890640623e-01   3.9511805029117408e-01  -2.2486543158471624e+00   2.2163423608936368e+00   2.3664564749727202e+00
   1.1571085577544720e+00  -8.7658848180599580e-01  -3.0502139836315184e-01   1.4047448448339281e-01   3.9495467778384874e-01  -2.2488053888614994e+00   2.2165983465744001e+00   2.3665767803079798e+00
   1.1573924730727336e+00  -8.7624499831601754e-01  -3.0506551516302211e-01   1.4031385003564231e-01   3.9479132556516044e-01  -2.2489564131460713e+00   2.2168542921862007e+00   2.3666970276215817e+00
   1.1576763398067313e+00  -8.7590152162701818e-01  -3.0510967871480765e-01   1.4015321639399506e-01   3.9462799476082805e-01  -2.2491073906269423e+00   2.2171101977098906e+00   2.3668172190178756e+00
   1.1579601579099694e+00  -8.7555804875299148e-01  -3.0515388810360344e-01   1.3999258449931451e-01   3.9446468421188297e-01  -2.2492583185704857e+00   2.2173660635151742e+00   2.3669373530695581e+00
   1.1582439242009155e+00  -8.7521458354762527e-01  -3.0519814648300808e-01   1.3983195339364363e-01   3.9430139497479377e-01  -2.2494091994751084e+00   2.2176218886630177e+00   2.3670574300039062e+00
   1.1585276432760754e+00  -8.7487111988170674e-01  -3.0524244985084592e-01   1.3967132144714961e-01   3.9413812595402870e-01  -2.2495600316799842e+00   2.2178776737661718e+00   2.3671774498780151e+00
   1.1588113109568332e+00  -8.7452766492903689e-01  -3.0528680135244912e-01   1.3951069081305484e-01   3.9397487744604698e-01  -2.2497108162578425e+00   2.2181334179915555e+00   2.3672974138484926e+00
   1.1590949289177943e+00  -8.7418421245092470e-01  -3.0533119932683578e-01   1.3935006261937338e-01   3.9381165132438478e-01  -2.2498615520434457e+00   2.2183891231427579e+00   2.3674173198371600e+00
   1.1593784949797199e+00  -8.7384076670992694e-01  -3.0537564432775316e-01   1.3918943322855354e-01   3.9364844494923773e-01  -2.2500122403940499e+00   2.2186447872857098e+00   2.3675371694035467e+00
   1.1596620137239617e+00  -8.7349732819931392e-01  -3.0542013544063257e-01   1.3902880416361338e-01   3.9348525851236593e-01  -2.2501628804156875e+00   2.2189004117784403e+00   2.3676569619522629e+00
   1.1599454826451785e+00  -8.7315389169176749e-01  -3.0546467407761813e-01   1.3886817898811332e-01   3.9332209489089948e-01  -2.2503134718795827e+00   2.2191559954802504e+00   2.3677766971829244e+00
   1.1602289001722794e+00  -8.7281046176305610e-01  -3.0550925946465013e-01   1.3870755266410956e-01   3.9315895122122702e-01  -2.2504640157530726e+00   2.2194115395580472e+00   2.3678963755666316e+00
   1.1605122664962642e+00  -8.7246703477996923e-01  -3.0555389005818334e-01   1.3854692654180181e-01   3.9299582832273411e-01  -2.2506145110462805e+00   2.2196670427264182e+00   2.3680159968086314e+00
   1.1607955851959182e+00  -8.7212361614085454e-01  -3.0559856966450916e-01   1.3838630225894386e-01   3.9283272610745668e-01  -2.2507649582597398e+00   2.2199225060255503e+00   2.3681355614713322e+00
   1.1610788534401719e+00  -8.7178020353850172e-01  -3.0564329524316508e-01   1.3822567900776558e-01   3.9266964562640050e-01  -2.2509153575928322e+00   2.2201779292306050e+00   2.3682550691010489e+00
   1.1613620690080639e+00  -8.7143679395135021e-01  -3.0568806853127728e-01   1.3806505466881724e-01   3.9250658454939941e-01  -2.2510657087371988e+00   2.2204333109142356e+00   2.3683745199644921e+00
   1.1616452376738178e+00  -8.7109339048593226e-01  -3.0573288784781921e-01   1.3790443397957586e-01   3.9234354695284690e-01  -2.2512160110768260e+00   2.2206886539355026e+00   2.3684939129354978e+00
