  -2.2839463594136760e+00  -1.6157607147470117e+00  -1.4410063661634922e+00  -3.7323305029422045e+00  -2.8607629211619496e+00  -2.2713708868250251e+00   1.0812551528215408e+00   2.4441216485574841e+00
  -2.2839229496894404e+00  -1.6160271279513836e+00  -1.4415193349123001e+00  -3.7322357185184956e+00  -2.8604122279211879e+00  -2.2716786181554198e+00   1.0816692244261503e+00   2.4443855928257108e+00
  -2.2839010129682720e+00  -1.6162949120625854e+00  -1.4420328028500080e+00  -3.7321417750790715e+00  -2.8600620143115520e+00  -2.2719867033883929e+00   1.0820830482989550e+00   2.4446499925106764e+00
  -2.2838766888016835e+00  -1.6165605001151562e+00  -1.4425454232841730e+00  -3.7320463415235281e+00  -2.8597109084948897e+00  -2.2722941255196929e+00   1.0824971962720156e+00   2.4449135586619377e+00
  -2.2838534603361040e+00  -1.6168271098285913e+00  -1.4430584143847227e+00  -3.7319515212439001e+00  -2.8593601472675800e+00  -2.2726018028333783e+00   1.0829111542552710e+00   2.4451774545013905e+00
  -2.2838312902022153e+00  -1.6170947095379233e+00  -1.4435717612504959e+00  -3.7318572914227843e+00  -2.8590097203850746e+00  -2.2729097260162234e+00   1.0833249259740114e+00   2.4454416707158089e+00
  -2.2838068443816155e+00  -1.6173602156341076e+00  -1.4440843015909195e+00  -3.7317616390064359e+00  -2.8586584394797683e+00  -2.2732170149683952e+00   1.0837390031665564e+00   2.4457050869241357e+00
  -2.2837834636447951e+00  -1.6176267173141241e+00  -1.4445971995592117e+00  -3.7316665812395513e+00  -2.8583074957132339e+00  -2.2735245507210493e+00   1.0841528940945864e+00   2.4459688253700733e+00
  -2.2837611489230767e+00  -1.6178942127153277e+00  -1.4451104570180178e+00  -3.7315721190534532e+00  -2.8579568853601813e+00  -2.2738323351368308e+00   1.0845666024833918e+00   2.4462328851222992e+00
  -2.2837365565355867e+00  -1.6181596145033836e+00  -1.4456229060888290e+00  -3.7314762324094772e+00  -2.8576054228469729e+00  -2.2741394834592938e+00   1.0849806126207113e+00   2.4464961448684335e+00
  -2.2837130303960294e+00  -1.6184260118752718e+00  -1.4461357146501541e+00  -3.7313809418119490e+00  -2.8572542946785688e+00  -2.2744468795135617e+00   1.0853944364935160e+00   2.4467597268521786e+00
  -2.2836905693402514e+00  -1.6186934048309922e+00  -1.4466488808393478e+00  -3.7312862458638847e+00  -2.8569035027176142e+00  -2.2747545251622796e+00   1.0858080778270960e+00   2.4470236301422119e+00
  -2.2836658335290849e+00  -1.6189587023109198e+00  -1.4471612386405468e+00  -3.7311901273205876e+00  -2.8565518576651812e+00  -2.2750615337863564e+00   1.0862220227718353e+00   2.4472867352887988e+00
  -2.2836421552347019e+00  -1.6192249897867441e+00  -1.4476739540696144e+00  -3.7310945992358029e+00  -2.8562005460262299e+00  -2.2753687892109156e+00   1.0866357814520597e+00   2.4475501570850611e+00
  -2.2836195713607594e+00  -1.6194922998547554e+00  -1.4481870383024216e+00  -3.7309996839612722e+00  -2.8558495789766312e+00  -2.2756762998178601e+00   1.0870493557304144e+00   2.4478139122948050e+00
  -2.2835946021368727e+00  -1.6197574120014906e+00  -1.4486992731690407e+00  -3.7309032790362835e+00  -2.8554977197200060e+00  -2.2759831463918090e+00   1.0874632429331541e+00   2.4480768302455544e+00
  -2.2835711039369926e+00  -1.6200238969177008e+00  -1.4492120109498501e+00  -3.7308077146299183e+00  -2.8551463410258293e+00  -2.2762903487309813e+00   1.0878768917173147e+00   2.4483402073383331e+00
  -2.2835471580037847e+00  -1.6202899767085910e+00  -1.4497245792299509e+00  -3.7307118312455714e+00  -2.8547947611659765e+00  -2.2765973974019289e+00   1.0882905740290880e+00   2.4486033963039517e+00
  -2.2835232428042218e+00  -1.6205560965463519e+00  -1.4502371437847614e+00  -3.7306159175932407e+00  -2.8544431477785110e+00  -2.2769044218584895e+00   1.0887042228132486e+00   2.4488665610551834e+00
  -2.2834993586875498e+00  -1.6208222545683384e+00  -1.4507497083395720e+00  -3.7305199741385877e+00  -2.8540915008634329e+00  -2.2772114202380180e+00   1.0891178343445063e+00   2.4491296997293830e+00
  -2.2834750266047195e+00  -1.6210880074650049e+00  -1.4512621015310287e+00  -3.7304237121716142e+00  -2.8537396490573883e+00  -2.2775182658806443e+00   1.0895314868539572e+00   2.4493926521390676e+00
  -2.2834521650802344e+00  -1.6213551340624690e+00  -1.4517749957740307e+00  -3.7303282902576029e+00  -2.8533882796764374e+00  -2.2778254682198167e+00   1.0899448953568935e+00   2.4496560646221042e+00
  -2.2834269193699583e+00  -1.6216200608760118e+00  -1.4522870406508446e+00  -3.7302313796244562e+00  -2.8530360199511051e+00  -2.2781320046633482e+00   1.0903586205095053e+00   2.4499186379835010e+00
  -2.2834027672652155e+00  -1.6218860130757093e+00  -1.4527994561940432e+00  -3.7301350804045796e+00  -2.8526841029524803e+00  -2.2784387962892652e+00   1.0907721538096666e+00   2.4501815428957343e+00
  -2.2833796720951796e+00  -1.6221529534086585e+00  -1.4533122293651104e+00  -3.7300393721088767e+00  -2.8523325193673372e+00  -2.2787458365783095e+00   1.0911855120211840e+00   2.4504447700455785e+00
  -2.2833543035667390e+00  -1.6224177964031696e+00  -1.4538241904228926e+00  -3.7299422421492636e+00  -2.8519800845533609e+00  -2.2790522379800677e+00   1.0915991645306349e+00   2.4507071925327182e+00
  -2.2833300001220778e+00  -1.6226836387068033e+00  -1.4543365128338337e+00  -3.7298457063734531e+00  -2.8516279850155115e+00  -2.2793588889762759e+00   1.0920126345008612e+00   2.4509699391201138e+00
  -2.2833067593164742e+00  -1.6229504756629467e+00  -1.4548491965979338e+00  -3.7297497643157840e+00  -2.8512762188911438e+00  -2.2796657895669341e+00   1.0924259256571531e+00   2.4512330098077655e+00
  -2.2832812515553087e+00  -1.6232152208685875e+00  -1.4553610701113939e+00  -3.7296524052508175e+00  -2.8509236052632332e+00  -2.2799720522016287e+00   1.0928395073860884e+00   2.4514952786266804e+00
  -2.2832567780278623e+00  -1.6234809346497059e+00  -1.4558732919394970e+00  -3.7295556217432022e+00  -2.8505713138729334e+00  -2.2802785569801927e+00   1.0932529177516699e+00   2.4517578603699803e+00
