   6.3779715613482333e+00
   6.3818309151677015e+00
   6.3856820136200003e+00
   6.3895248522810517e+00
   6.3933594267903064e+00
   6.3971857328031012e+00
   6.4010037659747709e+00
   6.4048135219606550e+00
   6.4086149964160848e+00
   6.4124081849963988e+00
   6.4161930833569309e+00
   6.4199696871530207e+00
   6.4237379920399995e+00
   6.4274979936958347e+00
   6.4312496878889949e+00
   6.4349930704105827e+00
   6.4387281370516956e+00
   6.4424548836034345e+00
   6.4461733058568988e+00
   6.4498833996031877e+00
   6.4535851606334020e+00
   6.4572785847386394e+00
   6.4609636677100006e+00
   6.4646404053538538e+00
   6.4683087935376342e+00
   6.4719688281440506e+00
   6.4756205050558062e+00
   6.4792638201556096e+00
   6.4828987693261624e+00
   6.4865253484501730e+00
