  -1.0132585848681015e+00
  -1.0134488846807050e+00
  -1.0136379122419534e+00
  -1.0138256672292325e+00
  -1.0140121495065275e+00
  -1.0141973589844739e+00
  -1.0143812955737075e+00
  -1.0145639591848636e+00
  -1.0147453497285779e+00
  -1.0149254671154855e+00
  -1.0151043112562221e+00
  -1.0152818820614236e+00
  -1.0154581794417250e+00
  -1.0156332032913138e+00
  -1.0158069534385836e+00
  -1.0159794296954801e+00
  -1.0161506318739486e+00
  -1.0163205597859346e+00
  -1.0164892132433834e+00
  -1.0166565920582409e+00
  -1.0168226960424522e+00
  -1.0169875250079632e+00
  -1.0171510787667188e+00
  -1.0173133571273567e+00
  -1.0174743598852809e+00
  -1.0176340868325873e+00
  -1.0177925377613717e+00
  -1.0179497124637302e+00
  -1.0181056107317585e+00
  -1.0182602323575529e+00
