  -2.8377502309158444e+00   3.0086093959398568e+00  -2.9762994875200093e+00   1.9980135560035706e-01   1.6585100702941418e+00  -5.9486959129571915e-01  -1.7162429839372635e+00  -2.6389889791607857e-01
  -2.8375257914885879e+00   3.0087487855926156e+00  -2.9761688476428390e+00   2.0025600492954254e-01   1.6589056700468063e+00  -5.9442164935171604e-01  -1.7158390246331692e+00  -2.6342805847525597e-01
  -2.8373012905940413e+00   3.0088881133124232e+00  -2.9760381416417658e+00   2.0071065053343773e-01   1.6593012362718582e+00  -5.9397369064390659e-01  -1.7154350262135267e+00  -2.6295721530914307e-01
  -2.8370767300948501e+00   3.0090273744426668e+00  -2.9759073788300157e+00   2.0116529241204262e-01   1.6596967726945877e+00  -5.9352571889758110e-01  -1.7150309830904007e+00  -2.6248636282980442e-01
  -2.8368521099910140e+00   3.0091665727086365e+00  -2.9757765512913465e+00   2.0161993056535721e-01   1.6600922718644142e+00  -5.9307773411273956e-01  -1.7146269027143717e+00  -2.6201550476253033e-01
  -2.8366274284198880e+00   3.0093057085759938e+00  -2.9756456590257585e+00   2.0207456871867180e-01   1.6604877375066280e+00  -5.9262973256409168e-01  -1.7142227832227945e+00  -2.6154464296996593e-01
  -2.8364026872441173e+00   3.0094447783194482e+00  -2.9755147094838321e+00   2.0252920314669609e-01   1.6608831696212292e+00  -5.9218171983957291e-01  -1.7138186190277338e+00  -2.6107377372682095e-01
  -2.8361778864637017e+00   3.0095837856642902e+00  -2.9753836956806481e+00   2.0298383384943008e-01   1.6612785682082176e+00  -5.9173369035124779e-01  -1.7134144175797701e+00  -2.6060289889574051e-01
  -2.8359530242159963e+00   3.0097227296791971e+00  -2.9752526166848838e+00   2.0343846082687378e-01   1.6616739332675934e+00  -5.9128564596176147e-01  -1.7130101770162582e+00  -2.6013201847672462e-01
  -2.8357281023636460e+00   3.0098616075702012e+00  -2.9751214808784425e+00   2.0389308780431747e-01   1.6620692647993565e+00  -5.9083759039640427e-01  -1.7126058917492628e+00  -2.5966113246977329e-01
  -2.8355031209066510e+00   3.0100004230625927e+00  -2.9749902798794210e+00   2.0434770733118057e-01   1.6624645628035069e+00  -5.9038951992988586e-01  -1.7122015692293644e+00  -2.5919023901224136e-01
  -2.8352780779823661e+00   3.0101391756907105e+00  -2.9748590146191418e+00   2.0480232685804367e-01   1.6628598272800446e+00  -5.8994143456220627e-01  -1.7117972057312727e+00  -2.5871934369206429e-01
  -2.8350529763847589e+00   3.0102778621949255e+00  -2.9747276916168630e+00   2.0525694265961647e-01   1.6632550582289696e+00  -5.8949333615601063e-01  -1.7113927993923426e+00  -2.5824843719601631e-01
  -2.8348278133198619e+00   3.0104164858348668e+00  -2.9745963043533266e+00   2.0571155473589897e-01   1.6636502556502819e+00  -5.8904522284865379e-01  -1.7109883558005095e+00  -2.5777752883732319e-01
  -2.8346025915816426e+00   3.0105550470761955e+00  -2.9744648528285325e+00   2.0616616308689117e-01   1.6640454158186913e+00  -5.8859709277749062e-01  -1.7105838730931282e+00  -2.5730661489069462e-01
  -2.8343773083761334e+00   3.0106935412622988e+00  -2.9743333435617387e+00   2.0662077143788338e-01   1.6644405461847782e+00  -5.8814895525574684e-01  -1.7101793456822634e+00  -2.5683569163084030e-01
  -2.8341519655659795e+00   3.0108319739811122e+00  -2.9742017691023648e+00   2.0707537420094013e-01   1.6648356430232525e+00  -5.8770079910755157e-01  -1.7097747791558504e+00  -2.5636476464569569e-01
  -2.8339265612885356e+00   3.0109703419730067e+00  -2.9740701331757009e+00   2.0752997323870659e-01   1.6652307063341141e+00  -5.8725262805819511e-01  -1.7093701735138893e+00  -2.5589383207261562e-01
  -2.8337010992690921e+00   3.0111086461693048e+00  -2.9739384348504245e+00   2.0798457041382790e-01   1.6656257323920727e+00  -5.8680444397032261e-01  -1.7089655268937349e+00  -2.5542289391160011e-01
  -2.8334755757823586e+00   3.0112468870356679e+00  -2.9738066741265357e+00   2.0843916386365891e-01   1.6660207286477089e+00  -5.8635624684393406e-01  -1.7085608411580324e+00  -2.5495195016264915e-01
  -2.8332499917596579e+00   3.0113850627094507e+00  -2.9736748524010181e+00   2.0889375731348991e-01   1.6664156876504421e+00  -5.8590803481638432e-01  -1.7081561125814915e+00  -2.5448100082576275e-01
  -2.8330243481323123e+00   3.0115231769159436e+00  -2.9735429650172591e+00   2.0934834331274033e-01   1.6668106131255627e+00  -5.8545980788767338e-01  -1.7077513467520475e+00  -2.5401004590094090e-01
  -2.8327986439689994e+00   3.0116612240672112e+00  -2.9734110208228230e+00   2.0980292931199074e-01   1.6672055087983608e+00  -5.8501156792044640e-01  -1.7073465380817652e+00  -2.5353908352553844e-01
  -2.8325728802010417e+00   3.0117992088198662e+00  -2.9732790114358068e+00   2.1025750786066055e-01   1.6676003672182560e+00  -5.8456331491470337e-01  -1.7069416902959347e+00  -2.5306811556220055e-01
  -2.8323470568284392e+00   3.0119371311739087e+00  -2.9731469377875328e+00   2.1071208640933037e-01   1.6679951921105385e+00  -5.8411504514515400e-01  -1.7065368033945560e+00  -2.5259714573621750e-01
  -2.8321211719885468e+00   3.0120749874040484e+00  -2.9730148068629205e+00   2.1116666123270988e-01   1.6683899834752083e+00  -5.8366676419973373e-01  -1.7061318736523390e+00  -2.5212616473436356e-01
  -2.8318952275440097e+00   3.0122127803042531e+00  -2.9728826116770506e+00   2.1162123605608940e-01   1.6687847413122654e+00  -5.8321846835315228e-01  -1.7057269047945738e+00  -2.5165518186986446e-01
  -2.8316692234948277e+00   3.0123505108058453e+00  -2.9727503512986004e+00   2.1207580342888832e-01   1.6691794656217098e+00  -5.8277015760540962e-01  -1.7053218968212605e+00  -2.5118419341742992e-01
  -2.8314431579783559e+00   3.0124881742522120e+00  -2.9726180341094732e+00   2.1253036707639694e-01   1.6695741564035416e+00  -5.8232183381915092e-01  -1.7049168460071087e+00  -2.5071319751441479e-01
  -2.8312170337885618e+00   3.0126257757656276e+00  -2.9724856521934271e+00   2.1298493072390556e-01   1.6699688117951155e+00  -5.8187349699437618e-01  -1.7045117560774088e+00  -2.5024219602346420e-01
