  -2.8350422818696526e+00   3.0048598024810849e+00  -2.9803722896978706e+00   2.0161261835039482e-01   1.6625534593057445e+00  -6.0119466687700529e-01  -1.7092742021657907e+00  -2.5768912259578336e-01
  -2.8348167750463444e+00   3.0050001686773289e+00  -2.9802412886046117e+00   2.0206789793575350e-01   1.6629494360953185e+00  -6.0074645029097939e-01  -1.7088700738820106e+00  -2.5721863749480600e-01
  -2.8345912066642192e+00   3.0051404713730481e+00  -2.9801102245013440e+00   2.0252317435532197e-01   1.6633453814569081e+00  -6.0029821871655165e-01  -1.7084659042224617e+00  -2.5674814719436245e-01
  -2.8343655789333031e+00   3.0052807100845191e+00  -2.9799790986252361e+00   2.0297844612554466e-01   1.6637412936226768e+00  -5.9984997105511606e-01  -1.7080616936855657e+00  -2.5627765017081017e-01
  -2.8341398915556413e+00   3.0054208847730322e+00  -2.9798479103185671e+00   2.0343371456917608e-01   1.6641371700679393e+00  -5.9940171164509426e-01  -1.7076574442559045e+00  -2.5580714649231456e-01
  -2.8339141426942684e+00   3.0055609959426315e+00  -2.9797166595104541e+00   2.0388898339127459e-01   1.6645330144640038e+00  -5.9895343671676660e-01  -1.7072531541344269e+00  -2.5533663805628387e-01
  -2.8336883344550614e+00   3.0057010434703941e+00  -2.9795853467011324e+00   2.0434424761000536e-01   1.6649288221028731e+00  -5.9850514770684271e-01  -1.7068488229504126e+00  -2.5486612464071506e-01
  -2.8334624665842703e+00   3.0058410274771075e+00  -2.9794539718625743e+00   2.0479950849222409e-01   1.6653245977082287e+00  -5.9805684318483399e-01  -1.7064444529241574e+00  -2.5439560460334881e-01
  -2.8332365372115809e+00   3.0059809470314058e+00  -2.9793225340674407e+00   2.0525476603794207e-01   1.6657203412763537e+00  -5.9760852501155648e-01  -1.7060400421924076e+00  -2.5392507794221253e-01
  -2.8330105484821559e+00   3.0061208029282964e+00  -2.9791910347419992e+00   2.0571002269085720e-01   1.6661160480776656e+00  -5.9716019276213783e-01  -1.7056355904038287e+00  -2.5345454815917995e-01
  -2.8327845001106011e+00   3.0062605953176940e+00  -2.9790594724524087e+00   2.0616527228836784e-01   1.6665117228473978e+00  -5.9671184686053358e-01  -1.7052310997699531e+00  -2.5298400989326136e-01
  -2.8325583902371427e+00   3.0064003237126600e+00  -2.9789278481355836e+00   2.0662052227658023e-01   1.6669073655836804e+00  -5.9626348730764611e-01  -1.7048265665684532e+00  -2.5251346873079455e-01
  -2.8323322219277411e+00   3.0065399884638166e+00  -2.9787961613611533e+00   2.0707576765116900e-01   1.6673029715569574e+00  -5.9581511181606572e-01  -1.7044219941678032e+00  -2.5204291885718633e-01
  -2.8321059921345859e+00   3.0066795892262128e+00  -2.9786644125439512e+00   2.0753100968290644e-01   1.6676985454815063e+00  -5.9536672266636070e-01  -1.7040173829384229e+00  -2.5157236609125538e-01
  -2.8318797036232448e+00   3.0068191264463100e+00  -2.9785326017573084e+00   2.0798624839584981e-01   1.6680940836931937e+00  -5.9491831803642348e-01  -1.7036127309569802e+00  -2.5110180667811915e-01
  -2.8316533538961890e+00   3.0069585992035548e+00  -2.9784007282786944e+00   2.0844148617704991e-01   1.6684895887064950e+00  -5.9446990292025270e-01  -1.7032080380862236e+00  -2.5063124053098113e-01
  -2.8314269444957509e+00   3.0070980089337556e+00  -2.9782687926847928e+00   2.0889671891761458e-01   1.6688850622619906e+00  -5.9402147093003121e-01  -1.7028033038749557e+00  -2.5016066919946323e-01
  -2.8312004737233818e+00   3.0072373544398472e+00  -2.9781367947112694e+00   2.0935194774444524e-01   1.6692805016420402e+00  -5.9357302341093343e-01  -1.7023985313288776e+00  -2.4969009283143964e-01
  -2.8309739452661997e+00   3.0073766361402017e+00  -2.9780047344197458e+00   2.0980717469294918e-01   1.6696759037927333e+00  -5.9312456281939507e-01  -1.7019937178363997e+00  -2.4921951092216385e-01
  -2.8307473553855025e+00   3.0075158545046698e+00  -2.9778726118086341e+00   2.1026239791901416e-01   1.6700712761740886e+00  -5.9267608915265979e-01  -1.7015888652571067e+00  -2.4874892347581931e-01
  -2.8305207050641941e+00   3.0076550081870774e+00  -2.9777404272796422e+00   2.1071762095661276e-01   1.6704666106527934e+00  -5.9222759995414131e-01  -1.7011839706176901e+00  -2.4827833099394070e-01
  -2.8302939950695003e+00   3.0077940988424068e+00  -2.9776081801697241e+00   2.1117283709094287e-01   1.6708619136775362e+00  -5.9177909760785008e-01  -1.7007790365013900e+00  -2.4780773146692808e-01
  -2.8300672248009646e+00   3.0079331250212871e+00  -2.9774758713047982e+00   2.1162805228138798e-01   1.6712571834943790e+00  -5.9133057919117193e-01  -1.7003740633579769e+00  -2.4733712706311531e-01
  -2.8298403948829249e+00   3.0080720876617257e+00  -2.9773434995390406e+00   2.1208326043542719e-01   1.6716524176021526e+00  -5.9088204901852415e-01  -1.6999690494636144e+00  -2.4686651601120913e-01
  -2.8296135053255389e+00   3.0082109867887912e+00  -2.9772110657269204e+00   2.1253846897829434e-01   1.6720476196688661e+00  -5.9043350332046618e-01  -1.6995639948780590e+00  -2.4639590207422635e-01
  -2.8293865545536097e+00   3.0083498222682552e+00  -2.9770785699208520e+00   2.1299367289793594e-01   1.6724427849629409e+00  -5.8998494355110598e-01  -1.6991589010906032e+00  -2.4592527942043876e-01
  -2.8291595441452877e+00   3.0084885932816512e+00  -2.9769460120932156e+00   2.1344887720765446e-01   1.6728379182236568e+00  -5.8953637013137106e-01  -1.6987537665996912e+00  -2.4545465386845308e-01
  -2.8289324740871389e+00   3.0086273007837327e+00  -2.9768133912956816e+00   2.1390407446773541e-01   1.6732330194585385e+00  -5.8908778305369269e-01  -1.6983485914070269e+00  -2.4498402170293890e-01
  -2.8287053428145104e+00   3.0087659437030085e+00  -2.9766807089871299e+00   2.1435926710454101e-01   1.6736280839264883e+00  -5.8863918005070370e-01  -1.6979433770024401e+00  -2.4451338453916718e-01
  -2.8284781528388914e+00   3.0089045235890661e+00  -2.9765479641222727e+00   2.1481446012330901e-01   1.6740231144602038e+00  -5.8819056522015811e-01  -1.6975381219423931e+00  -2.4404274078638311e-01
