  -3.7770981352244268e+00
  -3.7696580808325364e+00
  -3.7622133439583183e+00
  -3.7547639339179599e+00
  -3.7473098600712822e+00
  -3.7398511317890124e+00
  -3.7323877584418779e+00
  -3.7249197494006072e+00
  -3.7174471140359264e+00
  -3.7099698617185646e+00
  -3.7024880018192490e+00
  -3.6950015437087069e+00
  -3.6875104967576662e+00
  -3.6800148703446576e+00
  -3.6725146738794248e+00
  -3.6650099167795127e+00
  -3.6575006084624690e+00
  -3.6499867583458405e+00
  -3.6424683758471716e+00
  -3.6349454703840096e+00
  -3.6274180513739016e+00
  -3.6198861282343922e+00
  -3.6123497103830298e+00
  -3.6048088072458593e+00
  -3.5972634282829312e+00
  -3.5897135829627951e+00
  -3.5821592807540004e+00
  -3.5746005311250975e+00
  -3.5670373435446359e+00
  -3.5594697274811655e+00
