  -3.7635817448693230e+00
  -3.7561329831658603e+00
  -3.7486795559999999e+00
  -3.7412214726985318e+00
  -3.7337587426317156e+00
  -3.7262913751806792e+00
  -3.7188193797265510e+00
  -3.7113427656504578e+00
  -3.7038615423335282e+00
  -3.6963757191568902e+00
  -3.6888853055016706e+00
  -3.6813903107489980e+00
  -3.6738907442800000e+00
  -3.6663866154835740e+00
  -3.6588779337796966e+00
  -3.6513647085961147e+00
  -3.6438469493605741e+00
  -3.6363246655008212e+00
  -3.6287978664446028e+00
  -3.6212665616196649e+00
  -3.6137307604537545e+00
  -3.6061904723746170e+00
  -3.5986457068099997e+00
  -3.5910964731961119e+00
  -3.5835427810030174e+00
  -3.5759846397092425e+00
  -3.5684220587933133e+00
  -3.5608550477337571e+00
  -3.5532836160091001e+00
  -3.5457077730978694e+00
