  -2.4348250739867330e+04  -2.2490315645436203e+04  -8.5013045071002853e+03  -1.4742226825864363e+04  -8.7062443259625506e+03  -6.4359763789893523e+03  -3.6099418830465643e+03   8.0791194177095331e+03
  -2.4346928837089446e+04  -2.2492125512484665e+04  -8.5032785695181592e+03  -1.4741329036484551e+04  -8.7042652643875699e+03  -6.4390359943274207e+03  -3.6065663573814322e+03   8.0821212320237173e+03
  -2.4345606415874026e+04  -2.2493934904909740e+04  -8.5052524553105068e+03  -1.4740430940521255e+04  -8.7022860197771934e+03  -6.4420954751723202e+03  -3.6031907502439753e+03   8.0851228741885270e+03
  -2.4344283476299290e+04  -2.2495743822095625e+04  -8.5072261633113339e+03  -1.4739532538200792e+04  -8.7003065929394525e+03  -6.4451548207873057e+03  -3.5998150625579192e+03   8.0881243435734959e+03
  -2.4342960018443940e+04  -2.2497552263426533e+04  -8.5091996923543920e+03  -1.4738633829750283e+04  -8.6983269846832372e+03  -6.4482140304357426e+03  -3.5964392952472003e+03   8.0911256395483169e+03
  -2.4341636042236565e+04  -2.2499360230022201e+04  -8.5111730446485126e+03  -1.4737734814769281e+04  -8.6963471935136677e+03  -6.4512731053967746e+03  -3.5930634466890237e+03   8.0941267631809724e+03
  -2.4340311547755795e+04  -2.2501167721266800e+04  -8.5131462190273742e+03  -1.4736835493484750e+04  -8.6943672202395355e+03  -6.4543320449336625e+03  -3.5896875178073806e+03   8.0971277138410624e+03
  -2.4338986535080629e+04  -2.2502974736545173e+04  -8.5151192143256321e+03  -1.4735935866124200e+04  -8.6923870656696636e+03  -6.4573908483105070e+03  -3.5863115095255275e+03   8.1001284908989965e+03
  -2.4337661004139132e+04  -2.2504781276975915e+04  -8.5170920327503372e+03  -1.4735035932286459e+04  -8.6904067283093500e+03  -6.4604495168049962e+03  -3.5829354202220356e+03   8.1031290954213900e+03
  -2.4336334955010239e+04  -2.2506587341943788e+04  -8.5190646731360739e+03  -1.4734135692198861e+04  -8.6884262089673084e+03  -6.4635080496811306e+03  -3.5795592508202285e+03   8.1061295267785326e+03
  -2.4335008387773341e+04  -2.2508392930833557e+04  -8.5210371343170227e+03  -1.4733235146089597e+04  -8.6864455084532565e+03  -6.4665664462029154e+03  -3.5761830022437489e+03   8.1091297843408374e+03
  -2.4333681302355850e+04  -2.2510198044764118e+04  -8.5230094185012185e+03  -1.4732334293556220e+04  -8.6844646252707626e+03  -6.4696247076482523e+03  -3.5728066728704180e+03   8.1121298691749516e+03
  -2.4332353698837054e+04  -2.2512002683120118e+04  -8.5249815245227946e+03  -1.4731433134826741e+04  -8.6824835602294188e+03  -6.4726828332810483e+03  -3.5694302636239509e+03   8.1151297806511802e+03
  -2.4331025577296659e+04  -2.2513806845286930e+04  -8.5269534512168048e+03  -1.4730531670129729e+04  -8.6805023141388592e+03  -6.4757408223660350e+03  -3.5660537754273096e+03   8.1181295181406158e+03
  -2.4329696937661553e+04  -2.2515610532382289e+04  -8.5289252007895229e+03  -1.4729629899061998e+04  -8.6785208855028413e+03  -6.4787986761796710e+03  -3.5626772066596909e+03   8.1211290827085431e+03
  -2.4328367780011362e+04  -2.2517413743791505e+04  -8.5308967720759683e+03  -1.4728727821851975e+04  -8.6765392751308755e+03  -6.4818563939865935e+03  -3.5593005582441224e+03   8.1241284737259766e+03
  -2.4327038104426148e+04  -2.2519216478899842e+04  -8.5328681639107253e+03  -1.4727825438728885e+04  -8.6745574838334960e+03  -6.4849139750514450e+03  -3.5559238311039721e+03   8.1271276905639961e+03
  -2.4325707910832160e+04  -2.2521018738825318e+04  -8.5348393785010758e+03  -1.4726922749288275e+04  -8.6725755101127361e+03  -6.4879714206508970e+03  -3.5525470236176784e+03   8.1301267342879355e+03
  -2.4324377199360875e+04  -2.2522820522376067e+04  -8.5368104135581689e+03  -1.4726019753970737e+04  -8.6705933555483061e+03  -6.4910287293794718e+03  -3.5491701375563280e+03   8.1331256037046596e+03
  -2.4323045969938194e+04  -2.2524621830669166e+04  -8.5387812712876330e+03  -1.4725116452371380e+04  -8.6686110186426649e+03  -6.4940859025125928e+03  -3.5457931712996192e+03   8.1361242998783473e+03
  -2.4321714222696053e+04  -2.2526422662513043e+04  -8.5407519494008848e+03  -1.4724212844931491e+04  -8.6666285009760977e+03  -6.4971429386452064e+03  -3.5424161266184337e+03   8.1391228216163290e+03
  -2.4320381957559875e+04  -2.2528223019025183e+04  -8.5427224501046912e+03  -1.4723308931245279e+04  -8.6646458010495862e+03  -6.5001998390531608e+03  -3.5390390018916314e+03   8.1421211699830365e+03
  -2.4319049174610125e+04  -2.2530022899591157e+04  -8.5446927722338551e+03  -1.4722404711542515e+04  -8.6626629196740669e+03  -6.5032566030014241e+03  -3.5356617980424376e+03   8.1451193443499360e+03
  -2.4317715873927693e+04  -2.2531822303597120e+04  -8.5466629146241576e+03  -1.4721500186053552e+04  -8.6606798576605288e+03  -6.5063132297557959e+03  -3.5322845159933631e+03   8.1481173440892817e+03
  -2.4316382055437414e+04  -2.2533621232159465e+04  -8.5486328794805831e+03  -1.4720595354371857e+04  -8.6586966135101484e+03  -6.5093697205906728e+03  -3.5289071541246094e+03   8.1511151702641519e+03
  -2.4315047719220111e+04  -2.2535419684664295e+04  -8.5506026656388331e+03  -1.4719690216727604e+04  -8.6567131880337911e+03  -6.5124260747717572e+03  -3.5255297133587419e+03   8.1541128222467096e+03
  -2.4313712865357011e+04  -2.2537217660497743e+04  -8.5525722719342084e+03  -1.4718784773351807e+04  -8.6547295820433410e+03  -6.5154822915647592e+03  -3.5221521946186563e+03   8.1571102994092080e+03
  -2.4312377493772350e+04  -2.2539015160776453e+04  -8.5545417005726886e+03  -1.4717879023836646e+04  -8.6527457940382210e+03  -6.5185383722442793e+03  -3.5187745962838057e+03   8.1601076028147663e+03
  -2.4311041604547278e+04  -2.2540812184886479e+04  -8.5565109503895001e+03  -1.4716972968412983e+04  -8.6507618248302060e+03  -6.5215943160759261e+03  -3.5153969192771519e+03   8.1631047318355313e+03
  -2.4309705197763356e+04  -2.2542608732214499e+04  -8.5584800202208462e+03  -1.4716066607312228e+04  -8.6487776752310710e+03  -6.5246501223261530e+03  -3.5120191645209020e+03   8.1661016858444627e+03
