  -2.7334788373839415e+03  -1.5983459224987866e+04  -2.5570771261858568e+04   2.1954386699002716e+03   1.5179478336964468e+04  -1.5484117166931346e+04   1.7734839013300269e+04   1.3475271634382061e+04
  -2.7327798060021514e+03  -1.5983622149052148e+04  -2.5569987053070487e+04   2.1981549542191324e+03   1.5181797599115111e+04  -1.5482645138144437e+04   1.7733830857512992e+04   1.3473771325010028e+04
  -2.7320805627090631e+03  -1.5983784948858200e+04  -2.5569202490148429e+04   2.2008712253105282e+03   1.5184116681974412e+04  -1.5481173194386891e+04   1.7732822722418121e+04   1.3472271144283332e+04
  -2.7313811074744121e+03  -1.5983947624354012e+04  -2.5568417573111015e+04   2.2035874831089027e+03   1.5186435585481382e+04  -1.5479701335702626e+04   1.7731814608068173e+04   1.3470771092243542e+04
  -2.7306814402679297e+03  -1.5984110175487544e+04  -2.5567632301976872e+04   2.2063037275486990e+03   1.5188754309575015e+04  -1.5478229562135544e+04   1.7730806514515578e+04   1.3469271168932177e+04
  -2.7299815610593669e+03  -1.5984272602206789e+04  -2.5566846676764624e+04   2.2090199585643577e+03   1.5191072854194346e+04  -1.5476757873729553e+04   1.7729798441812884e+04   1.3467771374390799e+04
  -2.7292814698184798e+03  -1.5984434904459727e+04  -2.5566060697492907e+04   2.2117361760903209e+03   1.5193391219278390e+04  -1.5475286270528546e+04   1.7728790390012513e+04   1.3466271708660919e+04
  -2.7285811665150381e+03  -1.5984597082194327e+04  -2.5565274364180372e+04   2.2144523800610350e+03   1.5195709404766170e+04  -1.5473814752576414e+04   1.7727782359166955e+04   1.3464772171784054e+04
  -2.7278806511188272e+03  -1.5984759135358603e+04  -2.5564487676845696e+04   2.2171685704109359e+03   1.5198027410596722e+04  -1.5472343319917027e+04   1.7726774349328680e+04   1.3463272763801682e+04
  -2.7271799235996300e+03  -1.5984921063900521e+04  -2.5563700635507554e+04   2.2198847470744699e+03   1.5200345236709081e+04  -1.5470871972594252e+04   1.7725766360550133e+04   1.3461773484755333e+04
  -2.7264789839272489e+03  -1.5985082867768100e+04  -2.5562913240184633e+04   2.2226009099860780e+03   1.5202662883042294e+04  -1.5469400710651966e+04   1.7724758392883759e+04   1.3460274334686454e+04
  -2.7257778320715001e+03  -1.5985244546909315e+04  -2.5562125490895629e+04   2.2253170590802024e+03   1.5204980349535410e+04  -1.5467929534133995e+04   1.7723750446382026e+04   1.3458775313636537e+04
  -2.7250764680022039e+03  -1.5985406101272160e+04  -2.5561337387659267e+04   2.2280331942912853e+03   1.5207297636127478e+04  -1.5466458443084213e+04   1.7722742521097367e+04   1.3457276421647046e+04
  -2.7243748916891936e+03  -1.5985567530804652e+04  -2.5560548930494282e+04   2.2307493155537682e+03   1.5209614742757565e+04  -1.5464987437546437e+04   1.7721734617082217e+04   1.3455777658759414e+04
  -2.7236731031023087e+03  -1.5985728835454796e+04  -2.5559760119419392e+04   2.2334654228020954e+03   1.5211931669364720e+04  -1.5463516517564509e+04   1.7720726734389005e+04   1.3454279025015101e+04
  -2.7229711022114088e+03  -1.5985890015170575e+04  -2.5558970954453362e+04   2.2361815159707048e+03   1.5214248415888027e+04  -1.5462045683182236e+04   1.7719718873070160e+04   1.3452780520455521e+04
  -2.7222688889863562e+03  -1.5986051069900026e+04  -2.5558181435614952e+04   2.2388975949940441e+03   1.5216564982266565e+04  -1.5460574934443439e+04   1.7718711033178090e+04   1.3451282145122103e+04
  -2.7215664633970309e+03  -1.5986211999591145e+04  -2.5557391562922916e+04   2.2416136598065509e+03   1.5218881368439415e+04  -1.5459104271391918e+04   1.7717703214765243e+04   1.3449783899056241e+04
  -2.7208638254133139e+03  -1.5986372804191957e+04  -2.5556601336396085e+04   2.2443297103426680e+03   1.5221197574345651e+04  -1.5457633694071465e+04   1.7716695417883977e+04   1.3448285782299356e+04
  -2.7201609750051030e+03  -1.5986533483650472e+04  -2.5555810756053241e+04   2.2470457465368409e+03   1.5223513599924372e+04  -1.5456163202525880e+04   1.7715687642586719e+04   1.3446787794892829e+04
  -2.7194579121423080e+03  -1.5986694037914700e+04  -2.5555019821913174e+04   2.2497617683235071e+03   1.5225829445114679e+04  -1.5454692796798920e+04   1.7714679888925875e+04   1.3445289936878036e+04
  -2.7187546367948462e+03  -1.5986854466932682e+04  -2.5554228533994730e+04   2.2524777756371127e+03   1.5228145109855677e+04  -1.5453222476934374e+04   1.7713672156953828e+04   1.3443792208296343e+04
  -2.7180511489326454e+03  -1.5987014770652435e+04  -2.5553436892316728e+04   2.2551937684120976e+03   1.5230460594086464e+04  -1.5451752242976010e+04   1.7712664446722963e+04   1.3442294609189115e+04
  -2.7173474485256461e+03  -1.5987174949021986e+04  -2.5552644896898048e+04   2.2579097465829054e+03   1.5232775897746162e+04  -1.5450282094967562e+04   1.7711656758285659e+04   1.3440797139597687e+04
  -2.7166435355437984e+03  -1.5987335001989364e+04  -2.5551852547757517e+04   2.2606257100839784e+03   1.5235091020773893e+04  -1.5448812032952786e+04   1.7710649091694289e+04   1.3439299799563409e+04
  -2.7159394099570654e+03  -1.5987494929502614e+04  -2.5551059844914034e+04   2.2633416588497557e+03   1.5237405963108777e+04  -1.5447342056975433e+04   1.7709641447001221e+04   1.3437802589127616e+04
  -2.7152350717354134e+03  -1.5987654731509763e+04  -2.5550266788386449e+04   2.2660575928146841e+03   1.5239720724689947e+04  -1.5445872167079207e+04   1.7708633824258824e+04   1.3436305508331594e+04
  -2.7145305208488307e+03  -1.5987814407958842e+04  -2.5549473378193699e+04   2.2687735119132026e+03   1.5242035305456531e+04  -1.5444402363307841e+04   1.7707626223519459e+04   1.3434808557216682e+04
  -2.7138257572673056e+03  -1.5987973958797902e+04  -2.5548679614354674e+04   2.2714894160797562e+03   1.5244349705347686e+04  -1.5442932645705054e+04   1.7706618644835464e+04   1.3433311735824152e+04
  -2.7131207809608431e+03  -1.5988133383974999e+04  -2.5547885496888299e+04   2.2742053052487850e+03   1.5246663924302553e+04  -1.5441463014314553e+04   1.7705611088259200e+04   1.3431815044195291e+04
