  -6.7724016132766053e+02
  -6.7545261936104839e+02
  -6.7366330349999998e+02
  -6.7187221540721532e+02
  -6.7007935677416583e+02
  -6.6828472929951647e+02
  -6.6648833468193163e+02
  -6.6469017462007605e+02
  -6.6289025081261457e+02
  -6.6108856495821146e+02
  -6.5928511875553158e+02
  -6.5747991390323955e+02
  -6.5567295209999997e+02
  -6.5386423504940581e+02
  -6.5205376447476306e+02
  -6.5024154210430629e+02
  -6.4842756966626962e+02
  -6.4661184888888761e+02
  -6.4479438150039459e+02
  -6.4297516922902491e+02
  -6.4115421380301314e+02
  -6.3933151695059325e+02
  -6.3750708039999995e+02
  -6.3568090588556151e+02
  -6.3385299516598172e+02
  -6.3202335000605854e+02
  -6.3019197217058979e+02
  -6.2835886342437334e+02
  -6.2652402553220702e+02
  -6.2468746025888868e+02
