  -3.3815670926329076e+03
  -3.3750049792252767e+03
  -3.3684386352871347e+03
  -3.3618680690577148e+03
  -3.3552932888194528e+03
  -3.3487143028655892e+03
  -3.3421311194893624e+03
  -3.3355437469840122e+03
  -3.3289521936427768e+03
  -3.3223564677588961e+03
  -3.3157565776256097e+03
  -3.3091525315361555e+03
  -3.3025443377837732e+03
  -3.2959320046694866e+03
  -3.2893155405254556e+03
  -3.2826949536916241e+03
  -3.2760702525079373e+03
  -3.2694414453143390e+03
  -3.2628085404507733e+03
  -3.2561715462571851e+03
  -3.2495304710735190e+03
  -3.2428853232397191e+03
  -3.2362361110957299e+03
  -3.2295828429898384e+03
  -3.2229255273037020e+03
  -3.2162641724273235e+03
  -3.2095987867507033e+03
  -3.2029293786638418e+03
  -3.1962559565567403e+03
  -3.1895785288193997e+03
