  -2.4196675921254551e+04  -2.0226474928048658e+04  -4.5464656348423114e+03  -1.5227630269344592e+04  -1.1177993238390081e+04  -4.0205781188578494e+03  -6.4244588234221173e+03   6.0926320030481093e+03
  -2.4195522365875462e+04  -2.0227355810491415e+04  -4.5467701087368296e+03  -1.5227487786881413e+04  -1.1177596240068200e+04  -4.0228250323750194e+03  -6.4222454277883044e+03   6.0949970719191751e+03
  -2.4194368525956233e+04  -2.0228236349387826e+04  -4.5470746261620479e+03  -1.5227345465060060e+04  -1.1177199405356720e+04  -4.0250720975169861e+03  -6.4200317757081302e+03   6.0973622617488254e+03
  -2.4193214401546629e+04  -2.0229116544742923e+04  -4.5473791871648764e+03  -1.5227203303879967e+04  -1.1176802734235036e+04  -4.0273193142357932e+03  -6.4178178672215781e+03   6.0997275724802657e+03
  -2.4192059992696464e+04  -2.0229996396561735e+04  -4.5476837917922167e+03  -1.5227061303340575e+04  -1.1176406226682489e+04  -4.0295666824834839e+03  -6.4156037023686386e+03   6.1020930040566709e+03
  -2.4190905299455539e+04  -2.0230875904849323e+04  -4.5479884400909705e+03  -1.5226919463441274e+04  -1.1176009882678452e+04  -4.0318142022120860e+03  -6.4133892811893220e+03   6.1044585564212175e+03
  -2.4189750321873686e+04  -2.0231755069610768e+04  -4.5482931321080232e+03  -1.5226777784181495e+04  -1.1175613702202279e+04  -4.0340618733736178e+03  -6.4111746037236480e+03   6.1068242295170749e+03
  -2.4188595060000727e+04  -2.0232633890851139e+04  -4.5485978678902711e+03  -1.5226636265560612e+04  -1.1175217685233290e+04  -4.0363096959200907e+03  -6.4089596700116454e+03   6.1091900232874023e+03
  -2.4187439513886504e+04  -2.0233512368575542e+04  -4.5489026474846014e+03  -1.5226494907578013e+04  -1.1174821831750816e+04  -4.0385576698035038e+03  -6.4067444800933581e+03   6.1115559376753608e+03
  -2.4186283683580863e+04  -2.0234390502789061e+04  -4.5492074709378940e+03  -1.5226353710233056e+04  -1.1174426141734162e+04  -4.0408057949758540e+03  -6.4045290340088513e+03   6.1139219726240799e+03
  -2.4185127569133663e+04  -2.0235268293496832e+04  -4.5495123382970369e+03  -1.5226212673525095e+04  -1.1174030615162639e+04  -4.0430540713891210e+03  -6.4023133317981892e+03   6.1162881280767051e+03
  -2.4183971170594770e+04  -2.0236145740704000e+04  -4.5498172496088964e+03  -1.5226071797453480e+04  -1.1173635252015531e+04  -4.0453024989952801e+03  -6.4000973735014541e+03   6.1186544039763648e+03
  -2.4182814488014046e+04  -2.0237022844415678e+04  -4.5501222049203625e+03  -1.5225931082017534e+04  -1.1173240052272116e+04  -4.0475510777462973e+03  -6.3978811591587510e+03   6.1210208002661784e+03
  -2.4181657521441372e+04  -2.0237899604637056e+04  -4.5504272042782895e+03  -1.5225790527216568e+04  -1.1172845015911651e+04  -4.0497998075941250e+03  -6.3956646888101732e+03   6.1233873168892578e+03
  -2.4180500270926652e+04  -2.0238776021373276e+04  -4.5507322477295520e+03  -1.5225650133049900e+04  -1.1172450142913402e+04  -4.0520486884907114e+03  -6.3934479624958549e+03   6.1257539537887005e+03
  -2.4179342736519793e+04  -2.0239652094629546e+04  -4.5510373353210125e+03  -1.5225509899516823e+04  -1.1172055433256597e+04  -4.0542977203879959e+03  -6.3912309802559221e+03   6.1281207109076176e+03
  -2.4178184918270683e+04  -2.0240527824411070e+04  -4.5513424670995282e+03  -1.5225369826616612e+04  -1.1171660886920483e+04  -4.0565469032379028e+03  -6.3890137421305244e+03   6.1304875881890866e+03
  -2.4177026816229256e+04  -2.0241403210723023e+04  -4.5516476431119581e+03  -1.5225229914348531e+04  -1.1171266503884284e+04  -4.0587962369923539e+03  -6.3867962481598224e+03   6.1328545855761877e+03
  -2.4175868430445425e+04  -2.0242278253570657e+04  -4.5519528634051539e+03  -1.5225090162711860e+04  -1.1170872284127188e+04  -4.0610457216032610e+03  -6.3845784983839831e+03   6.1352217030119946e+03
  -2.4174709760969148e+04  -2.0243152952959204e+04  -4.5522581280259674e+03  -1.5224950571705818e+04  -1.1170478227628400e+04  -4.0632953570225200e+03  -6.3823604928431978e+03   6.1375889404395684e+03
  -2.4173550807850344e+04  -2.0244027308893925e+04  -4.5525634370212420e+03  -1.5224811141329641e+04  -1.1170084334367113e+04  -4.0655451432020232e+03  -6.3801422315776554e+03   6.1399562978019731e+03
  -2.4172391571138978e+04  -2.0244901321380054e+04  -4.5528687904378203e+03  -1.5224671871582565e+04  -1.1169690604322504e+04  -4.0677950800936578e+03  -6.3779237146275736e+03   6.1423237750422504e+03
  -2.4171232050885013e+04  -2.0245774990422899e+04  -4.5531741883225413e+03  -1.5224532762463774e+04  -1.1169297037473723e+04  -4.0700451676492944e+03  -6.3757049420331687e+03   6.1446913721034443e+03
  -2.4170072247138440e+04  -2.0246648316027728e+04  -4.5534796307222414e+03  -1.5224393813972480e+04  -1.1168903633799922e+04  -4.0722954058207933e+03  -6.3734859138346837e+03   6.1470590889285822e+03
  -2.4168912159949192e+04  -2.0247521298199856e+04  -4.5537851176837548e+03  -1.5224255026107869e+04  -1.1168510393280245e+04  -4.0745457945600147e+03  -6.3712666300723558e+03   6.1494269254606879e+03
  -2.4167751789367296e+04  -2.0248393936944565e+04  -4.5540906492539070e+03  -1.5224116398869104e+04  -1.1168117315893824e+04  -4.0767963338188060e+03  -6.3690470907864519e+03   6.1517948816427852e+03
  -2.4166591135442734e+04  -2.0249266232267229e+04  -4.5543962254795233e+03  -1.5223977932255344e+04  -1.1167724401619769e+04  -4.0790470235489979e+03  -6.3668272960172453e+03   6.1541629574178742e+03
  -2.4165430198225531e+04  -2.0250138184173164e+04  -4.5547018464074290e+03  -1.5223839626265737e+04  -1.1167331650437185e+04  -4.0812978637024225e+03  -6.3646072458050176e+03   6.1565311527289614e+03
  -2.4164268977765681e+04  -2.0251009792667730e+04  -4.5550075120844358e+03  -1.5223701480899419e+04  -1.1166939062325178e+04  -4.0835488542308949e+03  -6.3623869401900738e+03   6.1588994675190288e+03
  -2.4163107474113222e+04  -2.0251881057756298e+04  -4.5553132225573618e+03  -1.5223563496155517e+04  -1.1166546637262809e+04  -4.0857999950862313e+03  -6.3601663792127156e+03   6.1612679017310729e+03
