  -1.0832711245599339e+03   1.2624529519739192e+04   2.4545434035466391e+04  -4.5494295082338958e+03  -1.6740627465668778e+04   1.4664882883957469e+04  -1.8521364543601409e+04  -1.2357237809648865e+04
  -1.0855550587456378e+03   1.2622913626250045e+04   2.4543992772781985e+04  -4.5531617910562391e+03  -1.6743488053072277e+04   1.4662611359331258e+04  -1.8520283081347206e+04  -1.2354793556187875e+04
  -1.0878389709328383e+03   1.2621297465039170e+04   2.4542550996644164e+04  -4.5568939799224372e+03  -1.6746348290262653e+04   1.4660339526620060e+04  -1.8519201205243622e+04  -1.2352349038329836e+04
  -1.0901228599582064e+03   1.2619681037171174e+04   2.4541108707472067e+04  -4.5606260740812058e+03  -1.6749208176781864e+04   1.4658067386163273e+04  -1.8518118915148967e+04  -1.2349904256499112e+04
  -1.0924067246581560e+03   1.2618064343711476e+04   2.4539665905685375e+04  -4.5643580727811204e+03  -1.6752067712172029e+04   1.4655794938300989e+04  -1.8517036210922055e+04  -1.2347459211120815e+04
  -1.0946905672141083e+03   1.2616447382633320e+04   2.4538222590535352e+04  -4.5680899772916355e+03  -1.6754926897166337e+04   1.4653522182492661e+04  -1.8515953092911452e+04  -1.2345013901501155e+04
  -1.0969743864624159e+03   1.2614830155002053e+04   2.4536778762441598e+04  -4.5718217868612837e+03  -1.6757785731306838e+04   1.4651249119078257e+04  -1.8514869560975843e+04  -1.2342568328065119e+04
  -1.0992581812403555e+03   1.2613212661882715e+04   2.4535334421823849e+04  -4.5755535007391863e+03  -1.6760644214136206e+04   1.4648975748398143e+04  -1.8513785614974680e+04  -1.2340122491238017e+04
  -1.1015419537276046e+03   1.2611594901249364e+04   2.4533889567933358e+04  -4.5792851201937201e+03  -1.6763502346386609e+04   1.4646702069911311e+04  -1.8512701255255408e+04  -1.2337676390325696e+04
  -1.1038257027613927e+03   1.2609976874166952e+04   2.4532444201189781e+04  -4.5830166444739652e+03  -1.6766360127600623e+04   1.4644428083957977e+04  -1.8511616481677305e+04  -1.2335230025753353e+04
  -1.1061094271784980e+03   1.2608358581701455e+04   2.4530998322013402e+04  -4.5867480728287483e+03  -1.6769217557320975e+04   1.4642153790879142e+04  -1.8510531294100223e+04  -1.2332783397946927e+04
  -1.1083931291596075e+03   1.2606740021825135e+04   2.4529551929654463e+04  -4.5904794065270426e+03  -1.6772074636279809e+04   1.4639879190132595e+04  -1.8509445692870893e+04  -1.2330336506211050e+04
  -1.1106768075414443e+03   1.2605121195603868e+04   2.4528105024533186e+04  -4.5942106448176382e+03  -1.6774931364019758e+04   1.4637604282059214e+04  -1.8508359677849017e+04  -1.2327889350971549e+04
  -1.1129604611616567e+03   1.2603502104103247e+04   2.4526657607069916e+04  -4.5979417869499066e+03  -1.6777787740084070e+04   1.4635329067000212e+04  -1.8507273248895031e+04  -1.2325441932654578e+04
  -1.1152440921992006e+03   1.2601882745296343e+04   2.4525209676514860e+04  -4.6016728341917460e+03  -1.6780643765203858e+04   1.4633053544412962e+04  -1.8506186406354554e+04  -1.2322994250564403e+04
  -1.1175276994916658e+03   1.2600263120248646e+04   2.4523761233288289e+04  -4.6054037857924877e+03  -1.6783499438922317e+04   1.4630777714638562e+04  -1.8505099150087888e+04  -1.2320546305127051e+04
  -1.1198112818761981e+03   1.2598643230026664e+04   2.4522312277811106e+04  -4.6091346410012220e+03  -1.6786354760782746e+04   1.4628501578018881e+04  -1.8504011479955851e+04  -1.2318098096769349e+04
  -1.1220948415327639e+03   1.2597023072601700e+04   2.4520862809332506e+04  -4.6128654010864293e+03  -1.6789209731516232e+04   1.4626225134010087e+04  -1.8502923396303413e+04  -1.2315649624794278e+04
  -1.1243783761850098e+03   1.2595402650071452e+04   2.4519412828663877e+04  -4.6165960646245412e+03  -1.6792064350270524e+04   1.4623948383249286e+04  -1.8501834898830308e+04  -1.2313200890003249e+04
  -1.1266618880112826e+03   1.2593781960408174e+04   2.4517962335054555e+04  -4.6203266328830432e+03  -1.6794918617775860e+04   1.4621671325192470e+04  -1.8500745987880684e+04  -1.2310751891699165e+04
  -1.1289453747354701e+03   1.2592161005709906e+04   2.4516511329316272e+04  -4.6240571044385315e+03  -1.6797772533180396e+04   1.4619393960477313e+04  -1.8499656663154994e+04  -1.2308302630683993e+04
  -1.1312288385370530e+03   1.2590539783947330e+04   2.4515059810697578e+04  -4.6277874805591709e+03  -1.6800626097214521e+04   1.4617116288558904e+04  -1.8498566924996940e+04  -1.2305853106259632e+04
  -1.1335122782533654e+03   1.2588918296187201e+04   2.4513607779619681e+04  -4.6315177604941755e+03  -1.6803479309421822e+04   1.4614838309779567e+04  -1.8497476773267881e+04  -1.2303403318853356e+04
  -1.1357956927226824e+03   1.2587296543495984e+04   2.4512155236503950e+04  -4.6352479434933493e+03  -1.6806332169346551e+04   1.4612560024481994e+04  -1.8496386207829899e+04  -1.2300953268892757e+04
  -1.1380790841227272e+03   1.2585674523845149e+04   2.4510702180598895e+04  -4.6389780308237796e+03  -1.6809184677718087e+04   1.4610281432120813e+04  -1.8495295229025629e+04  -1.2298502955679398e+04
  -1.1403624512917152e+03   1.2584052238301094e+04   2.4509248612325802e+04  -4.6427080217352222e+03  -1.6812036834080569e+04   1.4608002533038605e+04  -1.8494203836716999e+04  -1.2296052379640762e+04
  -1.1426457930674142e+03   1.2582429687931184e+04   2.4507794532106545e+04  -4.6464379154771977e+03  -1.6814888637978289e+04   1.4605723327578691e+04  -1.8493112030766508e+04  -1.2293601541205086e+04
  -1.1449291116285672e+03   1.2580806870705112e+04   2.4506339939188678e+04  -4.6501677133173771e+03  -1.6817740090140574e+04   1.4603443815194509e+04  -1.8492019811516078e+04  -1.2291150439672667e+04
  -1.1472124058128811e+03   1.2579183787690181e+04   2.4504884833994016e+04  -4.6538974145052380e+03  -1.6820591190111634e+04   1.4601163996229257e+04  -1.8490927178828038e+04  -1.2288699075471639e+04
  -1.1494956744589988e+03   1.2577560439953408e+04   2.4503429216944507e+04  -4.6576270182908365e+03  -1.6823441937436295e+04   1.4598883871026539e+04  -1.8489834132565473e+04  -1.2286247449030441e+04
