  -3.3041162447834308e+03
  -3.2977363429681623e+03
  -3.2913525859000001e+03
  -3.2849649818165453e+03
  -3.2785735389924162e+03
  -3.2721782657114873e+03
  -3.2657791702576324e+03
  -3.2593762609147252e+03
  -3.2529695459666400e+03
  -3.2465590336972514e+03
  -3.2401447323904322e+03
  -3.2337266503300571e+03
  -3.2273047957999997e+03
  -3.2208791770908156e+03
  -3.2144498025197818e+03
  -3.2080166804108580e+03
  -3.2015798190880028e+03
  -3.1951392268751742e+03
  -3.1886949120963322e+03
  -3.1822468830754347e+03
  -3.1757951481364412e+03
  -3.1693397156033097e+03
  -3.1628805938000000e+03
  -3.1564177910574922e+03
  -3.1499513157348551e+03
  -3.1434811761981800e+03
  -3.1370073808135567e+03
  -3.1305299379470766e+03
  -3.1240488559648311e+03
  -3.1175641432329094e+03
