   1.5226868071376592e+02
   1.5125532688216418e+02
   1.5024178338401853e+02
   1.4922805148990011e+02
   1.4821413247311179e+02
   1.4720002760763933e+02
   1.4618573816746851e+02
   1.4517126542658505e+02
   1.4415661065897470e+02
   1.4314177513862325e+02
   1.4212676013951648e+02
   1.4111156693564004e+02
   1.4009619680097975e+02
   1.3908065100939297e+02
   1.3806493083422319e+02
   1.3704903754868565e+02
   1.3603297242599550e+02
   1.3501673673936781e+02
   1.3400033176201788e+02
   1.3298375876716077e+02
   1.3196701902801166e+02
   1.3095011381778568e+02
   1.2993304440969803e+02
   1.2891581207772421e+02
   1.2789841809888119e+02
   1.2688086375094638e+02
   1.2586315031169707e+02
   1.2484527905891065e+02
   1.2382725127036444e+02
   1.2280906822383584e+02
