  -1.0587837950709116e+04  -6.6439273452315001e+03  -6.2641231576095597e+03  -2.1901877193246946e+04  -1.8907354472761548e+04  -2.1347929211042039e+04  -1.8073762062870934e+04  -2.2011530419697086e+04
  -1.0590672880231401e+04  -6.6409224152518545e+03  -6.2671034643921193e+03  -2.1901675352989823e+04  -1.8905691721316434e+04  -2.1348530181599246e+04  -1.8075471135004678e+04  -2.2011787873576402e+04
  -1.0593507584216097e+04  -6.6379173449378204e+03  -6.2700836401421366e+03  -2.1901473057454969e+04  -1.8904028573909924e+04  -2.1349130703931722e+04  -1.8077179802989347e+04  -2.2012044856967404e+04
  -1.0596342062603017e+04  -6.6349121343531606e+03  -6.2730636847973083e+03  -2.1901270306645387e+04  -1.8902365030575736e+04  -2.1349730778025147e+04  -1.8078888066784613e+04  -2.2012301369864330e+04
  -1.0599176315332015e+04  -6.6319067835616643e+03  -6.2760435982953286e+03  -2.1901067100564091e+04  -1.8900701091347568e+04  -2.1350330403865173e+04  -1.8080595926350175e+04  -2.2012557412261445e+04
  -1.0602010342342917e+04  -6.6289012926271043e+03  -6.2790233805739099e+03  -2.1900863439214132e+04  -1.8899036756259149e+04  -2.1350929581437449e+04  -1.8082303381645699e+04  -2.2012812984152981e+04
  -1.0604844143575576e+04  -6.6258956616132627e+03  -6.2820030315707545e+03  -2.1900659322598534e+04  -1.8897372025344215e+04  -2.1351528310727677e+04  -1.8084010432630901e+04  -2.2013068085533218e+04
  -1.0607677718969835e+04  -6.6228898905839187e+03  -6.2849825512235657e+03  -2.1900454750720382e+04  -1.8895706898636490e+04  -2.1352126591721528e+04  -1.8085717079265480e+04  -2.2013322716396451e+04
  -1.0610511068465576e+04  -6.6198839796028606e+03  -6.2879619394700594e+03  -2.1900249723582692e+04  -1.8894041376169764e+04  -2.1352724424404696e+04  -1.8087423321509152e+04  -2.2013576876736919e+04
  -1.0613344192002623e+04  -6.6168779287338757e+03  -6.2909411962479498e+03  -2.1900044241188560e+04  -1.8892375457977741e+04  -2.1353321808762892e+04  -1.8089129159321648e+04  -2.2013830566548964e+04
  -1.0616177089520874e+04  -6.6138717380407579e+03  -6.2939203214949457e+03  -2.1899838303541070e+04  -1.8890709144094220e+04  -2.1353918744781833e+04  -1.8090834592662690e+04  -2.2014083785826875e+04
  -1.0619009760960174e+04  -6.6108654075873001e+03  -6.2968993151487739e+03  -2.1899631910643311e+04  -1.8889042434552968e+04  -2.1354515232447247e+04  -1.8092539621492066e+04  -2.2014336534564980e+04
  -1.0621842206260422e+04  -6.6078589374373014e+03  -6.2998781771471513e+03  -2.1899425062498351e+04  -1.8887375329387756e+04  -2.1355111271744849e+04  -1.8094244245769474e+04  -2.2014588812757582e+04
  -1.0624674425361485e+04  -6.6048523276545593e+03  -6.3028569074278012e+03  -2.1899217759109328e+04  -1.8885707828632378e+04  -2.1355706862660394e+04  -1.8095948465454723e+04  -2.2014840620399056e+04
  -1.0627506418203246e+04  -6.6018455783028730e+03  -6.3058355059284540e+03  -2.1899010000479357e+04  -1.8884039932320640e+04  -2.1356302005179612e+04  -1.8097652280507558e+04  -2.2015091957483699e+04
  -1.0630338184725608e+04  -6.5988386894460500e+03  -6.3088139725868405e+03  -2.1898801786611548e+04  -1.8882371640486333e+04  -2.1356896699288325e+04  -1.8099355690887762e+04  -2.2015342824005918e+04
  -1.0633169724868456e+04  -6.5958316611479013e+03  -6.3117923073406864e+03  -2.1898593117509045e+04  -1.8880702953163276e+04  -2.1357490944972240e+04  -1.8101058696555127e+04  -2.2015593219960050e+04
  -1.0636001038571687e+04  -6.5928244934722306e+03  -6.3147705101277352e+03  -2.1898383993174994e+04  -1.8879033870385316e+04  -2.1358084742217125e+04  -1.8102761297469464e+04  -2.2015843145340488e+04
  -1.0638832125775225e+04  -6.5898171864828537e+03  -6.3177485808857164e+03  -2.1898174413612542e+04  -1.8877364392186253e+04  -2.1358678091008820e+04  -1.8104463493590578e+04  -2.2016092600141612e+04
  -1.0641662986418964e+04  -6.5868097402435887e+03  -6.3207265195523769e+03  -2.1897964378824854e+04  -1.8875694518599954e+04  -2.1359270991333102e+04  -1.8106165284878280e+04  -2.2016341584357837e+04
  -1.0644493620442820e+04  -6.5838021548182496e+03  -6.3237043260654618e+03  -2.1897753888815110e+04  -1.8874024249660262e+04  -2.1359863443175749e+04  -1.8107866671292391e+04  -2.2016590097983539e+04
  -1.0647324027786721e+04  -6.5807944302706601e+03  -6.3266820003627090e+03  -2.1897542943586483e+04  -1.8872353585400990e+04  -2.1360455446522636e+04  -1.8109567652792750e+04  -2.2016838141013173e+04
  -1.0650154208390582e+04  -6.5777865666646467e+03  -6.3296595423818699e+03  -2.1897331543142165e+04  -1.8870682525856060e+04  -2.1361047001359526e+04  -1.8111268229339210e+04  -2.2017085713441131e+04
  -1.0652984162194345e+04  -6.5747785640640250e+03  -6.3326369520606986e+03  -2.1897119687485352e+04  -1.8869011071059329e+04  -2.1361638107672290e+04  -1.8112968400891619e+04  -2.2017332815261885e+04
  -1.0655813889137935e+04  -6.5717704225326361e+03  -6.3356142293369494e+03  -2.1896907376619256e+04  -1.8867339221044662e+04  -2.1362228765446740e+04  -1.8114668167409844e+04  -2.2017579446469859e+04
  -1.0658643389161303e+04  -6.5687621421343038e+03  -6.3385913741483746e+03  -2.1896694610547103e+04  -1.8865666975845976e+04  -2.1362818974668768e+04  -1.8116367528853749e+04  -2.2017825607059520e+04
  -1.0661472662204367e+04  -6.5657537229328664e+03  -6.3415683864327375e+03  -2.1896481389272096e+04  -1.8863994335497140e+04  -2.1363408735324203e+04  -1.8118066485183223e+04  -2.2018071297025333e+04
  -1.0664301708207118e+04  -6.5627451649921577e+03  -6.3445452661277977e+03  -2.1896267712797515e+04  -1.8862321300032079e+04  -2.1363998047398931e+04  -1.8119765036358152e+04  -2.2018316516361785e+04
  -1.0667130527109475e+04  -6.5597364683760206e+03  -6.3475220131713249e+03  -2.1896053581126562e+04  -1.8860647869484699e+04  -2.1364586910878832e+04  -1.8121463182338426e+04  -2.2018561265063356e+04
  -1.0669959118851411e+04  -6.5567276331482990e+03  -6.3504986275010833e+03  -2.1895838994262522e+04  -1.8858974043888942e+04  -2.1365175325749780e+04  -1.8123160923083979e+04  -2.2018805543124552e+04
