  -1.0537673094301545e+04  -6.5977256652900569e+03  -6.2468729230647086e+03  -2.1871496028520767e+04  -1.8889278714944765e+04  -2.1334864248400107e+04  -1.8066168275283144e+04  -2.2028097623543697e+04
  -1.0540510732306851e+04  -6.5947169862059345e+03  -6.2498491572268749e+03  -2.1871295999842023e+04  -1.8887620007077090e+04  -2.1335458894020310e+04  -1.8067884316282962e+04  -2.2028361287021351e+04
  -1.0543348145842077e+04  -6.5917081677624601e+03  -6.2528252607147451e+03  -2.1871095516516343e+04  -1.8885960903627078e+04  -2.1336053091688700e+04  -1.8069599953304889e+04  -2.2028624479657796e+04
  -1.0546185334846883e+04  -6.5886992100246744e+03  -6.2558012334684227e+03  -2.1870894578546278e+04  -1.8884301404626785e+04  -2.1336646841392470e+04  -1.8071315186306685e+04  -2.2028887201445970e+04
  -1.0549022299260971e+04  -6.5856901130576416e+03  -6.2587770754280036e+03  -2.1870693185934379e+04  -1.8882641510108238e+04  -2.1337240143118786e+04  -1.8073030015246150e+04  -2.2029149452378842e+04
  -1.0551859039024292e+04  -6.5826808769228110e+03  -6.2617527865266475e+03  -2.1870491338684507e+04  -1.8880981220108250e+04  -2.1337832996850673e+04  -1.8074744440086288e+04  -2.2029411232452840e+04
  -1.0554695554076548e+04  -6.5796715016852440e+03  -6.2647283667044603e+03  -2.1870289036799230e+04  -1.8879320534658877e+04  -2.1338425402575340e+04  -1.8076458460784914e+04  -2.2029672541660941e+04
  -1.0557531844357434e+04  -6.5766619874099933e+03  -6.2677038159015483e+03  -2.1870086280281168e+04  -1.8877659453792196e+04  -2.1339017360279980e+04  -1.8078172077299827e+04  -2.2029933379996146e+04
  -1.0560367909806955e+04  -6.5736523341585289e+03  -6.2706791340510745e+03  -2.1869883069134146e+04  -1.8875997977545059e+04  -2.1339608869947650e+04  -1.8079885289594076e+04  -2.2030193747454901e+04
  -1.0563203750364788e+04  -6.5706425419959151e+03  -6.2736543210931623e+03  -2.1869679403360813e+04  -1.8874336105949529e+04  -2.1340199931565585e+04  -1.8081598097625498e+04  -2.2030453644030236e+04
  -1.0566039365970671e+04  -6.5676326109872189e+03  -6.2766293769679169e+03  -2.1869475282963784e+04  -1.8872673839037725e+04  -2.1340790545121021e+04  -1.8083310501351913e+04  -2.2030713069715141e+04
  -1.0568874756564584e+04  -6.5646225411939131e+03  -6.2796043016085177e+03  -2.1869270707946958e+04  -1.8871011176846485e+04  -2.1341380710597041e+04  -1.8085022500736439e+04  -2.2030972024506151e+04
  -1.0571709922086269e+04  -6.5616123326810730e+03  -6.2825790949550828e+03  -2.1869065678312949e+04  -1.8869348119407929e+04  -2.1341970427980890e+04  -1.8086734095736876e+04  -2.2031230508396267e+04
  -1.0574544862475443e+04  -6.5586019855137720e+03  -6.2855537569477392e+03  -2.1868860194064437e+04  -1.8867684666754187e+04  -2.1342559697259829e+04  -1.8088445286311144e+04  -2.2031488521378575e+04
  -1.0577379577672116e+04  -6.5555914997534901e+03  -6.2885282875196654e+03  -2.1868654255205332e+04  -1.8866020818922134e+04  -2.1343148518416965e+04  -1.8090156072422302e+04  -2.2031746063449547e+04
  -1.0580214067616040e+04  -6.5525808754653062e+03  -6.2915026866109947e+03  -2.1868447861738310e+04  -1.8864356575943897e+04  -2.1343736891439628e+04  -1.8091866454028248e+04  -2.2032003134602313e+04
  -1.0583048332246946e+04  -6.5495701127143129e+03  -6.2944769541618589e+03  -2.1868241013666026e+04  -1.8862691937851640e+04  -2.1344324816315049e+04  -1.8093576431086873e+04  -2.2032259734829902e+04
  -1.0585882371504860e+04  -6.5465592115619902e+03  -6.2974510901054482e+03  -2.1868033710992462e+04  -1.8861026904682280e+04  -2.1344912293026362e+04  -1.8095286003561319e+04  -2.2032515864128909e+04
  -1.0588716185329458e+04  -6.5435481720746266e+03  -6.3004250943842108e+03  -2.1867825953719865e+04  -1.8859361476466376e+04  -2.1345499321562304e+04  -1.8096995171407751e+04  -2.2032771522491257e+04
  -1.0591549773660765e+04  -6.5405369943137221e+03  -6.3033989669313460e+03  -2.1867617741852224e+04  -1.8857695653240866e+04  -2.1346085901906026e+04  -1.8098703934589306e+04  -2.2033026709913538e+04
  -1.0594383136438444e+04  -6.5375256783455661e+03  -6.3063727076893192e+03  -2.1867409075391821e+04  -1.8856029435036355e+04  -2.1346672034046194e+04  -1.8100412293062174e+04  -2.2033281426387686e+04
  -1.0597216273602560e+04  -6.5345142242316588e+03  -6.3093463165913154e+03  -2.1867199954342657e+04  -1.8854362821889736e+04  -2.1347257717966062e+04  -1.8102120246789516e+04  -2.2033535671910340e+04
  -1.0600049185092872e+04  -6.5315026320371026e+03  -6.3123197935774888e+03  -2.1866990378707455e+04  -1.8852695813833252e+04  -2.1347842953652911e+04  -1.8103827795729285e+04  -2.2033789446474602e+04
  -1.0602881870849165e+04  -6.5284909018269900e+03  -6.3152931385879965e+03  -2.1866780348488941e+04  -1.8851028410899107e+04  -2.1348427741094114e+04  -1.8105534939839443e+04  -2.2034042750073644e+04
  -1.0605714330811501e+04  -6.5254790336628412e+03  -6.3182663515560453e+03  -2.1866569863691155e+04  -1.8849360613124252e+04  -2.1349012080272867e+04  -1.8107241679083174e+04  -2.2034295582704079e+04
  -1.0608546564919672e+04  -6.5224670276097559e+03  -6.3212394324217876e+03  -2.1866358924316861e+04  -1.8847692420540923e+04  -2.1349595971176572e+04  -1.8108948013418452e+04  -2.2034547944359096e+04
  -1.0611378573113439e+04  -6.5194548837328448e+03  -6.3242123811253878e+03  -2.1866147530368791e+04  -1.8846023833181334e+04  -2.1350179413792575e+04  -1.8110653942803267e+04  -2.2034799835031845e+04
  -1.0614210355332929e+04  -6.5164426020936262e+03  -6.3271851976000580e+03  -2.1865935681851050e+04  -1.8844354851082480e+04  -2.1350762408104132e+04  -1.8112359467200837e+04  -2.2035051254719012e+04
  -1.0617041911517908e+04  -6.5134301827572144e+03  -6.3301578817859681e+03  -2.1865723378766364e+04  -1.8842685474276615e+04  -2.1351344954098633e+04  -1.8114064586569148e+04  -2.2035302203413787e+04
  -1.0619873241608186e+04  -6.5104176257887248e+03  -6.3331304336232834e+03  -2.1865510621117563e+04  -1.8841015702796001e+04  -2.1351927051763472e+04  -1.8115769300866246e+04  -2.2035552681109373e+04
