  -5.9167103842821080e+03
  -5.9204837630081511e+03
  -5.9242496992792248e+03
  -5.9280081883756520e+03
  -5.9317592256565722e+03
  -5.9355028065008264e+03
  -5.9392389262872566e+03
  -5.9429675803947048e+03
  -5.9466887642020138e+03
  -5.9504024730880246e+03
  -5.9541087024315802e+03
  -5.9578074476115207e+03
  -5.9614987040066908e+03
  -5.9651824670105098e+03
  -5.9688587320747210e+03
  -5.9725274946656418e+03
  -5.9761887502495956e+03
  -5.9798424942929005e+03
  -5.9834887222618800e+03
  -5.9871274296228512e+03
  -5.9907586118421368e+03
  -5.9943822643860567e+03
  -5.9979983827209326e+03
  -6.0016069623290568e+03
  -6.0052079987566194e+03
  -6.0088014875657827e+03
  -6.0123874243187101e+03
  -6.0159658045775650e+03
  -6.0195366239045088e+03
  -6.0230998778617050e+03
