  -5.9236648393924506e+03
  -5.9274246973731424e+03
  -5.9311771042000000e+03
  -5.9349220551703229e+03
  -5.9386595456603154e+03
  -5.9423895710659081e+03
  -5.9461121267830313e+03
  -5.9498272082076146e+03
  -5.9535348107355885e+03
  -5.9572349297628843e+03
  -5.9609275606854308e+03
  -5.9646126988991591e+03
  -5.9682903397999999e+03
  -5.9719604787984790e+03
  -5.9756231113635040e+03
  -5.9792782329785823e+03
  -5.9829258391272178e+03
  -5.9865659252929136e+03
  -5.9901984869591779e+03
  -5.9938235196095129e+03
  -5.9974410187274252e+03
  -6.0010509797964187e+03
  -6.0046533982999999e+03
  -6.0082482697376618e+03
  -6.0118355896728663e+03
  -6.0154153536850627e+03
  -6.0189875573536992e+03
  -6.0225521962582279e+03
  -6.0261092659780988e+03
  -6.0296587620927621e+03
